G3dErrFileVersion 2025R1
FlagFileMetaData Begin
   Mesh Size - Setup1, Refinement, Pass #1, Freq. 1.000000e+10 :Title    
   Listing of mesh elements with poor quality. :ToolTip  
   hf3d :Author   
   1779612946 :TimeStamp
   mm :UnitName 
   1.0000000000000000e-03 :UnitConv
FlagFileMetaData End
BEGIN_ERR 
26 Small mesh segment detected on body : Substrate
 Small mesh segment detected on body : Substrate 
 Segment Statistics - Number of Segments : 1 --- Segment length(s) : 0.937500mm. The cutoff frequency for S-Matrix Only Solve is 18.142850278383MHz 
4 -1  8  76  112  # nfids, fids[]
2 6  -1  # nbids, bids[]
      5 6 1 0 #ntets ntri ned npts
           7.5000000000000000e+00   4.6875000000000000e+00   1.9050000000000000e-01 #xyz tv0
           6.5625000000000000e+00   4.6875000000000000e+00   0.0000000000000000e+00 #xyz tv1
           7.5000000000000000e+00   3.7500000000000000e+00   0.0000000000000000e+00 #xyz tv2
           7.5000000000000000e+00   4.6875000000000000e+00   0.0000000000000000e+00 -1 6 #xyz tv3 fid bid
           7.5000000000000000e+00   4.6875000000000000e+00   0.0000000000000000e+00 #xyz tv0
           8.2500000000000000e+00   4.2797987115034708e+00  -2.1585407877450580e+00 #xyz tv1
           6.5625000000000000e+00   4.6875000000000000e+00   0.0000000000000000e+00 #xyz tv2
           7.5000000000000000e+00   3.7500000000000000e+00   0.0000000000000000e+00 -1 6 #xyz tv3 fid bid
           7.5000000000000000e+00   4.6875000000000000e+00   1.9050000000000000e-01 #xyz tv0
           6.5625000000000000e+00   4.6875000000000000e+00   0.0000000000000000e+00 #xyz tv1
           7.5000000000000000e+00   4.6875000000000000e+00   0.0000000000000000e+00 #xyz tv2
           7.5000000000000000e+00   5.6250000000000000e+00   0.0000000000000000e+00 -1 6 #xyz tv3 fid bid
           5.8387351832902716e+00   5.8988242269927547e+00  -1.9178617277104046e+00 #xyz tv0
           6.5625000000000000e+00   4.6875000000000000e+00   0.0000000000000000e+00 #xyz tv1
           7.5000000000000000e+00   4.6875000000000000e+00   0.0000000000000000e+00 #xyz tv2
           8.2500000000000000e+00   4.2797987115034708e+00  -2.1585407877450580e+00 -1 6 #xyz tv3 fid bid
           5.8387351832902716e+00   5.8988242269927547e+00  -1.9178617277104046e+00 #xyz tv0
           7.5000000000000000e+00   4.6875000000000000e+00   0.0000000000000000e+00 #xyz tv1
           6.5625000000000000e+00   4.6875000000000000e+00   0.0000000000000000e+00 #xyz tv2
           7.5000000000000000e+00   5.6250000000000000e+00   0.0000000000000000e+00 -1 6 #xyz tv3 fid bid
           7.5000000000000000e+00   5.6250000000000000e+00   0.0000000000000000e+00 #xyz tv0
           7.5000000000000000e+00   4.6875000000000000e+00   0.0000000000000000e+00 #xyz tv1
           6.5625000000000000e+00   4.6875000000000000e+00   0.0000000000000000e+00 8 -1 #xyz tv2 fid bid
           7.5000000000000000e+00   5.6250000000000000e+00   0.0000000000000000e+00 #xyz tv0
           7.5000000000000000e+00   4.6875000000000000e+00   0.0000000000000000e+00 #xyz tv1
           6.5625000000000000e+00   4.6875000000000000e+00   0.0000000000000000e+00 76 -1 #xyz tv2 fid bid
           7.5000000000000000e+00   5.6250000000000000e+00   0.0000000000000000e+00 #xyz tv0
           7.5000000000000000e+00   4.6875000000000000e+00   0.0000000000000000e+00 #xyz tv1
           6.5625000000000000e+00   4.6875000000000000e+00   0.0000000000000000e+00 112 -1 #xyz tv2 fid bid
           7.5000000000000000e+00   4.6875000000000000e+00   0.0000000000000000e+00 #xyz tv0
           7.5000000000000000e+00   3.7500000000000000e+00   0.0000000000000000e+00 #xyz tv1
           6.5625000000000000e+00   4.6875000000000000e+00   0.0000000000000000e+00 8 -1 #xyz tv2 fid bid
           7.5000000000000000e+00   4.6875000000000000e+00   0.0000000000000000e+00 #xyz tv0
           7.5000000000000000e+00   3.7500000000000000e+00   0.0000000000000000e+00 #xyz tv1
           6.5625000000000000e+00   4.6875000000000000e+00   0.0000000000000000e+00 76 -1 #xyz tv2 fid bid
           7.5000000000000000e+00   4.6875000000000000e+00   0.0000000000000000e+00 #xyz tv0
           7.5000000000000000e+00   3.7500000000000000e+00   0.0000000000000000e+00 #xyz tv1
           6.5625000000000000e+00   4.6875000000000000e+00   0.0000000000000000e+00 112 -1 #xyz tv2 fid bid
           7.5000000000000000e+00   4.6875000000000000e+00   0.0000000000000000e+00 #xyz ev0
           6.5625000000000000e+00   4.6875000000000000e+00   0.0000000000000000e+00 -1 6 #xyz ev1 fid bid
   0   0.000000000000e+00   0.000000000000e+00   0.000000000000e+00 #flag location
END_ERR 
BEGIN_ERR 
26 Small mesh segment detected on body : Substrate
 Small mesh segment detected on body : Substrate 
 Segment Statistics - Number of Segments : 1 --- Segment length(s) : 0.937500mm. The cutoff frequency for S-Matrix Only Solve is 18.142850278383MHz 
4 -1  8  76  112  # nfids, fids[]
2 6  -1  # nbids, bids[]
      6 6 1 0 #ntets ntri ned npts
          -7.0806798418596362e+00   4.3472461067472743e+00   2.9158506883496127e-01 #xyz tv0
          -6.5625000000000000e+00   3.7500000000000000e+00   0.0000000000000000e+00 #xyz tv1
          -7.5000000000000000e+00   3.7500000000000000e+00   0.0000000000000000e+00 #xyz tv2
          -7.5000000000000000e+00   3.7500000000000000e+00   3.8100000000000001e-01 -1 6 #xyz tv3 fid bid
          -7.0650068600932538e+00   3.2616186315375710e+00   2.3408549217907210e-01 #xyz tv0
          -7.5000000000000000e+00   3.7500000000000000e+00   0.0000000000000000e+00 #xyz tv1
          -6.5625000000000000e+00   3.7500000000000000e+00   0.0000000000000000e+00 #xyz tv2
          -7.5000000000000000e+00   3.7500000000000000e+00   3.8100000000000001e-01 -1 6 #xyz tv3 fid bid
          -7.0806798418596362e+00   4.3472461067472743e+00   2.9158506883496127e-01 #xyz tv0
          -7.5000000000000000e+00   3.7500000000000000e+00   0.0000000000000000e+00 #xyz tv1
          -6.5625000000000000e+00   3.7500000000000000e+00   0.0000000000000000e+00 #xyz tv2
          -6.5625000000000000e+00   4.6875000000000000e+00   0.0000000000000000e+00 -1 6 #xyz tv3 fid bid
          -6.5625000000000000e+00   4.6875000000000000e+00   0.0000000000000000e+00 #xyz tv0
          -6.2484871172485885e+00   4.0706344210863108e+00  -2.5400672199260077e+00 #xyz tv1
          -7.5000000000000000e+00   3.7500000000000000e+00   0.0000000000000000e+00 #xyz tv2
          -6.5625000000000000e+00   3.7500000000000000e+00   0.0000000000000000e+00 -1 6 #xyz tv3 fid bid
          -7.0650068600932538e+00   3.2616186315375710e+00   2.3408549217907210e-01 #xyz tv0
          -6.5625000000000000e+00   3.7500000000000000e+00   0.0000000000000000e+00 #xyz tv1
          -7.5000000000000000e+00   3.7500000000000000e+00   0.0000000000000000e+00 #xyz tv2
          -6.5625000000000000e+00   2.8125000000000000e+00   0.0000000000000000e+00 -1 6 #xyz tv3 fid bid
          -6.2484871172485885e+00   4.0706344210863108e+00  -2.5400672199260077e+00 #xyz tv0
          -6.5625000000000000e+00   2.8125000000000000e+00   0.0000000000000000e+00 #xyz tv1
          -7.5000000000000000e+00   3.7500000000000000e+00   0.0000000000000000e+00 #xyz tv2
          -6.5625000000000000e+00   3.7500000000000000e+00   0.0000000000000000e+00 -1 6 #xyz tv3 fid bid
          -7.5000000000000000e+00   3.7500000000000000e+00   0.0000000000000000e+00 #xyz tv0
          -6.5625000000000000e+00   3.7500000000000000e+00   0.0000000000000000e+00 #xyz tv1
          -6.5625000000000000e+00   2.8125000000000000e+00   0.0000000000000000e+00 8 -1 #xyz tv2 fid bid
          -7.5000000000000000e+00   3.7500000000000000e+00   0.0000000000000000e+00 #xyz tv0
          -6.5625000000000000e+00   3.7500000000000000e+00   0.0000000000000000e+00 #xyz tv1
          -6.5625000000000000e+00   2.8125000000000000e+00   0.0000000000000000e+00 76 -1 #xyz tv2 fid bid
          -7.5000000000000000e+00   3.7500000000000000e+00   0.0000000000000000e+00 #xyz tv0
          -6.5625000000000000e+00   3.7500000000000000e+00   0.0000000000000000e+00 #xyz tv1
          -6.5625000000000000e+00   2.8125000000000000e+00   0.0000000000000000e+00 112 -1 #xyz tv2 fid bid
          -6.5625000000000000e+00   3.7500000000000000e+00   0.0000000000000000e+00 #xyz tv0
          -7.5000000000000000e+00   3.7500000000000000e+00   0.0000000000000000e+00 #xyz tv1
          -6.5625000000000000e+00   4.6875000000000000e+00   0.0000000000000000e+00 8 -1 #xyz tv2 fid bid
          -6.5625000000000000e+00   3.7500000000000000e+00   0.0000000000000000e+00 #xyz tv0
          -7.5000000000000000e+00   3.7500000000000000e+00   0.0000000000000000e+00 #xyz tv1
          -6.5625000000000000e+00   4.6875000000000000e+00   0.0000000000000000e+00 76 -1 #xyz tv2 fid bid
          -6.5625000000000000e+00   3.7500000000000000e+00   0.0000000000000000e+00 #xyz tv0
          -7.5000000000000000e+00   3.7500000000000000e+00   0.0000000000000000e+00 #xyz tv1
          -6.5625000000000000e+00   4.6875000000000000e+00   0.0000000000000000e+00 112 -1 #xyz tv2 fid bid
          -7.5000000000000000e+00   3.7500000000000000e+00   0.0000000000000000e+00 #xyz ev0
          -6.5625000000000000e+00   3.7500000000000000e+00   0.0000000000000000e+00 -1 6 #xyz ev1 fid bid
   0   0.000000000000e+00   0.000000000000e+00   0.000000000000e+00 #flag location
END_ERR 
G3dErrFileVersion 2025R1
FlagFileMetaData Begin
   Mesh Size - Setup1, Refinement, Pass #2, Freq. 1.000000e+10 :Title    
   Listing of mesh elements with poor quality. :ToolTip  
   hf3d :Author   
   1779612951 :TimeStamp
   mm :UnitName 
   1.0000000000000000e-03 :UnitConv
FlagFileMetaData End
BEGIN_ERR 
26 Small mesh segment detected on body : Substrate
 Small mesh segment detected on body : Substrate 
 Segment Statistics - Number of Segments : 1 --- Segment length(s) : 0.937500mm. The cutoff frequency for S-Matrix Only Solve is 18.142850278383MHz 
4 -1  8  76  112  # nfids, fids[]
2 6  -1  # nbids, bids[]
      5 6 1 0 #ntets ntri ned npts
           7.5000000000000000e+00   4.6875000000000000e+00   1.9050000000000000e-01 #xyz tv0
           6.5625000000000000e+00   4.6875000000000000e+00   0.0000000000000000e+00 #xyz tv1
           7.5000000000000000e+00   3.7500000000000000e+00   0.0000000000000000e+00 #xyz tv2
           7.5000000000000000e+00   4.6875000000000000e+00   0.0000000000000000e+00 -1 6 #xyz tv3 fid bid
           7.5000000000000000e+00   4.6875000000000000e+00   0.0000000000000000e+00 #xyz tv0
           8.2500000000000000e+00   4.2797987115034708e+00  -2.1585407877450580e+00 #xyz tv1
           6.5625000000000000e+00   4.6875000000000000e+00   0.0000000000000000e+00 #xyz tv2
           7.5000000000000000e+00   3.7500000000000000e+00   0.0000000000000000e+00 -1 6 #xyz tv3 fid bid
           7.5000000000000000e+00   4.6875000000000000e+00   1.9050000000000000e-01 #xyz tv0
           6.5625000000000000e+00   4.6875000000000000e+00   0.0000000000000000e+00 #xyz tv1
           7.5000000000000000e+00   4.6875000000000000e+00   0.0000000000000000e+00 #xyz tv2
           7.5000000000000000e+00   5.6250000000000000e+00   0.0000000000000000e+00 -1 6 #xyz tv3 fid bid
           5.8387351832902725e+00   5.8988242269927547e+00  -1.9178617277104046e+00 #xyz tv0
           6.5625000000000000e+00   4.6875000000000000e+00   0.0000000000000000e+00 #xyz tv1
           7.5000000000000000e+00   4.6875000000000000e+00   0.0000000000000000e+00 #xyz tv2
           8.2500000000000000e+00   4.2797987115034708e+00  -2.1585407877450580e+00 -1 6 #xyz tv3 fid bid
           5.8387351832902725e+00   5.8988242269927547e+00  -1.9178617277104046e+00 #xyz tv0
           7.5000000000000000e+00   4.6875000000000000e+00   0.0000000000000000e+00 #xyz tv1
           6.5625000000000000e+00   4.6875000000000000e+00   0.0000000000000000e+00 #xyz tv2
           7.5000000000000000e+00   5.6250000000000000e+00   0.0000000000000000e+00 -1 6 #xyz tv3 fid bid
           7.5000000000000000e+00   5.6250000000000000e+00   0.0000000000000000e+00 #xyz tv0
           7.5000000000000000e+00   4.6875000000000000e+00   0.0000000000000000e+00 #xyz tv1
           6.5625000000000000e+00   4.6875000000000000e+00   0.0000000000000000e+00 8 -1 #xyz tv2 fid bid
           7.5000000000000000e+00   5.6250000000000000e+00   0.0000000000000000e+00 #xyz tv0
           7.5000000000000000e+00   4.6875000000000000e+00   0.0000000000000000e+00 #xyz tv1
           6.5625000000000000e+00   4.6875000000000000e+00   0.0000000000000000e+00 76 -1 #xyz tv2 fid bid
           7.5000000000000000e+00   5.6250000000000000e+00   0.0000000000000000e+00 #xyz tv0
           7.5000000000000000e+00   4.6875000000000000e+00   0.0000000000000000e+00 #xyz tv1
           6.5625000000000000e+00   4.6875000000000000e+00   0.0000000000000000e+00 112 -1 #xyz tv2 fid bid
           7.5000000000000000e+00   4.6875000000000000e+00   0.0000000000000000e+00 #xyz tv0
           7.5000000000000000e+00   3.7500000000000000e+00   0.0000000000000000e+00 #xyz tv1
           6.5625000000000000e+00   4.6875000000000000e+00   0.0000000000000000e+00 8 -1 #xyz tv2 fid bid
           7.5000000000000000e+00   4.6875000000000000e+00   0.0000000000000000e+00 #xyz tv0
           7.5000000000000000e+00   3.7500000000000000e+00   0.0000000000000000e+00 #xyz tv1
           6.5625000000000000e+00   4.6875000000000000e+00   0.0000000000000000e+00 76 -1 #xyz tv2 fid bid
           7.5000000000000000e+00   4.6875000000000000e+00   0.0000000000000000e+00 #xyz tv0
           7.5000000000000000e+00   3.7500000000000000e+00   0.0000000000000000e+00 #xyz tv1
           6.5625000000000000e+00   4.6875000000000000e+00   0.0000000000000000e+00 112 -1 #xyz tv2 fid bid
           7.5000000000000000e+00   4.6875000000000000e+00   0.0000000000000000e+00 #xyz ev0
           6.5625000000000000e+00   4.6875000000000000e+00   0.0000000000000000e+00 -1 6 #xyz ev1 fid bid
   0   0.000000000000e+00   0.000000000000e+00   0.000000000000e+00 #flag location
END_ERR 
BEGIN_ERR 
26 Small mesh segment detected on body : Substrate
 Small mesh segment detected on body : Substrate 
 Segment Statistics - Number of Segments : 1 --- Segment length(s) : 0.937500mm. The cutoff frequency for S-Matrix Only Solve is 18.142850278383MHz 
4 -1  8  76  112  # nfids, fids[]
2 6  -1  # nbids, bids[]
      6 6 1 0 #ntets ntri ned npts
          -7.0806798418596362e+00   4.3472461067472743e+00   2.9158506883496133e-01 #xyz tv0
          -6.5625000000000000e+00   3.7500000000000000e+00   0.0000000000000000e+00 #xyz tv1
          -7.5000000000000000e+00   3.7500000000000000e+00   0.0000000000000000e+00 #xyz tv2
          -7.5000000000000000e+00   3.7500000000000000e+00   3.8100000000000001e-01 -1 6 #xyz tv3 fid bid
          -7.0650068600932538e+00   3.2616186315375710e+00   2.3408549217907210e-01 #xyz tv0
          -7.5000000000000000e+00   3.7500000000000000e+00   0.0000000000000000e+00 #xyz tv1
          -6.5625000000000000e+00   3.7500000000000000e+00   0.0000000000000000e+00 #xyz tv2
          -7.5000000000000000e+00   3.7500000000000000e+00   3.8100000000000001e-01 -1 6 #xyz tv3 fid bid
          -7.0806798418596362e+00   4.3472461067472743e+00   2.9158506883496133e-01 #xyz tv0
          -7.5000000000000000e+00   3.7500000000000000e+00   0.0000000000000000e+00 #xyz tv1
          -6.5625000000000000e+00   3.7500000000000000e+00   0.0000000000000000e+00 #xyz tv2
          -6.5625000000000000e+00   4.6875000000000000e+00   0.0000000000000000e+00 -1 6 #xyz tv3 fid bid
          -6.5625000000000000e+00   4.6875000000000000e+00   0.0000000000000000e+00 #xyz tv0
          -6.2484871172485885e+00   4.0706344210863108e+00  -2.5400672199260077e+00 #xyz tv1
          -7.5000000000000000e+00   3.7500000000000000e+00   0.0000000000000000e+00 #xyz tv2
          -6.5625000000000000e+00   3.7500000000000000e+00   0.0000000000000000e+00 -1 6 #xyz tv3 fid bid
          -7.0650068600932538e+00   3.2616186315375710e+00   2.3408549217907210e-01 #xyz tv0
          -6.5625000000000000e+00   3.7500000000000000e+00   0.0000000000000000e+00 #xyz tv1
          -7.5000000000000000e+00   3.7500000000000000e+00   0.0000000000000000e+00 #xyz tv2
          -6.5625000000000000e+00   2.8125000000000000e+00   0.0000000000000000e+00 -1 6 #xyz tv3 fid bid
          -6.2484871172485885e+00   4.0706344210863108e+00  -2.5400672199260077e+00 #xyz tv0
          -6.5625000000000000e+00   2.8125000000000000e+00   0.0000000000000000e+00 #xyz tv1
          -7.5000000000000000e+00   3.7500000000000000e+00   0.0000000000000000e+00 #xyz tv2
          -6.5625000000000000e+00   3.7500000000000000e+00   0.0000000000000000e+00 -1 6 #xyz tv3 fid bid
          -7.5000000000000000e+00   3.7500000000000000e+00   0.0000000000000000e+00 #xyz tv0
          -6.5625000000000000e+00   3.7500000000000000e+00   0.0000000000000000e+00 #xyz tv1
          -6.5625000000000000e+00   2.8125000000000000e+00   0.0000000000000000e+00 8 -1 #xyz tv2 fid bid
          -7.5000000000000000e+00   3.7500000000000000e+00   0.0000000000000000e+00 #xyz tv0
          -6.5625000000000000e+00   3.7500000000000000e+00   0.0000000000000000e+00 #xyz tv1
          -6.5625000000000000e+00   2.8125000000000000e+00   0.0000000000000000e+00 76 -1 #xyz tv2 fid bid
          -7.5000000000000000e+00   3.7500000000000000e+00   0.0000000000000000e+00 #xyz tv0
          -6.5625000000000000e+00   3.7500000000000000e+00   0.0000000000000000e+00 #xyz tv1
          -6.5625000000000000e+00   2.8125000000000000e+00   0.0000000000000000e+00 112 -1 #xyz tv2 fid bid
          -6.5625000000000000e+00   3.7500000000000000e+00   0.0000000000000000e+00 #xyz tv0
          -7.5000000000000000e+00   3.7500000000000000e+00   0.0000000000000000e+00 #xyz tv1
          -6.5625000000000000e+00   4.6875000000000000e+00   0.0000000000000000e+00 8 -1 #xyz tv2 fid bid
          -6.5625000000000000e+00   3.7500000000000000e+00   0.0000000000000000e+00 #xyz tv0
          -7.5000000000000000e+00   3.7500000000000000e+00   0.0000000000000000e+00 #xyz tv1
          -6.5625000000000000e+00   4.6875000000000000e+00   0.0000000000000000e+00 76 -1 #xyz tv2 fid bid
          -6.5625000000000000e+00   3.7500000000000000e+00   0.0000000000000000e+00 #xyz tv0
          -7.5000000000000000e+00   3.7500000000000000e+00   0.0000000000000000e+00 #xyz tv1
          -6.5625000000000000e+00   4.6875000000000000e+00   0.0000000000000000e+00 112 -1 #xyz tv2 fid bid
          -7.5000000000000000e+00   3.7500000000000000e+00   0.0000000000000000e+00 #xyz ev0
          -6.5625000000000000e+00   3.7500000000000000e+00   0.0000000000000000e+00 -1 6 #xyz ev1 fid bid
   0   0.000000000000e+00   0.000000000000e+00   0.000000000000e+00 #flag location
END_ERR 
G3dErrFileVersion 2025R1
FlagFileMetaData Begin
   Mesh Size - Setup1, Refinement, Pass #3, Freq. 1.000000e+10 :Title    
   Listing of mesh elements with poor quality. :ToolTip  
   hf3d :Author   
   1779612958 :TimeStamp
   mm :UnitName 
   1.0000000000000000e-03 :UnitConv
FlagFileMetaData End
BEGIN_ERR 
26 Small mesh segment detected on body : Substrate
 Small mesh segment detected on body : Substrate 
 Segment Statistics - Number of Segments : 1 --- Segment length(s) : 0.937500mm. The cutoff frequency for S-Matrix Only Solve is 18.142850278383MHz 
4 -1  8  76  112  # nfids, fids[]
2 6  -1  # nbids, bids[]
      5 6 1 0 #ntets ntri ned npts
           7.5000000000000000e+00   4.6875000000000000e+00   1.9050000000000000e-01 #xyz tv0
           6.5625000000000000e+00   4.6875000000000000e+00   0.0000000000000000e+00 #xyz tv1
           7.5000000000000000e+00   3.7500000000000000e+00   0.0000000000000000e+00 #xyz tv2
           7.5000000000000000e+00   4.6875000000000000e+00   0.0000000000000000e+00 -1 6 #xyz tv3 fid bid
           7.5000000000000000e+00   4.6875000000000000e+00   0.0000000000000000e+00 #xyz tv0
           8.2500000000000000e+00   4.2797987115034708e+00  -2.1585407877450580e+00 #xyz tv1
           6.5625000000000000e+00   4.6875000000000000e+00   0.0000000000000000e+00 #xyz tv2
           7.5000000000000000e+00   3.7500000000000000e+00   0.0000000000000000e+00 -1 6 #xyz tv3 fid bid
           7.5000000000000000e+00   4.6875000000000000e+00   1.9050000000000000e-01 #xyz tv0
           6.5625000000000000e+00   4.6875000000000000e+00   0.0000000000000000e+00 #xyz tv1
           7.5000000000000000e+00   4.6875000000000000e+00   0.0000000000000000e+00 #xyz tv2
           7.5000000000000000e+00   5.6250000000000000e+00   0.0000000000000000e+00 -1 6 #xyz tv3 fid bid
           5.8387351832902734e+00   5.8988242269927547e+00  -1.9178617277104046e+00 #xyz tv0
           6.5625000000000000e+00   4.6875000000000000e+00   0.0000000000000000e+00 #xyz tv1
           7.5000000000000000e+00   4.6875000000000000e+00   0.0000000000000000e+00 #xyz tv2
           8.2500000000000000e+00   4.2797987115034708e+00  -2.1585407877450580e+00 -1 6 #xyz tv3 fid bid
           5.8387351832902734e+00   5.8988242269927547e+00  -1.9178617277104046e+00 #xyz tv0
           7.5000000000000000e+00   4.6875000000000000e+00   0.0000000000000000e+00 #xyz tv1
           6.5625000000000000e+00   4.6875000000000000e+00   0.0000000000000000e+00 #xyz tv2
           7.5000000000000000e+00   5.6250000000000000e+00   0.0000000000000000e+00 -1 6 #xyz tv3 fid bid
           7.5000000000000000e+00   5.6250000000000000e+00   0.0000000000000000e+00 #xyz tv0
           7.5000000000000000e+00   4.6875000000000000e+00   0.0000000000000000e+00 #xyz tv1
           6.5625000000000000e+00   4.6875000000000000e+00   0.0000000000000000e+00 8 -1 #xyz tv2 fid bid
           7.5000000000000000e+00   5.6250000000000000e+00   0.0000000000000000e+00 #xyz tv0
           7.5000000000000000e+00   4.6875000000000000e+00   0.0000000000000000e+00 #xyz tv1
           6.5625000000000000e+00   4.6875000000000000e+00   0.0000000000000000e+00 76 -1 #xyz tv2 fid bid
           7.5000000000000000e+00   5.6250000000000000e+00   0.0000000000000000e+00 #xyz tv0
           7.5000000000000000e+00   4.6875000000000000e+00   0.0000000000000000e+00 #xyz tv1
           6.5625000000000000e+00   4.6875000000000000e+00   0.0000000000000000e+00 112 -1 #xyz tv2 fid bid
           7.5000000000000000e+00   4.6875000000000000e+00   0.0000000000000000e+00 #xyz tv0
           7.5000000000000000e+00   3.7500000000000000e+00   0.0000000000000000e+00 #xyz tv1
           6.5625000000000000e+00   4.6875000000000000e+00   0.0000000000000000e+00 8 -1 #xyz tv2 fid bid
           7.5000000000000000e+00   4.6875000000000000e+00   0.0000000000000000e+00 #xyz tv0
           7.5000000000000000e+00   3.7500000000000000e+00   0.0000000000000000e+00 #xyz tv1
           6.5625000000000000e+00   4.6875000000000000e+00   0.0000000000000000e+00 76 -1 #xyz tv2 fid bid
           7.5000000000000000e+00   4.6875000000000000e+00   0.0000000000000000e+00 #xyz tv0
           7.5000000000000000e+00   3.7500000000000000e+00   0.0000000000000000e+00 #xyz tv1
           6.5625000000000000e+00   4.6875000000000000e+00   0.0000000000000000e+00 112 -1 #xyz tv2 fid bid
           7.5000000000000000e+00   4.6875000000000000e+00   0.0000000000000000e+00 #xyz ev0
           6.5625000000000000e+00   4.6875000000000000e+00   0.0000000000000000e+00 -1 6 #xyz ev1 fid bid
   0   0.000000000000e+00   0.000000000000e+00   0.000000000000e+00 #flag location
END_ERR 
BEGIN_ERR 
26 Small mesh segment detected on body : Substrate
 Small mesh segment detected on body : Substrate 
 Segment Statistics - Number of Segments : 1 --- Segment length(s) : 0.937500mm. The cutoff frequency for S-Matrix Only Solve is 18.142850278383MHz 
4 -1  8  76  112  # nfids, fids[]
2 6  -1  # nbids, bids[]
      6 6 1 0 #ntets ntri ned npts
          -7.0806798418596362e+00   4.3472461067472743e+00   2.9158506883496133e-01 #xyz tv0
          -6.5625000000000000e+00   3.7500000000000000e+00   0.0000000000000000e+00 #xyz tv1
          -7.5000000000000000e+00   3.7500000000000000e+00   0.0000000000000000e+00 #xyz tv2
          -7.5000000000000000e+00   3.7500000000000000e+00   3.8100000000000001e-01 -1 6 #xyz tv3 fid bid
          -7.0650068600932538e+00   3.2616186315375710e+00   2.3408549217907210e-01 #xyz tv0
          -7.5000000000000000e+00   3.7500000000000000e+00   0.0000000000000000e+00 #xyz tv1
          -6.5625000000000000e+00   3.7500000000000000e+00   0.0000000000000000e+00 #xyz tv2
          -7.5000000000000000e+00   3.7500000000000000e+00   3.8100000000000001e-01 -1 6 #xyz tv3 fid bid
          -7.0806798418596362e+00   4.3472461067472743e+00   2.9158506883496133e-01 #xyz tv0
          -7.5000000000000000e+00   3.7500000000000000e+00   0.0000000000000000e+00 #xyz tv1
          -6.5625000000000000e+00   3.7500000000000000e+00   0.0000000000000000e+00 #xyz tv2
          -6.5625000000000000e+00   4.6875000000000000e+00   0.0000000000000000e+00 -1 6 #xyz tv3 fid bid
          -6.5625000000000000e+00   4.6875000000000000e+00   0.0000000000000000e+00 #xyz tv0
          -6.2484871172485885e+00   4.0706344210863108e+00  -2.5400672199260077e+00 #xyz tv1
          -7.5000000000000000e+00   3.7500000000000000e+00   0.0000000000000000e+00 #xyz tv2
          -6.5625000000000000e+00   3.7500000000000000e+00   0.0000000000000000e+00 -1 6 #xyz tv3 fid bid
          -7.0650068600932538e+00   3.2616186315375710e+00   2.3408549217907210e-01 #xyz tv0
          -6.5625000000000000e+00   3.7500000000000000e+00   0.0000000000000000e+00 #xyz tv1
          -7.5000000000000000e+00   3.7500000000000000e+00   0.0000000000000000e+00 #xyz tv2
          -6.5625000000000000e+00   2.8125000000000000e+00   0.0000000000000000e+00 -1 6 #xyz tv3 fid bid
          -6.2484871172485885e+00   4.0706344210863108e+00  -2.5400672199260077e+00 #xyz tv0
          -6.5625000000000000e+00   2.8125000000000000e+00   0.0000000000000000e+00 #xyz tv1
          -7.5000000000000000e+00   3.7500000000000000e+00   0.0000000000000000e+00 #xyz tv2
          -6.5625000000000000e+00   3.7500000000000000e+00   0.0000000000000000e+00 -1 6 #xyz tv3 fid bid
          -7.5000000000000000e+00   3.7500000000000000e+00   0.0000000000000000e+00 #xyz tv0
          -6.5625000000000000e+00   3.7500000000000000e+00   0.0000000000000000e+00 #xyz tv1
          -6.5625000000000000e+00   2.8125000000000000e+00   0.0000000000000000e+00 8 -1 #xyz tv2 fid bid
          -7.5000000000000000e+00   3.7500000000000000e+00   0.0000000000000000e+00 #xyz tv0
          -6.5625000000000000e+00   3.7500000000000000e+00   0.0000000000000000e+00 #xyz tv1
          -6.5625000000000000e+00   2.8125000000000000e+00   0.0000000000000000e+00 76 -1 #xyz tv2 fid bid
          -7.5000000000000000e+00   3.7500000000000000e+00   0.0000000000000000e+00 #xyz tv0
          -6.5625000000000000e+00   3.7500000000000000e+00   0.0000000000000000e+00 #xyz tv1
          -6.5625000000000000e+00   2.8125000000000000e+00   0.0000000000000000e+00 112 -1 #xyz tv2 fid bid
          -6.5625000000000000e+00   3.7500000000000000e+00   0.0000000000000000e+00 #xyz tv0
          -7.5000000000000000e+00   3.7500000000000000e+00   0.0000000000000000e+00 #xyz tv1
          -6.5625000000000000e+00   4.6875000000000000e+00   0.0000000000000000e+00 8 -1 #xyz tv2 fid bid
          -6.5625000000000000e+00   3.7500000000000000e+00   0.0000000000000000e+00 #xyz tv0
          -7.5000000000000000e+00   3.7500000000000000e+00   0.0000000000000000e+00 #xyz tv1
          -6.5625000000000000e+00   4.6875000000000000e+00   0.0000000000000000e+00 76 -1 #xyz tv2 fid bid
          -6.5625000000000000e+00   3.7500000000000000e+00   0.0000000000000000e+00 #xyz tv0
          -7.5000000000000000e+00   3.7500000000000000e+00   0.0000000000000000e+00 #xyz tv1
          -6.5625000000000000e+00   4.6875000000000000e+00   0.0000000000000000e+00 112 -1 #xyz tv2 fid bid
          -7.5000000000000000e+00   3.7500000000000000e+00   0.0000000000000000e+00 #xyz ev0
          -6.5625000000000000e+00   3.7500000000000000e+00   0.0000000000000000e+00 -1 6 #xyz ev1 fid bid
   0   0.000000000000e+00   0.000000000000e+00   0.000000000000e+00 #flag location
END_ERR 
