G3dErrFileVersion 2025R1
FlagFileMetaData Begin
   Mesh Size - Setup1, Refinement, Pass #1, Freq. 1.100000e+10 :Title    
   Listing of mesh elements with poor quality. :ToolTip  
   hf3d :Author   
   1779015239 :TimeStamp
   mm :UnitName 
   1.0000000000000000e-03 :UnitConv
FlagFileMetaData End
BEGIN_ERR 
26 Small mesh segment detected on body : Substrate
 Small mesh segment detected on body : Substrate 
 Segment Statistics - Number of Segments : 1 --- Segment length(s) : 0.625000mm. The cutoff frequency for S-Matrix Only Solve is 18.142850278383MHz 
4 -1  8  76  112  # nfids, fids[]
2 6  -1  # nbids, bids[]
      4 6 1 0 #ntets ntri ned npts
           6.2500000000000000e-01   5.0000000000000000e+00   0.0000000000000000e+00 #xyz tv0
           6.2500000000000000e-01   4.3750000000000000e+00   0.0000000000000000e+00 #xyz tv1
           6.2500000000000000e-01   4.3750000000000000e+00   3.8100000000000001e-01 #xyz tv2
           1.2500000000000000e+00   5.0000000000000000e+00   0.0000000000000000e+00 -1 6 #xyz tv3 fid bid
           6.2500000000000000e-01   5.0000000000000000e+00   0.0000000000000000e+00 #xyz tv0
          -2.4941926197889038e-02   4.0992963485221301e+00  -1.0974227546961268e+00 #xyz tv1
           6.2500000000000000e-01   4.3750000000000000e+00   0.0000000000000000e+00 #xyz tv2
           1.2500000000000000e+00   5.0000000000000000e+00   0.0000000000000000e+00 -1 6 #xyz tv3 fid bid
           6.2500000000000000e-01   5.0000000000000000e+00   0.0000000000000000e+00 #xyz tv0
           6.2500000000000000e-01   4.3750000000000000e+00   3.8100000000000001e-01 #xyz tv1
           6.2500000000000000e-01   4.3750000000000000e+00   0.0000000000000000e+00 #xyz tv2
           0.0000000000000000e+00   5.0000000000000000e+00   0.0000000000000000e+00 -1 6 #xyz tv3 fid bid
           6.2500000000000000e-01   5.0000000000000000e+00   0.0000000000000000e+00 #xyz tv0
           6.2500000000000000e-01   4.3750000000000000e+00   0.0000000000000000e+00 #xyz tv1
          -2.4941926197889038e-02   4.0992963485221301e+00  -1.0974227546961268e+00 #xyz tv2
           0.0000000000000000e+00   5.0000000000000000e+00   0.0000000000000000e+00 -1 6 #xyz tv3 fid bid
           0.0000000000000000e+00   5.0000000000000000e+00   0.0000000000000000e+00 #xyz tv0
           6.2500000000000000e-01   5.0000000000000000e+00   0.0000000000000000e+00 #xyz tv1
           6.2500000000000000e-01   4.3750000000000000e+00   0.0000000000000000e+00 8 -1 #xyz tv2 fid bid
           0.0000000000000000e+00   5.0000000000000000e+00   0.0000000000000000e+00 #xyz tv0
           6.2500000000000000e-01   5.0000000000000000e+00   0.0000000000000000e+00 #xyz tv1
           6.2500000000000000e-01   4.3750000000000000e+00   0.0000000000000000e+00 76 -1 #xyz tv2 fid bid
           0.0000000000000000e+00   5.0000000000000000e+00   0.0000000000000000e+00 #xyz tv0
           6.2500000000000000e-01   5.0000000000000000e+00   0.0000000000000000e+00 #xyz tv1
           6.2500000000000000e-01   4.3750000000000000e+00   0.0000000000000000e+00 112 -1 #xyz tv2 fid bid
           6.2500000000000000e-01   5.0000000000000000e+00   0.0000000000000000e+00 #xyz tv0
           1.2500000000000000e+00   5.0000000000000000e+00   0.0000000000000000e+00 #xyz tv1
           6.2500000000000000e-01   4.3750000000000000e+00   0.0000000000000000e+00 8 -1 #xyz tv2 fid bid
           6.2500000000000000e-01   5.0000000000000000e+00   0.0000000000000000e+00 #xyz tv0
           1.2500000000000000e+00   5.0000000000000000e+00   0.0000000000000000e+00 #xyz tv1
           6.2500000000000000e-01   4.3750000000000000e+00   0.0000000000000000e+00 76 -1 #xyz tv2 fid bid
           6.2500000000000000e-01   5.0000000000000000e+00   0.0000000000000000e+00 #xyz tv0
           1.2500000000000000e+00   5.0000000000000000e+00   0.0000000000000000e+00 #xyz tv1
           6.2500000000000000e-01   4.3750000000000000e+00   0.0000000000000000e+00 112 -1 #xyz tv2 fid bid
           6.2500000000000000e-01   5.0000000000000000e+00   0.0000000000000000e+00 #xyz ev0
           6.2500000000000000e-01   4.3750000000000000e+00   0.0000000000000000e+00 -1 6 #xyz ev1 fid bid
   0   0.000000000000e+00   0.000000000000e+00   0.000000000000e+00 #flag location
END_ERR 
G3dErrFileVersion 2025R1
FlagFileMetaData Begin
   Mesh Size - Setup1, Refinement, Pass #2, Freq. 1.100000e+10 :Title    
   Listing of mesh elements with poor quality. :ToolTip  
   hf3d :Author   
   1779015244 :TimeStamp
   mm :UnitName 
   1.0000000000000000e-03 :UnitConv
FlagFileMetaData End
BEGIN_ERR 
26 Small mesh segment detected on body : Substrate
 Small mesh segment detected on body : Substrate 
 Segment Statistics - Number of Segments : 1 --- Segment length(s) : 0.625000mm. The cutoff frequency for S-Matrix Only Solve is 18.142850278383MHz 
4 -1  8  76  112  # nfids, fids[]
2 6  -1  # nbids, bids[]
      4 6 1 0 #ntets ntri ned npts
           6.2500000000000000e-01   5.0000000000000000e+00   0.0000000000000000e+00 #xyz tv0
           6.2500000000000000e-01   4.3750000000000000e+00   0.0000000000000000e+00 #xyz tv1
           6.2500000000000000e-01   4.3750000000000000e+00   3.8100000000000001e-01 #xyz tv2
           1.2500000000000000e+00   5.0000000000000000e+00   0.0000000000000000e+00 -1 6 #xyz tv3 fid bid
           6.2500000000000000e-01   5.0000000000000000e+00   0.0000000000000000e+00 #xyz tv0
          -2.4941926197889038e-02   4.0992963485221301e+00  -1.0974227546961268e+00 #xyz tv1
           6.2500000000000000e-01   4.3750000000000000e+00   0.0000000000000000e+00 #xyz tv2
           1.2500000000000000e+00   5.0000000000000000e+00   0.0000000000000000e+00 -1 6 #xyz tv3 fid bid
           6.2500000000000000e-01   5.0000000000000000e+00   0.0000000000000000e+00 #xyz tv0
           6.2500000000000000e-01   4.3750000000000000e+00   3.8100000000000001e-01 #xyz tv1
           6.2500000000000000e-01   4.3750000000000000e+00   0.0000000000000000e+00 #xyz tv2
           0.0000000000000000e+00   5.0000000000000000e+00   0.0000000000000000e+00 -1 6 #xyz tv3 fid bid
           6.2500000000000000e-01   5.0000000000000000e+00   0.0000000000000000e+00 #xyz tv0
           6.2500000000000000e-01   4.3750000000000000e+00   0.0000000000000000e+00 #xyz tv1
          -2.4941926197889038e-02   4.0992963485221301e+00  -1.0974227546961268e+00 #xyz tv2
           0.0000000000000000e+00   5.0000000000000000e+00   0.0000000000000000e+00 -1 6 #xyz tv3 fid bid
           0.0000000000000000e+00   5.0000000000000000e+00   0.0000000000000000e+00 #xyz tv0
           6.2500000000000000e-01   5.0000000000000000e+00   0.0000000000000000e+00 #xyz tv1
           6.2500000000000000e-01   4.3750000000000000e+00   0.0000000000000000e+00 8 -1 #xyz tv2 fid bid
           0.0000000000000000e+00   5.0000000000000000e+00   0.0000000000000000e+00 #xyz tv0
           6.2500000000000000e-01   5.0000000000000000e+00   0.0000000000000000e+00 #xyz tv1
           6.2500000000000000e-01   4.3750000000000000e+00   0.0000000000000000e+00 76 -1 #xyz tv2 fid bid
           0.0000000000000000e+00   5.0000000000000000e+00   0.0000000000000000e+00 #xyz tv0
           6.2500000000000000e-01   5.0000000000000000e+00   0.0000000000000000e+00 #xyz tv1
           6.2500000000000000e-01   4.3750000000000000e+00   0.0000000000000000e+00 112 -1 #xyz tv2 fid bid
           6.2500000000000000e-01   5.0000000000000000e+00   0.0000000000000000e+00 #xyz tv0
           1.2500000000000000e+00   5.0000000000000000e+00   0.0000000000000000e+00 #xyz tv1
           6.2500000000000000e-01   4.3750000000000000e+00   0.0000000000000000e+00 8 -1 #xyz tv2 fid bid
           6.2500000000000000e-01   5.0000000000000000e+00   0.0000000000000000e+00 #xyz tv0
           1.2500000000000000e+00   5.0000000000000000e+00   0.0000000000000000e+00 #xyz tv1
           6.2500000000000000e-01   4.3750000000000000e+00   0.0000000000000000e+00 76 -1 #xyz tv2 fid bid
           6.2500000000000000e-01   5.0000000000000000e+00   0.0000000000000000e+00 #xyz tv0
           1.2500000000000000e+00   5.0000000000000000e+00   0.0000000000000000e+00 #xyz tv1
           6.2500000000000000e-01   4.3750000000000000e+00   0.0000000000000000e+00 112 -1 #xyz tv2 fid bid
           6.2500000000000000e-01   5.0000000000000000e+00   0.0000000000000000e+00 #xyz ev0
           6.2500000000000000e-01   4.3750000000000000e+00   0.0000000000000000e+00 -1 6 #xyz ev1 fid bid
   0   0.000000000000e+00   0.000000000000e+00   0.000000000000e+00 #flag location
END_ERR 
G3dErrFileVersion 2025R1
FlagFileMetaData Begin
   Mesh Size - Setup1, Refinement, Pass #3, Freq. 1.100000e+10 :Title    
   Listing of mesh elements with poor quality. :ToolTip  
   hf3d :Author   
   1779015251 :TimeStamp
   mm :UnitName 
   1.0000000000000000e-03 :UnitConv
FlagFileMetaData End
BEGIN_ERR 
26 Small mesh segment detected on body : Substrate
 Small mesh segment detected on body : Substrate 
 Segment Statistics - Number of Segments : 1 --- Segment length(s) : 0.625000mm. The cutoff frequency for S-Matrix Only Solve is 18.142850278383MHz 
4 -1  8  76  112  # nfids, fids[]
2 6  -1  # nbids, bids[]
      4 6 1 0 #ntets ntri ned npts
           6.2500000000000000e-01   5.0000000000000000e+00   0.0000000000000000e+00 #xyz tv0
           6.2500000000000000e-01   4.3750000000000000e+00   0.0000000000000000e+00 #xyz tv1
           6.2500000000000000e-01   4.3750000000000000e+00   3.8100000000000001e-01 #xyz tv2
           1.2500000000000000e+00   5.0000000000000000e+00   0.0000000000000000e+00 -1 6 #xyz tv3 fid bid
           6.2500000000000000e-01   5.0000000000000000e+00   0.0000000000000000e+00 #xyz tv0
          -2.4941926197889038e-02   4.0992963485221301e+00  -1.0974227546961268e+00 #xyz tv1
           6.2500000000000000e-01   4.3750000000000000e+00   0.0000000000000000e+00 #xyz tv2
           1.2500000000000000e+00   5.0000000000000000e+00   0.0000000000000000e+00 -1 6 #xyz tv3 fid bid
           6.2500000000000000e-01   5.0000000000000000e+00   0.0000000000000000e+00 #xyz tv0
           6.2500000000000000e-01   4.3750000000000000e+00   3.8100000000000001e-01 #xyz tv1
           6.2500000000000000e-01   4.3750000000000000e+00   0.0000000000000000e+00 #xyz tv2
           0.0000000000000000e+00   5.0000000000000000e+00   0.0000000000000000e+00 -1 6 #xyz tv3 fid bid
           6.2500000000000000e-01   5.0000000000000000e+00   0.0000000000000000e+00 #xyz tv0
           6.2500000000000000e-01   4.3750000000000000e+00   0.0000000000000000e+00 #xyz tv1
          -2.4941926197889038e-02   4.0992963485221301e+00  -1.0974227546961268e+00 #xyz tv2
           0.0000000000000000e+00   5.0000000000000000e+00   0.0000000000000000e+00 -1 6 #xyz tv3 fid bid
           0.0000000000000000e+00   5.0000000000000000e+00   0.0000000000000000e+00 #xyz tv0
           6.2500000000000000e-01   5.0000000000000000e+00   0.0000000000000000e+00 #xyz tv1
           6.2500000000000000e-01   4.3750000000000000e+00   0.0000000000000000e+00 8 -1 #xyz tv2 fid bid
           0.0000000000000000e+00   5.0000000000000000e+00   0.0000000000000000e+00 #xyz tv0
           6.2500000000000000e-01   5.0000000000000000e+00   0.0000000000000000e+00 #xyz tv1
           6.2500000000000000e-01   4.3750000000000000e+00   0.0000000000000000e+00 76 -1 #xyz tv2 fid bid
           0.0000000000000000e+00   5.0000000000000000e+00   0.0000000000000000e+00 #xyz tv0
           6.2500000000000000e-01   5.0000000000000000e+00   0.0000000000000000e+00 #xyz tv1
           6.2500000000000000e-01   4.3750000000000000e+00   0.0000000000000000e+00 112 -1 #xyz tv2 fid bid
           6.2500000000000000e-01   5.0000000000000000e+00   0.0000000000000000e+00 #xyz tv0
           1.2500000000000000e+00   5.0000000000000000e+00   0.0000000000000000e+00 #xyz tv1
           6.2500000000000000e-01   4.3750000000000000e+00   0.0000000000000000e+00 8 -1 #xyz tv2 fid bid
           6.2500000000000000e-01   5.0000000000000000e+00   0.0000000000000000e+00 #xyz tv0
           1.2500000000000000e+00   5.0000000000000000e+00   0.0000000000000000e+00 #xyz tv1
           6.2500000000000000e-01   4.3750000000000000e+00   0.0000000000000000e+00 76 -1 #xyz tv2 fid bid
           6.2500000000000000e-01   5.0000000000000000e+00   0.0000000000000000e+00 #xyz tv0
           1.2500000000000000e+00   5.0000000000000000e+00   0.0000000000000000e+00 #xyz tv1
           6.2500000000000000e-01   4.3750000000000000e+00   0.0000000000000000e+00 112 -1 #xyz tv2 fid bid
           6.2500000000000000e-01   5.0000000000000000e+00   0.0000000000000000e+00 #xyz ev0
           6.2500000000000000e-01   4.3750000000000000e+00   0.0000000000000000e+00 -1 6 #xyz ev1 fid bid
   0   0.000000000000e+00   0.000000000000e+00   0.000000000000e+00 #flag location
END_ERR 
G3dErrFileVersion 2025R1
FlagFileMetaData Begin
   Mesh Size - Setup1, Refinement, Pass #4, Freq. 1.100000e+10 :Title    
   Listing of mesh elements with poor quality. :ToolTip  
   hf3d :Author   
   1779015260 :TimeStamp
   mm :UnitName 
   1.0000000000000000e-03 :UnitConv
FlagFileMetaData End
BEGIN_ERR 
26 Small mesh segment detected on body : Substrate
 Small mesh segment detected on body : Substrate 
 Segment Statistics - Number of Segments : 1 --- Segment length(s) : 0.625000mm. The cutoff frequency for S-Matrix Only Solve is 18.142850278383MHz 
4 -1  8  76  112  # nfids, fids[]
2 6  -1  # nbids, bids[]
      4 6 1 0 #ntets ntri ned npts
           6.2500000000000000e-01   5.0000000000000000e+00   0.0000000000000000e+00 #xyz tv0
           6.2500000000000000e-01   4.3750000000000000e+00   0.0000000000000000e+00 #xyz tv1
           6.2500000000000000e-01   4.3750000000000000e+00   3.8100000000000001e-01 #xyz tv2
           1.2500000000000000e+00   5.0000000000000000e+00   0.0000000000000000e+00 -1 6 #xyz tv3 fid bid
           6.2500000000000000e-01   5.0000000000000000e+00   0.0000000000000000e+00 #xyz tv0
          -2.4941926197889038e-02   4.0992963485221301e+00  -1.0974227546961268e+00 #xyz tv1
           6.2500000000000000e-01   4.3750000000000000e+00   0.0000000000000000e+00 #xyz tv2
           1.2500000000000000e+00   5.0000000000000000e+00   0.0000000000000000e+00 -1 6 #xyz tv3 fid bid
           6.2500000000000000e-01   5.0000000000000000e+00   0.0000000000000000e+00 #xyz tv0
           6.2500000000000000e-01   4.3750000000000000e+00   3.8100000000000001e-01 #xyz tv1
           6.2500000000000000e-01   4.3750000000000000e+00   0.0000000000000000e+00 #xyz tv2
           0.0000000000000000e+00   5.0000000000000000e+00   0.0000000000000000e+00 -1 6 #xyz tv3 fid bid
           6.2500000000000000e-01   5.0000000000000000e+00   0.0000000000000000e+00 #xyz tv0
           6.2500000000000000e-01   4.3750000000000000e+00   0.0000000000000000e+00 #xyz tv1
          -2.4941926197889038e-02   4.0992963485221301e+00  -1.0974227546961268e+00 #xyz tv2
           0.0000000000000000e+00   5.0000000000000000e+00   0.0000000000000000e+00 -1 6 #xyz tv3 fid bid
           0.0000000000000000e+00   5.0000000000000000e+00   0.0000000000000000e+00 #xyz tv0
           6.2500000000000000e-01   5.0000000000000000e+00   0.0000000000000000e+00 #xyz tv1
           6.2500000000000000e-01   4.3750000000000000e+00   0.0000000000000000e+00 8 -1 #xyz tv2 fid bid
           0.0000000000000000e+00   5.0000000000000000e+00   0.0000000000000000e+00 #xyz tv0
           6.2500000000000000e-01   5.0000000000000000e+00   0.0000000000000000e+00 #xyz tv1
           6.2500000000000000e-01   4.3750000000000000e+00   0.0000000000000000e+00 76 -1 #xyz tv2 fid bid
           0.0000000000000000e+00   5.0000000000000000e+00   0.0000000000000000e+00 #xyz tv0
           6.2500000000000000e-01   5.0000000000000000e+00   0.0000000000000000e+00 #xyz tv1
           6.2500000000000000e-01   4.3750000000000000e+00   0.0000000000000000e+00 112 -1 #xyz tv2 fid bid
           6.2500000000000000e-01   5.0000000000000000e+00   0.0000000000000000e+00 #xyz tv0
           1.2500000000000000e+00   5.0000000000000000e+00   0.0000000000000000e+00 #xyz tv1
           6.2500000000000000e-01   4.3750000000000000e+00   0.0000000000000000e+00 8 -1 #xyz tv2 fid bid
           6.2500000000000000e-01   5.0000000000000000e+00   0.0000000000000000e+00 #xyz tv0
           1.2500000000000000e+00   5.0000000000000000e+00   0.0000000000000000e+00 #xyz tv1
           6.2500000000000000e-01   4.3750000000000000e+00   0.0000000000000000e+00 76 -1 #xyz tv2 fid bid
           6.2500000000000000e-01   5.0000000000000000e+00   0.0000000000000000e+00 #xyz tv0
           1.2500000000000000e+00   5.0000000000000000e+00   0.0000000000000000e+00 #xyz tv1
           6.2500000000000000e-01   4.3750000000000000e+00   0.0000000000000000e+00 112 -1 #xyz tv2 fid bid
           6.2500000000000000e-01   5.0000000000000000e+00   0.0000000000000000e+00 #xyz ev0
           6.2500000000000000e-01   4.3750000000000000e+00   0.0000000000000000e+00 -1 6 #xyz ev1 fid bid
   0   0.000000000000e+00   0.000000000000e+00   0.000000000000e+00 #flag location
END_ERR 
BEGIN_ERR 
26 Small mesh segment detected on body : Substrate
 Small mesh segment detected on body : Substrate 
 Segment Statistics - Number of Segments : 1 --- Segment length(s) : 0.883883mm. The cutoff frequency for S-Matrix Only Solve is 18.142850278383MHz 
4 -1  8  76  112  # nfids, fids[]
2 6  -1  # nbids, bids[]
      4 6 1 0 #ntets ntri ned npts
           6.2500000000000000e-01   5.0000000000000000e+00   0.0000000000000000e+00 #xyz tv0
           6.2500000000000000e-01   4.3750000000000000e+00   0.0000000000000000e+00 #xyz tv1
           6.2500000000000000e-01   4.3750000000000000e+00   3.8100000000000001e-01 #xyz tv2
           1.2500000000000000e+00   5.0000000000000000e+00   0.0000000000000000e+00 -1 6 #xyz tv3 fid bid
           6.2500000000000000e-01   5.0000000000000000e+00   0.0000000000000000e+00 #xyz tv0
          -2.4941926197889038e-02   4.0992963485221301e+00  -1.0974227546961268e+00 #xyz tv1
           6.2500000000000000e-01   4.3750000000000000e+00   0.0000000000000000e+00 #xyz tv2
           1.2500000000000000e+00   5.0000000000000000e+00   0.0000000000000000e+00 -1 6 #xyz tv3 fid bid
           1.2500000000000000e+00   4.3750000000000000e+00   0.0000000000000000e+00 #xyz tv0
           6.2500000000000000e-01   4.3750000000000000e+00   3.8100000000000001e-01 #xyz tv1
           6.2500000000000000e-01   4.3750000000000000e+00   0.0000000000000000e+00 #xyz tv2
           1.2500000000000000e+00   5.0000000000000000e+00   0.0000000000000000e+00 -1 6 #xyz tv3 fid bid
           1.2500000000000000e+00   4.3750000000000000e+00   0.0000000000000000e+00 #xyz tv0
           6.2500000000000000e-01   4.3750000000000000e+00   0.0000000000000000e+00 #xyz tv1
          -2.4941926197889038e-02   4.0992963485221301e+00  -1.0974227546961268e+00 #xyz tv2
           1.2500000000000000e+00   5.0000000000000000e+00   0.0000000000000000e+00 -1 6 #xyz tv3 fid bid
           6.2500000000000000e-01   5.0000000000000000e+00   0.0000000000000000e+00 #xyz tv0
           1.2500000000000000e+00   5.0000000000000000e+00   0.0000000000000000e+00 #xyz tv1
           6.2500000000000000e-01   4.3750000000000000e+00   0.0000000000000000e+00 8 -1 #xyz tv2 fid bid
           6.2500000000000000e-01   5.0000000000000000e+00   0.0000000000000000e+00 #xyz tv0
           1.2500000000000000e+00   5.0000000000000000e+00   0.0000000000000000e+00 #xyz tv1
           6.2500000000000000e-01   4.3750000000000000e+00   0.0000000000000000e+00 76 -1 #xyz tv2 fid bid
           6.2500000000000000e-01   5.0000000000000000e+00   0.0000000000000000e+00 #xyz tv0
           1.2500000000000000e+00   5.0000000000000000e+00   0.0000000000000000e+00 #xyz tv1
           6.2500000000000000e-01   4.3750000000000000e+00   0.0000000000000000e+00 112 -1 #xyz tv2 fid bid
           1.2500000000000000e+00   5.0000000000000000e+00   0.0000000000000000e+00 #xyz tv0
           1.2500000000000000e+00   4.3750000000000000e+00   0.0000000000000000e+00 #xyz tv1
           6.2500000000000000e-01   4.3750000000000000e+00   0.0000000000000000e+00 8 -1 #xyz tv2 fid bid
           1.2500000000000000e+00   5.0000000000000000e+00   0.0000000000000000e+00 #xyz tv0
           1.2500000000000000e+00   4.3750000000000000e+00   0.0000000000000000e+00 #xyz tv1
           6.2500000000000000e-01   4.3750000000000000e+00   0.0000000000000000e+00 76 -1 #xyz tv2 fid bid
           1.2500000000000000e+00   5.0000000000000000e+00   0.0000000000000000e+00 #xyz tv0
           1.2500000000000000e+00   4.3750000000000000e+00   0.0000000000000000e+00 #xyz tv1
           6.2500000000000000e-01   4.3750000000000000e+00   0.0000000000000000e+00 112 -1 #xyz tv2 fid bid
           1.2500000000000000e+00   5.0000000000000000e+00   0.0000000000000000e+00 #xyz ev0
           6.2500000000000000e-01   4.3750000000000000e+00   0.0000000000000000e+00 -1 6 #xyz ev1 fid bid
   0   0.000000000000e+00   0.000000000000e+00   0.000000000000e+00 #flag location
END_ERR 
G3dErrFileVersion 2025R1
FlagFileMetaData Begin
   Mesh Size - Setup1, Refinement, Pass #5, Freq. 1.100000e+10 :Title    
   Listing of mesh elements with poor quality. :ToolTip  
   hf3d :Author   
   1779015276 :TimeStamp
   mm :UnitName 
   1.0000000000000000e-03 :UnitConv
FlagFileMetaData End
BEGIN_ERR 
26 Small mesh segment detected on body : Substrate
 Small mesh segment detected on body : Substrate 
 Segment Statistics - Number of Segments : 1 --- Segment length(s) : 0.065850mm. The cutoff frequency for S-Matrix Only Solve is 18.142850278383MHz 
1 -1  # nfids, fids[]
1 6  # nbids, bids[]
      6 0 1 0 #ntets ntri ned npts
          -2.3045337151991343e+00   2.1875227115412281e+00   1.5240000000000000e+00 #xyz tv0
          -2.1800579237164261e+00   2.3041337406469218e+00   1.5240000000000000e+00 #xyz tv1
          -2.1992330883653155e+00   2.3000499771939076e+00   1.4611364881074551e+00 #xyz tv2
          -2.1350000000000002e+00   2.1350000000000002e+00   1.5240000000000000e+00 -1 6 #xyz tv3 fid bid
          -2.3045337151991343e+00   2.1875227115412281e+00   1.5240000000000000e+00 #xyz tv0
          -2.1992330883653155e+00   2.3000499771939076e+00   1.4611364881074551e+00 #xyz tv1
          -2.1800579237164261e+00   2.3041337406469218e+00   1.5240000000000000e+00 #xyz tv2
          -2.3309902426235016e+00   2.3329250524062917e+00   1.5240000000000000e+00 -1 6 #xyz tv3 fid bid
          -2.1800579237164261e+00   2.3041337406469218e+00   1.5240000000000000e+00 #xyz tv0
          -2.1350000000000002e+00   2.1350000000000002e+00   1.5240000000000000e+00 #xyz tv1
          -2.1099916956166038e+00   2.3296822708475933e+00   1.3611817736635503e+00 #xyz tv2
          -2.1992330883653155e+00   2.3000499771939076e+00   1.4611364881074551e+00 -1 6 #xyz tv3 fid bid
          -2.1800579237164261e+00   2.3041337406469218e+00   1.5240000000000000e+00 #xyz tv0
          -2.1992330883653155e+00   2.3000499771939076e+00   1.4611364881074551e+00 #xyz tv1
          -2.1928873189170455e+00   2.5004381494393391e+00   1.5240000000000000e+00 #xyz tv2
          -2.3309902426235016e+00   2.3329250524062917e+00   1.5240000000000000e+00 -1 6 #xyz tv3 fid bid
          -2.1800579237164261e+00   2.3041337406469218e+00   1.5240000000000000e+00 #xyz tv0
          -2.1099916956166038e+00   2.3296822708475933e+00   1.3611817736635503e+00 #xyz tv1
          -2.1262360094278652e+00   2.4027781627889153e+00   1.4686230631645598e+00 #xyz tv2
          -2.1992330883653155e+00   2.3000499771939076e+00   1.4611364881074551e+00 -1 6 #xyz tv3 fid bid
          -2.1800579237164261e+00   2.3041337406469218e+00   1.5240000000000000e+00 #xyz tv0
          -2.1262360094278652e+00   2.4027781627889153e+00   1.4686230631645598e+00 #xyz tv1
          -2.1928873189170455e+00   2.5004381494393391e+00   1.5240000000000000e+00 #xyz tv2
          -2.1992330883653155e+00   2.3000499771939076e+00   1.4611364881074551e+00 -1 6 #xyz tv3 fid bid
          -2.1800579237164261e+00   2.3041337406469218e+00   1.5240000000000000e+00 #xyz ev0
          -2.1992330883653155e+00   2.3000499771939076e+00   1.4611364881074551e+00 -1 6 #xyz ev1 fid bid
   0   0.000000000000e+00   0.000000000000e+00   0.000000000000e+00 #flag location
END_ERR 
BEGIN_ERR 
26 Small mesh segment detected on body : Substrate
 Small mesh segment detected on body : Substrate 
 Segment Statistics - Number of Segments : 1 --- Segment length(s) : 0.068386mm. The cutoff frequency for S-Matrix Only Solve is 18.142850278383MHz 
1 -1  # nfids, fids[]
1 6  # nbids, bids[]
      4 0 1 0 #ntets ntri ned npts
           2.2611974745247316e+00  -2.1442653098347959e+00   1.4407787753674319e+00 #xyz tv0
           2.3208812267619661e+00  -2.1663670717245718e+00   1.5240000000000000e+00 #xyz tv1
           2.1350000000000002e+00  -2.1350000000000002e+00   1.5240000000000000e+00 #xyz tv2
           2.2163729186938586e+00  -2.0956775739877704e+00   1.4582909672236304e+00 -1 6 #xyz tv3 fid bid
           2.3208812267619661e+00  -2.1663670717245718e+00   1.5240000000000000e+00 #xyz tv0
           2.2977458373877173e+00  -2.0563551479755411e+00   1.3925819344472603e+00 #xyz tv1
           2.2163729186938586e+00  -2.0956775739877704e+00   1.4582909672236304e+00 #xyz tv2
           2.2611974745247316e+00  -2.1442653098347959e+00   1.4407787753674319e+00 -1 6 #xyz tv3 fid bid
           2.2163729186938586e+00  -2.0956775739877704e+00   1.4582909672236304e+00 #xyz tv0
           2.2611974745247316e+00  -2.1442653098347959e+00   1.4407787753674319e+00 #xyz tv1
           2.1834404217961345e+00  -2.1310918171016331e+00   1.3373232067358169e+00 #xyz tv2
           2.1350000000000002e+00  -2.1350000000000002e+00   1.5240000000000000e+00 -1 6 #xyz tv3 fid bid
           2.2163729186938586e+00  -2.0956775739877704e+00   1.4582909672236304e+00 #xyz tv0
           2.1834404217961345e+00  -2.1310918171016331e+00   1.3373232067358169e+00 #xyz tv1
           2.2611974745247316e+00  -2.1442653098347959e+00   1.4407787753674319e+00 #xyz tv2
           2.2977458373877173e+00  -2.0563551479755411e+00   1.3925819344472603e+00 -1 6 #xyz tv3 fid bid
           2.2163729186938586e+00  -2.0956775739877704e+00   1.4582909672236304e+00 #xyz ev0
           2.2611974745247316e+00  -2.1442653098347959e+00   1.4407787753674319e+00 -1 6 #xyz ev1 fid bid
   0   0.000000000000e+00   0.000000000000e+00   0.000000000000e+00 #flag location
END_ERR 
BEGIN_ERR 
26 Small mesh segment detected on body : Substrate
 Small mesh segment detected on body : Substrate 
 Segment Statistics - Number of Segments : 1 --- Segment length(s) : 0.073048mm. The cutoff frequency for S-Matrix Only Solve is 18.142850278383MHz 
1 -1  # nfids, fids[]
1 6  # nbids, bids[]
      4 0 1 0 #ntets ntri ned npts
           2.2076471569182718e+00  -1.9601123829980533e+00   1.3505192277042570e+00 #xyz tv0
           2.2977458373877173e+00  -2.0563551479755411e+00   1.3925819344472603e+00 #xyz tv1
           2.3000153889028696e+00  -1.8870039569277977e+00   1.3496685033002860e+00 #xyz tv2
           2.2505604126923444e+00  -2.0116239605004536e+00   1.3215197255068936e+00 -1 6 #xyz tv3 fid bid
           2.2076471569182718e+00  -1.9601123829980533e+00   1.3505192277042570e+00 #xyz tv0
           2.2505604126923444e+00  -2.0116239605004536e+00   1.3215197255068936e+00 #xyz tv1
           2.3000153889028696e+00  -1.8870039569277977e+00   1.3496685033002860e+00 #xyz tv2
           2.2033749879969711e+00  -1.9668927730253660e+00   1.2504575165665268e+00 -1 6 #xyz tv3 fid bid
           2.2076471569182718e+00  -1.9601123829980533e+00   1.3505192277042570e+00 #xyz tv0
           2.1229155327354063e+00  -2.0307776426141544e+00   1.3886509753246985e+00 #xyz tv1
           2.2977458373877173e+00  -2.0563551479755411e+00   1.3925819344472603e+00 #xyz tv2
           2.2505604126923444e+00  -2.0116239605004536e+00   1.3215197255068936e+00 -1 6 #xyz tv3 fid bid
           2.2076471569182718e+00  -1.9601123829980533e+00   1.3505192277042570e+00 #xyz tv0
           2.1229155327354063e+00  -2.0307776426141544e+00   1.3886509753246985e+00 #xyz tv1
           2.2505604126923444e+00  -2.0116239605004536e+00   1.3215197255068936e+00 #xyz tv2
           2.2033749879969711e+00  -1.9668927730253660e+00   1.2504575165665268e+00 -1 6 #xyz tv3 fid bid
           2.2505604126923444e+00  -2.0116239605004536e+00   1.3215197255068936e+00 #xyz ev0
           2.2076471569182718e+00  -1.9601123829980533e+00   1.3505192277042570e+00 -1 6 #xyz ev1 fid bid
   0   0.000000000000e+00   0.000000000000e+00   0.000000000000e+00 #flag location
END_ERR 
