G3dErrFileVersion 2025R1
FlagFileMetaData Begin
   Mesh Size - Setup1, Refinement, Pass #1, Freq. 1.100000e+10 :Title    
   Listing of mesh elements with poor quality. :ToolTip  
   hf3d :Author   
   1768245443 :TimeStamp
   mm :UnitName 
   1.0000000000000000e-03 :UnitConv
FlagFileMetaData End
BEGIN_ERR 
26 Small mesh segment detected on body : Substrate
 Small mesh segment detected on body : Substrate 
 Segment Statistics - Number of Segments : 1 --- Segment length(s) : 0.883883mm. The cutoff frequency for S-Matrix Only Solve is 18.142850278383MHz 
4 -1  8  76  112  # nfids, fids[]
2 6  -1  # nbids, bids[]
      5 6 1 0 #ntets ntri ned npts
          -5.0000000000000000e+00   6.2500000000000000e-01   2.8575000000000012e-01 #xyz tv0
          -4.3694033082193986e+00   6.2598432602542864e-01   4.9073711641556772e-01 #xyz tv1
          -4.3750000000000000e+00   6.2500000000000000e-01   0.0000000000000000e+00 #xyz tv2
          -5.0000000000000000e+00   0.0000000000000000e+00   0.0000000000000000e+00 -1 6 #xyz tv3 fid bid
          -5.0000000000000000e+00   6.2500000000000000e-01   0.0000000000000000e+00 #xyz tv0
          -5.0000000000000000e+00   6.2500000000000000e-01   2.8575000000000012e-01 #xyz tv1
          -4.3750000000000000e+00   6.2500000000000000e-01   0.0000000000000000e+00 #xyz tv2
          -5.0000000000000000e+00   0.0000000000000000e+00   0.0000000000000000e+00 -1 6 #xyz tv3 fid bid
          -4.3750000000000000e+00   0.0000000000000000e+00   0.0000000000000000e+00 #xyz tv0
          -4.3694033082193986e+00   6.2598432602542864e-01   4.9073711641556772e-01 #xyz tv1
          -5.0000000000000000e+00   0.0000000000000000e+00   0.0000000000000000e+00 #xyz tv2
          -4.3750000000000000e+00   6.2500000000000000e-01   0.0000000000000000e+00 -1 6 #xyz tv3 fid bid
          -5.0000000000000000e+00   6.2500000000000000e-01   0.0000000000000000e+00 #xyz tv0
          -4.3750000000000000e+00   6.2500000000000000e-01   0.0000000000000000e+00 #xyz tv1
          -3.3585146363310621e+00   1.1583537576684200e-01  -2.1196756017015188e+00 #xyz tv2
          -5.0000000000000000e+00   0.0000000000000000e+00   0.0000000000000000e+00 -1 6 #xyz tv3 fid bid
          -4.3750000000000000e+00   0.0000000000000000e+00   0.0000000000000000e+00 #xyz tv0
          -3.3585146363310621e+00   1.1583537576684200e-01  -2.1196756017015188e+00 #xyz tv1
          -4.3750000000000000e+00   6.2500000000000000e-01   0.0000000000000000e+00 #xyz tv2
          -5.0000000000000000e+00   0.0000000000000000e+00   0.0000000000000000e+00 -1 6 #xyz tv3 fid bid
          -4.3750000000000000e+00   0.0000000000000000e+00   0.0000000000000000e+00 #xyz tv0
          -5.0000000000000000e+00   0.0000000000000000e+00   0.0000000000000000e+00 #xyz tv1
          -4.3750000000000000e+00   6.2500000000000000e-01   0.0000000000000000e+00 8 -1 #xyz tv2 fid bid
          -4.3750000000000000e+00   0.0000000000000000e+00   0.0000000000000000e+00 #xyz tv0
          -5.0000000000000000e+00   0.0000000000000000e+00   0.0000000000000000e+00 #xyz tv1
          -4.3750000000000000e+00   6.2500000000000000e-01   0.0000000000000000e+00 76 -1 #xyz tv2 fid bid
          -4.3750000000000000e+00   0.0000000000000000e+00   0.0000000000000000e+00 #xyz tv0
          -5.0000000000000000e+00   0.0000000000000000e+00   0.0000000000000000e+00 #xyz tv1
          -4.3750000000000000e+00   6.2500000000000000e-01   0.0000000000000000e+00 112 -1 #xyz tv2 fid bid
          -5.0000000000000000e+00   0.0000000000000000e+00   0.0000000000000000e+00 #xyz tv0
          -5.0000000000000000e+00   6.2500000000000000e-01   0.0000000000000000e+00 #xyz tv1
          -4.3750000000000000e+00   6.2500000000000000e-01   0.0000000000000000e+00 8 -1 #xyz tv2 fid bid
          -5.0000000000000000e+00   0.0000000000000000e+00   0.0000000000000000e+00 #xyz tv0
          -5.0000000000000000e+00   6.2500000000000000e-01   0.0000000000000000e+00 #xyz tv1
          -4.3750000000000000e+00   6.2500000000000000e-01   0.0000000000000000e+00 76 -1 #xyz tv2 fid bid
          -5.0000000000000000e+00   0.0000000000000000e+00   0.0000000000000000e+00 #xyz tv0
          -5.0000000000000000e+00   6.2500000000000000e-01   0.0000000000000000e+00 #xyz tv1
          -4.3750000000000000e+00   6.2500000000000000e-01   0.0000000000000000e+00 112 -1 #xyz tv2 fid bid
          -5.0000000000000000e+00   0.0000000000000000e+00   0.0000000000000000e+00 #xyz ev0
          -4.3750000000000000e+00   6.2500000000000000e-01   0.0000000000000000e+00 -1 6 #xyz ev1 fid bid
   0   0.000000000000e+00   0.000000000000e+00   0.000000000000e+00 #flag location
END_ERR 
G3dErrFileVersion 2025R1
FlagFileMetaData Begin
   Mesh Size - Setup1, Refinement, Pass #2, Freq. 1.100000e+10 :Title    
   Listing of mesh elements with poor quality. :ToolTip  
   hf3d :Author   
   1768245448 :TimeStamp
   mm :UnitName 
   1.0000000000000000e-03 :UnitConv
FlagFileMetaData End
BEGIN_ERR 
26 Small mesh segment detected on body : Substrate
 Small mesh segment detected on body : Substrate 
 Segment Statistics - Number of Segments : 1 --- Segment length(s) : 0.883883mm. The cutoff frequency for S-Matrix Only Solve is 18.142850278383MHz 
4 -1  8  76  112  # nfids, fids[]
2 6  -1  # nbids, bids[]
      5 6 1 0 #ntets ntri ned npts
          -5.0000000000000000e+00   6.2500000000000000e-01   2.8575000000000012e-01 #xyz tv0
          -4.3866800148864460e+00   6.3684038778587593e-01   4.8753452845082645e-01 #xyz tv1
          -4.3750000000000000e+00   6.2500000000000000e-01   0.0000000000000000e+00 #xyz tv2
          -5.0000000000000000e+00   0.0000000000000000e+00   0.0000000000000000e+00 -1 6 #xyz tv3 fid bid
          -5.0000000000000000e+00   6.2500000000000000e-01   0.0000000000000000e+00 #xyz tv0
          -5.0000000000000000e+00   6.2500000000000000e-01   2.8575000000000012e-01 #xyz tv1
          -4.3750000000000000e+00   6.2500000000000000e-01   0.0000000000000000e+00 #xyz tv2
          -5.0000000000000000e+00   0.0000000000000000e+00   0.0000000000000000e+00 -1 6 #xyz tv3 fid bid
          -4.3750000000000000e+00   0.0000000000000000e+00   0.0000000000000000e+00 #xyz tv0
          -4.3866800148864460e+00   6.3684038778587593e-01   4.8753452845082645e-01 #xyz tv1
          -5.0000000000000000e+00   0.0000000000000000e+00   0.0000000000000000e+00 #xyz tv2
          -4.3750000000000000e+00   6.2500000000000000e-01   0.0000000000000000e+00 -1 6 #xyz tv3 fid bid
          -5.0000000000000000e+00   6.2500000000000000e-01   0.0000000000000000e+00 #xyz tv0
          -4.3750000000000000e+00   6.2500000000000000e-01   0.0000000000000000e+00 #xyz tv1
          -3.3585146363310621e+00   1.1583537576684201e-01  -2.1196756017015188e+00 #xyz tv2
          -5.0000000000000000e+00   0.0000000000000000e+00   0.0000000000000000e+00 -1 6 #xyz tv3 fid bid
          -4.3750000000000000e+00   0.0000000000000000e+00   0.0000000000000000e+00 #xyz tv0
          -3.3585146363310621e+00   1.1583537576684201e-01  -2.1196756017015188e+00 #xyz tv1
          -4.3750000000000000e+00   6.2500000000000000e-01   0.0000000000000000e+00 #xyz tv2
          -5.0000000000000000e+00   0.0000000000000000e+00   0.0000000000000000e+00 -1 6 #xyz tv3 fid bid
          -4.3750000000000000e+00   0.0000000000000000e+00   0.0000000000000000e+00 #xyz tv0
          -5.0000000000000000e+00   0.0000000000000000e+00   0.0000000000000000e+00 #xyz tv1
          -4.3750000000000000e+00   6.2500000000000000e-01   0.0000000000000000e+00 8 -1 #xyz tv2 fid bid
          -4.3750000000000000e+00   0.0000000000000000e+00   0.0000000000000000e+00 #xyz tv0
          -5.0000000000000000e+00   0.0000000000000000e+00   0.0000000000000000e+00 #xyz tv1
          -4.3750000000000000e+00   6.2500000000000000e-01   0.0000000000000000e+00 76 -1 #xyz tv2 fid bid
          -4.3750000000000000e+00   0.0000000000000000e+00   0.0000000000000000e+00 #xyz tv0
          -5.0000000000000000e+00   0.0000000000000000e+00   0.0000000000000000e+00 #xyz tv1
          -4.3750000000000000e+00   6.2500000000000000e-01   0.0000000000000000e+00 112 -1 #xyz tv2 fid bid
          -5.0000000000000000e+00   0.0000000000000000e+00   0.0000000000000000e+00 #xyz tv0
          -5.0000000000000000e+00   6.2500000000000000e-01   0.0000000000000000e+00 #xyz tv1
          -4.3750000000000000e+00   6.2500000000000000e-01   0.0000000000000000e+00 8 -1 #xyz tv2 fid bid
          -5.0000000000000000e+00   0.0000000000000000e+00   0.0000000000000000e+00 #xyz tv0
          -5.0000000000000000e+00   6.2500000000000000e-01   0.0000000000000000e+00 #xyz tv1
          -4.3750000000000000e+00   6.2500000000000000e-01   0.0000000000000000e+00 76 -1 #xyz tv2 fid bid
          -5.0000000000000000e+00   0.0000000000000000e+00   0.0000000000000000e+00 #xyz tv0
          -5.0000000000000000e+00   6.2500000000000000e-01   0.0000000000000000e+00 #xyz tv1
          -4.3750000000000000e+00   6.2500000000000000e-01   0.0000000000000000e+00 112 -1 #xyz tv2 fid bid
          -5.0000000000000000e+00   0.0000000000000000e+00   0.0000000000000000e+00 #xyz ev0
          -4.3750000000000000e+00   6.2500000000000000e-01   0.0000000000000000e+00 -1 6 #xyz ev1 fid bid
   0   0.000000000000e+00   0.000000000000e+00   0.000000000000e+00 #flag location
END_ERR 
G3dErrFileVersion 2025R1
FlagFileMetaData Begin
   Mesh Size - Setup1, Refinement, Pass #3, Freq. 1.100000e+10 :Title    
   Listing of mesh elements with poor quality. :ToolTip  
   hf3d :Author   
   1768245455 :TimeStamp
   mm :UnitName 
   1.0000000000000000e-03 :UnitConv
FlagFileMetaData End
BEGIN_ERR 
26 Small mesh segment detected on body : Substrate
 Small mesh segment detected on body : Substrate 
 Segment Statistics - Number of Segments : 1 --- Segment length(s) : 0.883883mm. The cutoff frequency for S-Matrix Only Solve is 18.142850278383MHz 
4 -1  8  76  112  # nfids, fids[]
2 6  -1  # nbids, bids[]
      5 6 1 0 #ntets ntri ned npts
          -5.0000000000000000e+00   6.2500000000000000e-01   2.8575000000000012e-01 #xyz tv0
          -4.3752065784536693e+00   6.7078290803192653e-01   5.1281456002306591e-01 #xyz tv1
          -4.3750000000000000e+00   6.2500000000000000e-01   0.0000000000000000e+00 #xyz tv2
          -5.0000000000000000e+00   0.0000000000000000e+00   0.0000000000000000e+00 -1 6 #xyz tv3 fid bid
          -5.0000000000000000e+00   6.2500000000000000e-01   0.0000000000000000e+00 #xyz tv0
          -5.0000000000000000e+00   6.2500000000000000e-01   2.8575000000000012e-01 #xyz tv1
          -4.3750000000000000e+00   6.2500000000000000e-01   0.0000000000000000e+00 #xyz tv2
          -5.0000000000000000e+00   0.0000000000000000e+00   0.0000000000000000e+00 -1 6 #xyz tv3 fid bid
          -4.3750000000000000e+00   0.0000000000000000e+00   0.0000000000000000e+00 #xyz tv0
          -4.3752065784536693e+00   6.7078290803192653e-01   5.1281456002306591e-01 #xyz tv1
          -5.0000000000000000e+00   0.0000000000000000e+00   0.0000000000000000e+00 #xyz tv2
          -4.3750000000000000e+00   6.2500000000000000e-01   0.0000000000000000e+00 -1 6 #xyz tv3 fid bid
          -5.0000000000000000e+00   6.2500000000000000e-01   0.0000000000000000e+00 #xyz tv0
          -4.3750000000000000e+00   6.2500000000000000e-01   0.0000000000000000e+00 #xyz tv1
          -3.3585146363310621e+00   1.1583537576684202e-01  -2.1196756017015188e+00 #xyz tv2
          -5.0000000000000000e+00   0.0000000000000000e+00   0.0000000000000000e+00 -1 6 #xyz tv3 fid bid
          -4.3750000000000000e+00   0.0000000000000000e+00   0.0000000000000000e+00 #xyz tv0
          -3.3585146363310621e+00   1.1583537576684202e-01  -2.1196756017015188e+00 #xyz tv1
          -4.3750000000000000e+00   6.2500000000000000e-01   0.0000000000000000e+00 #xyz tv2
          -5.0000000000000000e+00   0.0000000000000000e+00   0.0000000000000000e+00 -1 6 #xyz tv3 fid bid
          -4.3750000000000000e+00   0.0000000000000000e+00   0.0000000000000000e+00 #xyz tv0
          -5.0000000000000000e+00   0.0000000000000000e+00   0.0000000000000000e+00 #xyz tv1
          -4.3750000000000000e+00   6.2500000000000000e-01   0.0000000000000000e+00 8 -1 #xyz tv2 fid bid
          -4.3750000000000000e+00   0.0000000000000000e+00   0.0000000000000000e+00 #xyz tv0
          -5.0000000000000000e+00   0.0000000000000000e+00   0.0000000000000000e+00 #xyz tv1
          -4.3750000000000000e+00   6.2500000000000000e-01   0.0000000000000000e+00 76 -1 #xyz tv2 fid bid
          -4.3750000000000000e+00   0.0000000000000000e+00   0.0000000000000000e+00 #xyz tv0
          -5.0000000000000000e+00   0.0000000000000000e+00   0.0000000000000000e+00 #xyz tv1
          -4.3750000000000000e+00   6.2500000000000000e-01   0.0000000000000000e+00 112 -1 #xyz tv2 fid bid
          -5.0000000000000000e+00   0.0000000000000000e+00   0.0000000000000000e+00 #xyz tv0
          -5.0000000000000000e+00   6.2500000000000000e-01   0.0000000000000000e+00 #xyz tv1
          -4.3750000000000000e+00   6.2500000000000000e-01   0.0000000000000000e+00 8 -1 #xyz tv2 fid bid
          -5.0000000000000000e+00   0.0000000000000000e+00   0.0000000000000000e+00 #xyz tv0
          -5.0000000000000000e+00   6.2500000000000000e-01   0.0000000000000000e+00 #xyz tv1
          -4.3750000000000000e+00   6.2500000000000000e-01   0.0000000000000000e+00 76 -1 #xyz tv2 fid bid
          -5.0000000000000000e+00   0.0000000000000000e+00   0.0000000000000000e+00 #xyz tv0
          -5.0000000000000000e+00   6.2500000000000000e-01   0.0000000000000000e+00 #xyz tv1
          -4.3750000000000000e+00   6.2500000000000000e-01   0.0000000000000000e+00 112 -1 #xyz tv2 fid bid
          -5.0000000000000000e+00   0.0000000000000000e+00   0.0000000000000000e+00 #xyz ev0
          -4.3750000000000000e+00   6.2500000000000000e-01   0.0000000000000000e+00 -1 6 #xyz ev1 fid bid
   0   0.000000000000e+00   0.000000000000e+00   0.000000000000e+00 #flag location
END_ERR 
BEGIN_ERR 
26 Small mesh segment detected on body : Substrate
 Small mesh segment detected on body : Substrate 
 Segment Statistics - Number of Segments : 1 --- Segment length(s) : 0.625000mm. The cutoff frequency for S-Matrix Only Solve is 18.142850278383MHz 
4 -1  8  76  112  # nfids, fids[]
2 6  -1  # nbids, bids[]
      6 6 1 0 #ntets ntri ned npts
           1.5625000000000000e+00   3.1250000000000000e-01   0.0000000000000000e+00 #xyz tv0
           1.6241456359382032e+00   3.7233528230647922e-01   4.2477099500627280e-01 #xyz tv1
           1.8750000000000000e+00   0.0000000000000000e+00   0.0000000000000000e+00 #xyz tv2
           1.2500000000000000e+00   0.0000000000000000e+00   0.0000000000000000e+00 -1 6 #xyz tv3 fid bid
           1.5625000000000000e+00   3.1250000000000000e-01   0.0000000000000000e+00 #xyz tv0
           1.8750000000000000e+00   0.0000000000000000e+00   0.0000000000000000e+00 #xyz tv1
           1.6764282891335820e+00  -3.4265022565338588e-01  -1.7833104195521110e+00 #xyz tv2
           1.2500000000000000e+00   0.0000000000000000e+00   0.0000000000000000e+00 -1 6 #xyz tv3 fid bid
           1.3155000000000001e+00   0.0000000000000000e+00   3.8100000000000001e-01 #xyz tv0
           1.2500000000000000e+00   0.0000000000000000e+00   0.0000000000000000e+00 #xyz tv1
           1.8750000000000000e+00   0.0000000000000000e+00   0.0000000000000000e+00 #xyz tv2
           1.6241456359382032e+00   3.7233528230647922e-01   4.2477099500627280e-01 -1 6 #xyz tv3 fid bid
           1.8750000000000000e+00   0.0000000000000000e+00   0.0000000000000000e+00 #xyz tv0
           1.8750000000000000e+00  -6.2500000000000000e-01   0.0000000000000000e+00 #xyz tv1
           1.6764282891335820e+00  -3.4265022565338588e-01  -1.7833104195521110e+00 #xyz tv2
           1.2500000000000000e+00   0.0000000000000000e+00   0.0000000000000000e+00 -1 6 #xyz tv3 fid bid
           1.3155000000000001e+00   0.0000000000000000e+00   3.8100000000000001e-01 #xyz tv0
           1.8750000000000000e+00   0.0000000000000000e+00   0.0000000000000000e+00 #xyz tv1
           1.2500000000000000e+00   0.0000000000000000e+00   0.0000000000000000e+00 #xyz tv2
           1.5942436494713499e+00  -3.2036027897553021e-01   3.7494256346233301e-01 -1 6 #xyz tv3 fid bid
           1.5942436494713499e+00  -3.2036027897553021e-01   3.7494256346233301e-01 #xyz tv0
           1.8750000000000000e+00  -6.2500000000000000e-01   0.0000000000000000e+00 #xyz tv1
           1.8750000000000000e+00   0.0000000000000000e+00   0.0000000000000000e+00 #xyz tv2
           1.2500000000000000e+00   0.0000000000000000e+00   0.0000000000000000e+00 -1 6 #xyz tv3 fid bid
           1.2500000000000000e+00   0.0000000000000000e+00   0.0000000000000000e+00 #xyz tv0
           1.8750000000000000e+00   0.0000000000000000e+00   0.0000000000000000e+00 #xyz tv1
           1.8750000000000000e+00  -6.2500000000000000e-01   0.0000000000000000e+00 8 -1 #xyz tv2 fid bid
           1.2500000000000000e+00   0.0000000000000000e+00   0.0000000000000000e+00 #xyz tv0
           1.8750000000000000e+00   0.0000000000000000e+00   0.0000000000000000e+00 #xyz tv1
           1.8750000000000000e+00  -6.2500000000000000e-01   0.0000000000000000e+00 76 -1 #xyz tv2 fid bid
           1.2500000000000000e+00   0.0000000000000000e+00   0.0000000000000000e+00 #xyz tv0
           1.8750000000000000e+00   0.0000000000000000e+00   0.0000000000000000e+00 #xyz tv1
           1.8750000000000000e+00  -6.2500000000000000e-01   0.0000000000000000e+00 112 -1 #xyz tv2 fid bid
           1.2500000000000000e+00   0.0000000000000000e+00   0.0000000000000000e+00 #xyz tv0
           1.5625000000000000e+00   3.1250000000000000e-01   0.0000000000000000e+00 #xyz tv1
           1.8750000000000000e+00   0.0000000000000000e+00   0.0000000000000000e+00 8 -1 #xyz tv2 fid bid
           1.2500000000000000e+00   0.0000000000000000e+00   0.0000000000000000e+00 #xyz tv0
           1.5625000000000000e+00   3.1250000000000000e-01   0.0000000000000000e+00 #xyz tv1
           1.8750000000000000e+00   0.0000000000000000e+00   0.0000000000000000e+00 76 -1 #xyz tv2 fid bid
           1.2500000000000000e+00   0.0000000000000000e+00   0.0000000000000000e+00 #xyz tv0
           1.5625000000000000e+00   3.1250000000000000e-01   0.0000000000000000e+00 #xyz tv1
           1.8750000000000000e+00   0.0000000000000000e+00   0.0000000000000000e+00 112 -1 #xyz tv2 fid bid
           1.2500000000000000e+00   0.0000000000000000e+00   0.0000000000000000e+00 #xyz ev0
           1.8750000000000000e+00   0.0000000000000000e+00   0.0000000000000000e+00 -1 6 #xyz ev1 fid bid
   0   0.000000000000e+00   0.000000000000e+00   0.000000000000e+00 #flag location
END_ERR 
G3dErrFileVersion 2025R1
FlagFileMetaData Begin
   Mesh Size - Setup1, Refinement, Pass #4, Freq. 1.100000e+10 :Title    
   Listing of mesh elements with poor quality. :ToolTip  
   hf3d :Author   
   1768245469 :TimeStamp
   mm :UnitName 
   1.0000000000000000e-03 :UnitConv
FlagFileMetaData End
BEGIN_ERR 
26 Small mesh segment detected on body : Substrate
 Small mesh segment detected on body : Substrate 
 Segment Statistics - Number of Segments : 1 --- Segment length(s) : 0.093866mm. The cutoff frequency for S-Matrix Only Solve is 18.142850278383MHz 
1 -1  # nfids, fids[]
1 6  # nbids, bids[]
      4 0 1 0 #ntets ntri ned npts
           3.1246089063612503e+00   3.0695413771548599e+00   1.4652337854368795e+00 #xyz tv0
           3.0565151527150807e+00   3.1389271527825180e+00   1.4174494962296826e+00 #xyz tv1
           3.0240000000000000e+00   3.0240000000000000e+00   1.5240000000000000e+00 #xyz tv2
           3.1290400495941988e+00   2.9964812245291421e+00   1.4064675708737588e+00 -1 6 #xyz tv3 fid bid
           3.1246089063612503e+00   3.0695413771548599e+00   1.4652337854368795e+00 #xyz tv0
           3.0240000000000000e+00   3.0240000000000000e+00   1.5240000000000000e+00 #xyz tv1
           3.2408989313010328e+00   3.0237641502731423e+00   1.5240000000000000e+00 #xyz tv2
           3.1290400495941988e+00   2.9964812245291421e+00   1.4064675708737588e+00 -1 6 #xyz tv3 fid bid
           3.1246089063612503e+00   3.0695413771548599e+00   1.4652337854368795e+00 #xyz tv0
           3.2195235524327988e+00   3.1192041380879285e+00   1.3985650309451647e+00 #xyz tv1
           3.0565151527150807e+00   3.1389271527825180e+00   1.4174494962296826e+00 #xyz tv2
           3.1290400495941988e+00   2.9964812245291421e+00   1.4064675708737588e+00 -1 6 #xyz tv3 fid bid
           3.1246089063612503e+00   3.0695413771548599e+00   1.4652337854368795e+00 #xyz tv0
           3.2408989313010328e+00   3.0237641502731423e+00   1.5240000000000000e+00 #xyz tv1
           3.2195235524327988e+00   3.1192041380879285e+00   1.3985650309451647e+00 #xyz tv2
           3.1290400495941988e+00   2.9964812245291421e+00   1.4064675708737588e+00 -1 6 #xyz tv3 fid bid
           3.1290400495941988e+00   2.9964812245291421e+00   1.4064675708737588e+00 #xyz ev0
           3.1246089063612503e+00   3.0695413771548599e+00   1.4652337854368795e+00 -1 6 #xyz ev1 fid bid
   0   0.000000000000e+00   0.000000000000e+00   0.000000000000e+00 #flag location
END_ERR 
BEGIN_ERR 
26 Small mesh segment detected on body : Substrate
 Small mesh segment detected on body : Substrate 
 Segment Statistics - Number of Segments : 1 --- Segment length(s) : 0.093866mm. The cutoff frequency for S-Matrix Only Solve is 18.142850278383MHz 
1 -1  # nfids, fids[]
1 6  # nbids, bids[]
      4 0 1 0 #ntets ntri ned npts
           3.1246089063612503e+00   3.0695413771548599e+00   1.4652337854368795e+00 #xyz tv0
           3.2195235524327988e+00   3.1192041380879285e+00   1.3985650309451647e+00 #xyz tv1
           3.2408989313010328e+00   3.0237641502731423e+00   1.5240000000000000e+00 #xyz tv2
           3.1201777631283019e+00   3.1426015297805776e+00   1.5240000000000000e+00 -1 6 #xyz tv3 fid bid
           3.1246089063612503e+00   3.0695413771548599e+00   1.4652337854368795e+00 #xyz tv0
           3.2408989313010328e+00   3.0237641502731423e+00   1.5240000000000000e+00 #xyz tv1
           3.0240000000000000e+00   3.0240000000000000e+00   1.5240000000000000e+00 #xyz tv2
           3.1201777631283019e+00   3.1426015297805776e+00   1.5240000000000000e+00 -1 6 #xyz tv3 fid bid
           3.1246089063612503e+00   3.0695413771548599e+00   1.4652337854368795e+00 #xyz tv0
           3.0565151527150807e+00   3.1389271527825180e+00   1.4174494962296826e+00 #xyz tv1
           3.2195235524327988e+00   3.1192041380879285e+00   1.3985650309451647e+00 #xyz tv2
           3.1201777631283019e+00   3.1426015297805776e+00   1.5240000000000000e+00 -1 6 #xyz tv3 fid bid
           3.1246089063612503e+00   3.0695413771548599e+00   1.4652337854368795e+00 #xyz tv0
           3.0240000000000000e+00   3.0240000000000000e+00   1.5240000000000000e+00 #xyz tv1
           3.0565151527150807e+00   3.1389271527825180e+00   1.4174494962296826e+00 #xyz tv2
           3.1201777631283019e+00   3.1426015297805776e+00   1.5240000000000000e+00 -1 6 #xyz tv3 fid bid
           3.1201777631283019e+00   3.1426015297805776e+00   1.5240000000000000e+00 #xyz ev0
           3.1246089063612503e+00   3.0695413771548599e+00   1.4652337854368795e+00 -1 6 #xyz ev1 fid bid
   0   0.000000000000e+00   0.000000000000e+00   0.000000000000e+00 #flag location
END_ERR 
BEGIN_ERR 
26 Small mesh segment detected on body : Substrate
 Small mesh segment detected on body : Substrate 
 Segment Statistics - Number of Segments : 1 --- Segment length(s) : 0.883883mm. The cutoff frequency for S-Matrix Only Solve is 18.142850278383MHz 
4 -1  8  76  112  # nfids, fids[]
2 6  -1  # nbids, bids[]
      5 6 1 0 #ntets ntri ned npts
          -5.0000000000000000e+00   6.2500000000000000e-01   2.8575000000000012e-01 #xyz tv0
          -4.3752065784536693e+00   6.7078290803192653e-01   5.1281456002306591e-01 #xyz tv1
          -4.3750000000000000e+00   6.2500000000000000e-01   0.0000000000000000e+00 #xyz tv2
          -5.0000000000000000e+00   0.0000000000000000e+00   0.0000000000000000e+00 -1 6 #xyz tv3 fid bid
          -5.0000000000000000e+00   6.2500000000000000e-01   0.0000000000000000e+00 #xyz tv0
          -5.0000000000000000e+00   6.2500000000000000e-01   2.8575000000000012e-01 #xyz tv1
          -4.3750000000000000e+00   6.2500000000000000e-01   0.0000000000000000e+00 #xyz tv2
          -5.0000000000000000e+00   0.0000000000000000e+00   0.0000000000000000e+00 -1 6 #xyz tv3 fid bid
          -4.3750000000000000e+00   0.0000000000000000e+00   0.0000000000000000e+00 #xyz tv0
          -4.3752065784536693e+00   6.7078290803192653e-01   5.1281456002306591e-01 #xyz tv1
          -5.0000000000000000e+00   0.0000000000000000e+00   0.0000000000000000e+00 #xyz tv2
          -4.3750000000000000e+00   6.2500000000000000e-01   0.0000000000000000e+00 -1 6 #xyz tv3 fid bid
          -5.0000000000000000e+00   6.2500000000000000e-01   0.0000000000000000e+00 #xyz tv0
          -4.3750000000000000e+00   6.2500000000000000e-01   0.0000000000000000e+00 #xyz tv1
          -3.3585146363310621e+00   1.1583537576684202e-01  -2.1196756017015188e+00 #xyz tv2
          -5.0000000000000000e+00   0.0000000000000000e+00   0.0000000000000000e+00 -1 6 #xyz tv3 fid bid
          -4.3750000000000000e+00   0.0000000000000000e+00   0.0000000000000000e+00 #xyz tv0
          -3.3585146363310621e+00   1.1583537576684202e-01  -2.1196756017015188e+00 #xyz tv1
          -4.3750000000000000e+00   6.2500000000000000e-01   0.0000000000000000e+00 #xyz tv2
          -5.0000000000000000e+00   0.0000000000000000e+00   0.0000000000000000e+00 -1 6 #xyz tv3 fid bid
          -4.3750000000000000e+00   0.0000000000000000e+00   0.0000000000000000e+00 #xyz tv0
          -5.0000000000000000e+00   0.0000000000000000e+00   0.0000000000000000e+00 #xyz tv1
          -4.3750000000000000e+00   6.2500000000000000e-01   0.0000000000000000e+00 8 -1 #xyz tv2 fid bid
          -4.3750000000000000e+00   0.0000000000000000e+00   0.0000000000000000e+00 #xyz tv0
          -5.0000000000000000e+00   0.0000000000000000e+00   0.0000000000000000e+00 #xyz tv1
          -4.3750000000000000e+00   6.2500000000000000e-01   0.0000000000000000e+00 76 -1 #xyz tv2 fid bid
          -4.3750000000000000e+00   0.0000000000000000e+00   0.0000000000000000e+00 #xyz tv0
          -5.0000000000000000e+00   0.0000000000000000e+00   0.0000000000000000e+00 #xyz tv1
          -4.3750000000000000e+00   6.2500000000000000e-01   0.0000000000000000e+00 112 -1 #xyz tv2 fid bid
          -5.0000000000000000e+00   0.0000000000000000e+00   0.0000000000000000e+00 #xyz tv0
          -5.0000000000000000e+00   6.2500000000000000e-01   0.0000000000000000e+00 #xyz tv1
          -4.3750000000000000e+00   6.2500000000000000e-01   0.0000000000000000e+00 8 -1 #xyz tv2 fid bid
          -5.0000000000000000e+00   0.0000000000000000e+00   0.0000000000000000e+00 #xyz tv0
          -5.0000000000000000e+00   6.2500000000000000e-01   0.0000000000000000e+00 #xyz tv1
          -4.3750000000000000e+00   6.2500000000000000e-01   0.0000000000000000e+00 76 -1 #xyz tv2 fid bid
          -5.0000000000000000e+00   0.0000000000000000e+00   0.0000000000000000e+00 #xyz tv0
          -5.0000000000000000e+00   6.2500000000000000e-01   0.0000000000000000e+00 #xyz tv1
          -4.3750000000000000e+00   6.2500000000000000e-01   0.0000000000000000e+00 112 -1 #xyz tv2 fid bid
          -5.0000000000000000e+00   0.0000000000000000e+00   0.0000000000000000e+00 #xyz ev0
          -4.3750000000000000e+00   6.2500000000000000e-01   0.0000000000000000e+00 -1 6 #xyz ev1 fid bid
   0   0.000000000000e+00   0.000000000000e+00   0.000000000000e+00 #flag location
END_ERR 
G3dErrFileVersion 2025R1
FlagFileMetaData Begin
   Mesh Size - Setup1, Refinement, Pass #5, Freq. 1.100000e+10 :Title    
   Listing of mesh elements with poor quality. :ToolTip  
   hf3d :Author   
   1768245482 :TimeStamp
   mm :UnitName 
   1.0000000000000000e-03 :UnitConv
FlagFileMetaData End
BEGIN_ERR 
26 Small mesh segment detected on body : Substrate
 Small mesh segment detected on body : Substrate 
 Segment Statistics - Number of Segments : 1 --- Segment length(s) : 0.062088mm. The cutoff frequency for S-Matrix Only Solve is 18.142850278383MHz 
1 -1  # nfids, fids[]
1 6  # nbids, bids[]
      4 0 1 0 #ntets ntri ned npts
           3.0927776011546397e+00   3.0677041886558301e+00   1.4119585335517209e+00 #xyz tv0
           3.1246089063612503e+00   3.0695413771548599e+00   1.4652337854368795e+00 #xyz tv1
           3.2078331374709053e+00   3.1154388228443080e+00   1.4018571934349202e+00 #xyz tv2
           3.1217964111372751e+00   2.9965318384755490e+00   1.4162731497731842e+00 -1 6 #xyz tv3 fid bid
           3.0927776011546397e+00   3.0677041886558301e+00   1.4119585335517209e+00 #xyz tv0
           3.2078331374709053e+00   3.1154388228443080e+00   1.4018571934349202e+00 #xyz tv1
           3.1246089063612503e+00   3.0695413771548599e+00   1.4652337854368795e+00 #xyz tv2
           3.0565151527150807e+00   3.1389271527825180e+00   1.4174494962296826e+00 -1 6 #xyz tv3 fid bid
           3.0927776011546397e+00   3.0677041886558301e+00   1.4119585335517209e+00 #xyz tv0
           3.0433056419296571e+00   3.0800645378976554e+00   1.4609616858081504e+00 #xyz tv1
           3.1246089063612503e+00   3.0695413771548599e+00   1.4652337854368795e+00 #xyz tv2
           3.1217964111372751e+00   2.9965318384755490e+00   1.4162731497731842e+00 -1 6 #xyz tv3 fid bid
           3.0927776011546397e+00   3.0677041886558301e+00   1.4119585335517209e+00 #xyz tv0
           3.1246089063612503e+00   3.0695413771548599e+00   1.4652337854368795e+00 #xyz tv1
           3.0433056419296571e+00   3.0800645378976554e+00   1.4609616858081504e+00 #xyz tv2
           3.0565151527150807e+00   3.1389271527825180e+00   1.4174494962296826e+00 -1 6 #xyz tv3 fid bid
           3.1246089063612503e+00   3.0695413771548599e+00   1.4652337854368795e+00 #xyz ev0
           3.0927776011546397e+00   3.0677041886558301e+00   1.4119585335517209e+00 -1 6 #xyz ev1 fid bid
   0   0.000000000000e+00   0.000000000000e+00   0.000000000000e+00 #flag location
END_ERR 
BEGIN_ERR 
26 Small mesh segment detected on body : Simulation_Box
 Small mesh segment detected on body : Simulation_Box 
 Segment Statistics - Number of Segments : 1 --- Segment length(s) : 0.065393mm. The cutoff frequency for S-Matrix Only Solve is 18.142850278383MHz 
1 -1  # nfids, fids[]
1 74  # nbids, bids[]
      4 0 1 0 #ntets ntri ned npts
           3.1263136143894097e+00   3.0359910814807916e+00   1.5240000000000000e+00 #xyz tv0
           3.2461916568342222e+00   3.0189324775016879e+00   1.5240000000000000e+00 #xyz tv1
           3.1354306350268057e+00   2.9892750721762487e+00   1.6402266873001041e+00 #xyz tv2
           3.1278041990775538e+00   3.0659383009784129e+00   1.5821133436500521e+00 -1 74 #xyz tv3 fid bid
           3.1263136143894097e+00   3.0359910814807916e+00   1.5240000000000000e+00 #xyz tv0
           3.1354306350268057e+00   2.9892750721762487e+00   1.6402266873001041e+00 #xyz tv1
           3.0240000000000000e+00   3.0240000000000000e+00   1.5240000000000000e+00 #xyz tv2
           3.1278041990775538e+00   3.0659383009784129e+00   1.5821133436500521e+00 -1 74 #xyz tv3 fid bid
           3.1263136143894097e+00   3.0359910814807916e+00   1.5240000000000000e+00 #xyz tv0
           3.2461916568342222e+00   3.0189324775016879e+00   1.5240000000000000e+00 #xyz tv1
           3.1278041990775538e+00   3.0659383009784129e+00   1.5821133436500521e+00 #xyz tv2
           3.1201777631283019e+00   3.1426015297805776e+00   1.5240000000000000e+00 -1 74 #xyz tv3 fid bid
           3.1263136143894097e+00   3.0359910814807916e+00   1.5240000000000000e+00 #xyz tv0
           3.1278041990775538e+00   3.0659383009784129e+00   1.5821133436500521e+00 #xyz tv1
           3.0240000000000000e+00   3.0240000000000000e+00   1.5240000000000000e+00 #xyz tv2
           3.1201777631283019e+00   3.1426015297805776e+00   1.5240000000000000e+00 -1 74 #xyz tv3 fid bid
           3.1263136143894097e+00   3.0359910814807916e+00   1.5240000000000000e+00 #xyz ev0
           3.1278041990775538e+00   3.0659383009784129e+00   1.5821133436500521e+00 -1 74 #xyz ev1 fid bid
   0   0.000000000000e+00   0.000000000000e+00   0.000000000000e+00 #flag location
END_ERR 
BEGIN_ERR 
26 Small mesh segment detected on body : Substrate
 Small mesh segment detected on body : Substrate 
 Segment Statistics - Number of Segments : 1 --- Segment length(s) : 0.067690mm. The cutoff frequency for S-Matrix Only Solve is 18.142850278383MHz 
1 -1  # nfids, fids[]
1 6  # nbids, bids[]
      5 0 1 0 #ntets ntri ned npts
           3.1246089063612503e+00   3.0695413771548599e+00   1.4652337854368795e+00 #xyz tv0
           3.1263136143894097e+00   3.0359910814807916e+00   1.5240000000000000e+00 #xyz tv1
           3.2461916568342222e+00   3.0189324775016879e+00   1.5240000000000000e+00 #xyz tv2
           3.1839940339857487e+00   3.0077321579886185e+00   1.4701365748865920e+00 -1 6 #xyz tv3 fid bid
           3.1246089063612503e+00   3.0695413771548599e+00   1.4652337854368795e+00 #xyz tv0
           3.2461916568342222e+00   3.0189324775016879e+00   1.5240000000000000e+00 #xyz tv1
           3.1263136143894097e+00   3.0359910814807916e+00   1.5240000000000000e+00 #xyz tv2
           3.1201777631283019e+00   3.1426015297805776e+00   1.5240000000000000e+00 -1 6 #xyz tv3 fid bid
           3.1839940339857487e+00   3.0077321579886185e+00   1.4701365748865920e+00 #xyz tv0
           3.1263136143894097e+00   3.0359910814807916e+00   1.5240000000000000e+00 #xyz tv1
           3.1217964111372751e+00   2.9965318384755490e+00   1.4162731497731842e+00 #xyz tv2
           3.1246089063612503e+00   3.0695413771548599e+00   1.4652337854368795e+00 -1 6 #xyz tv3 fid bid
           3.1263136143894097e+00   3.0359910814807916e+00   1.5240000000000000e+00 #xyz tv0
           3.0240000000000000e+00   3.0240000000000000e+00   1.5240000000000000e+00 #xyz tv1
           3.1246089063612503e+00   3.0695413771548599e+00   1.4652337854368795e+00 #xyz tv2
           3.1201777631283019e+00   3.1426015297805776e+00   1.5240000000000000e+00 -1 6 #xyz tv3 fid bid
           3.1217964111372751e+00   2.9965318384755490e+00   1.4162731497731842e+00 #xyz tv0
           3.1263136143894097e+00   3.0359910814807916e+00   1.5240000000000000e+00 #xyz tv1
           3.0240000000000000e+00   3.0240000000000000e+00   1.5240000000000000e+00 #xyz tv2
           3.1246089063612503e+00   3.0695413771548599e+00   1.4652337854368795e+00 -1 6 #xyz tv3 fid bid
           3.1246089063612503e+00   3.0695413771548599e+00   1.4652337854368795e+00 #xyz ev0
           3.1263136143894097e+00   3.0359910814807916e+00   1.5240000000000000e+00 -1 6 #xyz ev1 fid bid
   0   0.000000000000e+00   0.000000000000e+00   0.000000000000e+00 #flag location
END_ERR 
G3dErrFileVersion 2025R1
FlagFileMetaData Begin
   Mesh Size - Setup1, Refinement, Pass #6, Freq. 1.100000e+10 :Title    
   Listing of mesh elements with poor quality. :ToolTip  
   hf3d :Author   
   1768245489 :TimeStamp
   mm :UnitName 
   1.0000000000000000e-03 :UnitConv
FlagFileMetaData End
BEGIN_ERR 
26 Small mesh segment detected on body : Substrate
 Small mesh segment detected on body : Substrate 
 Segment Statistics - Number of Segments : 1 --- Segment length(s) : 0.044354mm. The cutoff frequency for S-Matrix Only Solve is 18.142850278383MHz 
1 -1  # nfids, fids[]
1 6  # nbids, bids[]
      4 0 1 0 #ntets ntri ned npts
           3.0078429988524524e+00   3.0405594235768598e+00   1.4478902645928984e+00 #xyz tv0
           2.9886593563167212e+00   3.0527780267044680e+00   1.4859685383019685e+00 #xyz tv1
           3.0240000000000000e+00   3.0240000000000000e+00   1.5240000000000000e+00 #xyz tv2
           2.9723803557752482e+00   3.0010543092560646e+00   1.4348188433776463e+00 -1 6 #xyz tv3 fid bid
           3.0078429988524524e+00   3.0405594235768598e+00   1.4478902645928984e+00 #xyz tv0
           3.0240000000000000e+00   3.0240000000000000e+00   1.5240000000000000e+00 #xyz tv1
           2.9886593563167212e+00   3.0527780267044680e+00   1.4859685383019685e+00 #xyz tv2
           3.0433056419296571e+00   3.0800645378976554e+00   1.4609616858081504e+00 -1 6 #xyz tv3 fid bid
           3.0078429988524524e+00   3.0405594235768598e+00   1.4478902645928984e+00 #xyz tv0
           2.9559559501657908e+00   3.0789032838379264e+00   1.4649469486919731e+00 #xyz tv1
           2.9886593563167212e+00   3.0527780267044680e+00   1.4859685383019685e+00 #xyz tv2
           2.9723803557752482e+00   3.0010543092560646e+00   1.4348188433776463e+00 -1 6 #xyz tv3 fid bid
           3.0078429988524524e+00   3.0405594235768598e+00   1.4478902645928984e+00 #xyz tv0
           2.9886593563167212e+00   3.0527780267044680e+00   1.4859685383019685e+00 #xyz tv1
           2.9559559501657908e+00   3.0789032838379264e+00   1.4649469486919731e+00 #xyz tv2
           3.0433056419296571e+00   3.0800645378976554e+00   1.4609616858081504e+00 -1 6 #xyz tv3 fid bid
           3.0078429988524524e+00   3.0405594235768598e+00   1.4478902645928984e+00 #xyz ev0
           2.9886593563167212e+00   3.0527780267044680e+00   1.4859685383019685e+00 -1 6 #xyz ev1 fid bid
   0   0.000000000000e+00   0.000000000000e+00   0.000000000000e+00 #flag location
END_ERR 
BEGIN_ERR 
26 Small mesh segment detected on body : Substrate
 Small mesh segment detected on body : Substrate 
 Segment Statistics - Number of Segments : 1 --- Segment length(s) : 0.046840mm. The cutoff frequency for S-Matrix Only Solve is 18.142850278383MHz 
1 -1  # nfids, fids[]
1 6  # nbids, bids[]
      5 0 1 0 #ntets ntri ned npts
           3.0078429988524524e+00   3.0405594235768598e+00   1.4478902645928984e+00 #xyz tv0
           2.9559559501657908e+00   3.0789032838379264e+00   1.4649469486919731e+00 #xyz tv1
           2.9886593563167212e+00   3.0527780267044680e+00   1.4859685383019685e+00 #xyz tv2
           2.9723803557752482e+00   3.0010543092560646e+00   1.4348188433776463e+00 -1 6 #xyz tv3 fid bid
           3.0078429988524524e+00   3.0405594235768598e+00   1.4478902645928984e+00 #xyz tv0
           2.9886593563167212e+00   3.0527780267044680e+00   1.4859685383019685e+00 #xyz tv1
           2.9559559501657908e+00   3.0789032838379264e+00   1.4649469486919731e+00 #xyz tv2
           3.0433056419296571e+00   3.0800645378976554e+00   1.4609616858081504e+00 -1 6 #xyz tv3 fid bid
           2.9886593563167212e+00   3.0527780267044680e+00   1.4859685383019685e+00 #xyz tv0
           2.9156569921039046e+00   3.0240000000000000e+00   1.5240000000000000e+00 #xyz tv1
           2.9723803557752482e+00   3.0010543092560646e+00   1.4348188433776463e+00 #xyz tv2
           2.9559559501657908e+00   3.0789032838379264e+00   1.4649469486919731e+00 -1 6 #xyz tv3 fid bid
           2.9886593563167212e+00   3.0527780267044680e+00   1.4859685383019685e+00 #xyz tv0
           3.0433056419296571e+00   3.0800645378976554e+00   1.4609616858081504e+00 #xyz tv1
           2.9978938287973058e+00   3.1183573344781390e+00   1.5240000000000000e+00 #xyz tv2
           2.9559559501657908e+00   3.0789032838379264e+00   1.4649469486919731e+00 -1 6 #xyz tv3 fid bid
           2.9886593563167212e+00   3.0527780267044680e+00   1.4859685383019685e+00 #xyz tv0
           2.9978938287973058e+00   3.1183573344781390e+00   1.5240000000000000e+00 #xyz tv1
           2.9156569921039046e+00   3.0240000000000000e+00   1.5240000000000000e+00 #xyz tv2
           2.9559559501657908e+00   3.0789032838379264e+00   1.4649469486919731e+00 -1 6 #xyz tv3 fid bid
           2.9559559501657908e+00   3.0789032838379264e+00   1.4649469486919731e+00 #xyz ev0
           2.9886593563167212e+00   3.0527780267044680e+00   1.4859685383019685e+00 -1 6 #xyz ev1 fid bid
   0   0.000000000000e+00   0.000000000000e+00   0.000000000000e+00 #flag location
END_ERR 
BEGIN_ERR 
26 Small mesh segment detected on body : Substrate
 Small mesh segment detected on body : Substrate 
