G3dErrFileVersion 2025R1
FlagFileMetaData Begin
   Mesh Size - Setup1, Refinement, Pass #1, Freq. 1.000000e+10 :Title    
   Listing of mesh elements with poor quality. :ToolTip  
   hf3d :Author   
   1779613516 :TimeStamp
   mm :UnitName 
   1.0000000000000000e-03 :UnitConv
FlagFileMetaData End
BEGIN_ERR 
26 Small mesh segment detected on body : Substrate
 Small mesh segment detected on body : Substrate 
 Segment Statistics - Number of Segments : 1 --- Segment length(s) : 0.937500mm. The cutoff frequency for S-Matrix Only Solve is 18.142850278383MHz 
4 -1  8  76  112  # nfids, fids[]
2 6  -1  # nbids, bids[]
      5 6 1 0 #ntets ntri ned npts
          -7.5000000000000000e+00   4.6875000000000000e+00   6.6674999999999995e-01 #xyz tv0
          -7.5000000000000000e+00   4.6875000000000000e+00   0.0000000000000000e+00 #xyz tv1
          -6.5625000000000000e+00   4.6875000000000000e+00   0.0000000000000000e+00 #xyz tv2
          -7.5000000000000000e+00   5.6250000000000000e+00   0.0000000000000000e+00 -1 6 #xyz tv3 fid bid
          -7.1389811848390785e+00   4.2244613844931713e+00   2.5621776714104932e-01 #xyz tv0
          -7.5000000000000000e+00   4.6875000000000000e+00   6.6674999999999995e-01 #xyz tv1
          -7.5000000000000000e+00   4.6875000000000000e+00   0.0000000000000000e+00 #xyz tv2
          -6.5625000000000000e+00   4.6875000000000000e+00   0.0000000000000000e+00 -1 6 #xyz tv3 fid bid
          -7.5000000000000000e+00   4.6875000000000000e+00   0.0000000000000000e+00 #xyz tv0
          -6.2081473214285712e+00   6.0082753863598874e+00  -1.5046830573706123e+00 #xyz tv1
          -6.5625000000000000e+00   4.6875000000000000e+00   0.0000000000000000e+00 #xyz tv2
          -7.5000000000000000e+00   5.6250000000000000e+00   0.0000000000000000e+00 -1 6 #xyz tv3 fid bid
          -7.1389811848390785e+00   4.2244613844931713e+00   2.5621776714104932e-01 #xyz tv0
          -7.5000000000000000e+00   4.6875000000000000e+00   0.0000000000000000e+00 #xyz tv1
          -7.5000000000000000e+00   3.7500000000000000e+00   0.0000000000000000e+00 #xyz tv2
          -6.5625000000000000e+00   4.6875000000000000e+00   0.0000000000000000e+00 -1 6 #xyz tv3 fid bid
          -7.5000000000000000e+00   4.6875000000000000e+00   0.0000000000000000e+00 #xyz tv0
          -6.5625000000000000e+00   4.6875000000000000e+00   0.0000000000000000e+00 #xyz tv1
          -6.2081473214285712e+00   6.0082753863598874e+00  -1.5046830573706123e+00 #xyz tv2
          -7.5000000000000000e+00   3.7500000000000000e+00   0.0000000000000000e+00 -1 6 #xyz tv3 fid bid
          -7.5000000000000000e+00   3.7500000000000000e+00   0.0000000000000000e+00 #xyz tv0
          -7.5000000000000000e+00   4.6875000000000000e+00   0.0000000000000000e+00 #xyz tv1
          -6.5625000000000000e+00   4.6875000000000000e+00   0.0000000000000000e+00 8 -1 #xyz tv2 fid bid
          -7.5000000000000000e+00   3.7500000000000000e+00   0.0000000000000000e+00 #xyz tv0
          -7.5000000000000000e+00   4.6875000000000000e+00   0.0000000000000000e+00 #xyz tv1
          -6.5625000000000000e+00   4.6875000000000000e+00   0.0000000000000000e+00 76 -1 #xyz tv2 fid bid
          -7.5000000000000000e+00   3.7500000000000000e+00   0.0000000000000000e+00 #xyz tv0
          -7.5000000000000000e+00   4.6875000000000000e+00   0.0000000000000000e+00 #xyz tv1
          -6.5625000000000000e+00   4.6875000000000000e+00   0.0000000000000000e+00 112 -1 #xyz tv2 fid bid
          -7.5000000000000000e+00   4.6875000000000000e+00   0.0000000000000000e+00 #xyz tv0
          -7.5000000000000000e+00   5.6250000000000000e+00   0.0000000000000000e+00 #xyz tv1
          -6.5625000000000000e+00   4.6875000000000000e+00   0.0000000000000000e+00 8 -1 #xyz tv2 fid bid
          -7.5000000000000000e+00   4.6875000000000000e+00   0.0000000000000000e+00 #xyz tv0
          -7.5000000000000000e+00   5.6250000000000000e+00   0.0000000000000000e+00 #xyz tv1
          -6.5625000000000000e+00   4.6875000000000000e+00   0.0000000000000000e+00 76 -1 #xyz tv2 fid bid
          -7.5000000000000000e+00   4.6875000000000000e+00   0.0000000000000000e+00 #xyz tv0
          -7.5000000000000000e+00   5.6250000000000000e+00   0.0000000000000000e+00 #xyz tv1
          -6.5625000000000000e+00   4.6875000000000000e+00   0.0000000000000000e+00 112 -1 #xyz tv2 fid bid
          -7.5000000000000000e+00   4.6875000000000000e+00   0.0000000000000000e+00 #xyz ev0
          -6.5625000000000000e+00   4.6875000000000000e+00   0.0000000000000000e+00 -1 6 #xyz ev1 fid bid
   0   0.000000000000e+00   0.000000000000e+00   0.000000000000e+00 #flag location
END_ERR 
BEGIN_ERR 
26 Small mesh segment detected on body : Substrate
 Small mesh segment detected on body : Substrate 
 Segment Statistics - Number of Segments : 1 --- Segment length(s) : 1.325825mm. The cutoff frequency for S-Matrix Only Solve is 18.142850278383MHz 
4 -1  8  76  112  # nfids, fids[]
2 6  -1  # nbids, bids[]
      6 6 1 0 #ntets ntri ned npts
          -7.5000000000000000e+00   4.6875000000000000e+00   6.6674999999999995e-01 #xyz tv0
          -7.5000000000000000e+00   4.6875000000000000e+00   0.0000000000000000e+00 #xyz tv1
          -6.5625000000000000e+00   4.6875000000000000e+00   0.0000000000000000e+00 #xyz tv2
          -7.5000000000000000e+00   5.6250000000000000e+00   0.0000000000000000e+00 -1 6 #xyz tv3 fid bid
          -7.5000000000000000e+00   4.6875000000000000e+00   0.0000000000000000e+00 #xyz tv0
          -6.2081473214285712e+00   6.0082753863598874e+00  -1.5046830573706123e+00 #xyz tv1
          -6.5625000000000000e+00   4.6875000000000000e+00   0.0000000000000000e+00 #xyz tv2
          -7.5000000000000000e+00   5.6250000000000000e+00   0.0000000000000000e+00 -1 6 #xyz tv3 fid bid
          -6.7899052538454523e+00   5.0657038193485366e+00   7.8043147572846150e-01 #xyz tv0
          -7.5000000000000000e+00   5.6250000000000000e+00   0.0000000000000000e+00 #xyz tv1
          -7.5000000000000000e+00   4.6875000000000000e+00   6.6674999999999995e-01 #xyz tv2
          -6.5625000000000000e+00   4.6875000000000000e+00   0.0000000000000000e+00 -1 6 #xyz tv3 fid bid
          -6.5625000000000000e+00   5.6250000000000000e+00   0.0000000000000000e+00 #xyz tv0
          -6.5625000000000000e+00   4.6875000000000000e+00   0.0000000000000000e+00 #xyz tv1
          -6.2081473214285712e+00   6.0082753863598874e+00  -1.5046830573706123e+00 #xyz tv2
          -7.5000000000000000e+00   5.6250000000000000e+00   0.0000000000000000e+00 -1 6 #xyz tv3 fid bid
          -6.7899052538454523e+00   5.0657038193485366e+00   7.8043147572846150e-01 #xyz tv0
          -6.4997982415917015e+00   5.6243138220623479e+00   5.2668270615645185e-01 #xyz tv1
          -7.5000000000000000e+00   5.6250000000000000e+00   0.0000000000000000e+00 #xyz tv2
          -6.5625000000000000e+00   4.6875000000000000e+00   0.0000000000000000e+00 -1 6 #xyz tv3 fid bid
          -6.5625000000000000e+00   5.6250000000000000e+00   0.0000000000000000e+00 #xyz tv0
          -6.4997982415917015e+00   5.6243138220623479e+00   5.2668270615645185e-01 #xyz tv1
          -6.5625000000000000e+00   4.6875000000000000e+00   0.0000000000000000e+00 #xyz tv2
          -7.5000000000000000e+00   5.6250000000000000e+00   0.0000000000000000e+00 -1 6 #xyz tv3 fid bid
          -7.5000000000000000e+00   4.6875000000000000e+00   0.0000000000000000e+00 #xyz tv0
          -7.5000000000000000e+00   5.6250000000000000e+00   0.0000000000000000e+00 #xyz tv1
          -6.5625000000000000e+00   4.6875000000000000e+00   0.0000000000000000e+00 8 -1 #xyz tv2 fid bid
          -7.5000000000000000e+00   4.6875000000000000e+00   0.0000000000000000e+00 #xyz tv0
          -7.5000000000000000e+00   5.6250000000000000e+00   0.0000000000000000e+00 #xyz tv1
          -6.5625000000000000e+00   4.6875000000000000e+00   0.0000000000000000e+00 76 -1 #xyz tv2 fid bid
          -7.5000000000000000e+00   4.6875000000000000e+00   0.0000000000000000e+00 #xyz tv0
          -7.5000000000000000e+00   5.6250000000000000e+00   0.0000000000000000e+00 #xyz tv1
          -6.5625000000000000e+00   4.6875000000000000e+00   0.0000000000000000e+00 112 -1 #xyz tv2 fid bid
          -7.5000000000000000e+00   5.6250000000000000e+00   0.0000000000000000e+00 #xyz tv0
          -6.5625000000000000e+00   5.6250000000000000e+00   0.0000000000000000e+00 #xyz tv1
          -6.5625000000000000e+00   4.6875000000000000e+00   0.0000000000000000e+00 8 -1 #xyz tv2 fid bid
          -7.5000000000000000e+00   5.6250000000000000e+00   0.0000000000000000e+00 #xyz tv0
          -6.5625000000000000e+00   5.6250000000000000e+00   0.0000000000000000e+00 #xyz tv1
          -6.5625000000000000e+00   4.6875000000000000e+00   0.0000000000000000e+00 76 -1 #xyz tv2 fid bid
          -7.5000000000000000e+00   5.6250000000000000e+00   0.0000000000000000e+00 #xyz tv0
          -6.5625000000000000e+00   5.6250000000000000e+00   0.0000000000000000e+00 #xyz tv1
          -6.5625000000000000e+00   4.6875000000000000e+00   0.0000000000000000e+00 112 -1 #xyz tv2 fid bid
          -7.5000000000000000e+00   5.6250000000000000e+00   0.0000000000000000e+00 #xyz ev0
          -6.5625000000000000e+00   4.6875000000000000e+00   0.0000000000000000e+00 -1 6 #xyz ev1 fid bid
   0   0.000000000000e+00   0.000000000000e+00   0.000000000000e+00 #flag location
END_ERR 
G3dErrFileVersion 2025R1
FlagFileMetaData Begin
   Mesh Size - Setup1, Refinement, Pass #2, Freq. 1.000000e+10 :Title    
   Listing of mesh elements with poor quality. :ToolTip  
   hf3d :Author   
   1779613521 :TimeStamp
   mm :UnitName 
   1.0000000000000000e-03 :UnitConv
FlagFileMetaData End
BEGIN_ERR 
26 Small mesh segment detected on body : Substrate
 Small mesh segment detected on body : Substrate 
 Segment Statistics - Number of Segments : 1 --- Segment length(s) : 0.937500mm. The cutoff frequency for S-Matrix Only Solve is 18.142850278383MHz 
4 -1  8  76  112  # nfids, fids[]
2 6  -1  # nbids, bids[]
      5 6 1 0 #ntets ntri ned npts
          -7.5000000000000000e+00   4.6875000000000000e+00   6.6674999999999995e-01 #xyz tv0
          -7.5000000000000000e+00   4.6875000000000000e+00   0.0000000000000000e+00 #xyz tv1
          -6.5625000000000000e+00   4.6875000000000000e+00   0.0000000000000000e+00 #xyz tv2
          -7.5000000000000000e+00   5.6250000000000000e+00   0.0000000000000000e+00 -1 6 #xyz tv3 fid bid
          -7.1389873496431910e+00   4.2244617113211618e+00   2.5622152777137919e-01 #xyz tv0
          -7.5000000000000000e+00   4.6875000000000000e+00   6.6674999999999995e-01 #xyz tv1
          -7.5000000000000000e+00   4.6875000000000000e+00   0.0000000000000000e+00 #xyz tv2
          -6.5625000000000000e+00   4.6875000000000000e+00   0.0000000000000000e+00 -1 6 #xyz tv3 fid bid
          -7.5000000000000000e+00   4.6875000000000000e+00   0.0000000000000000e+00 #xyz tv0
          -6.2081473214285712e+00   6.0082753863598874e+00  -1.5046830573706123e+00 #xyz tv1
          -6.5625000000000000e+00   4.6875000000000000e+00   0.0000000000000000e+00 #xyz tv2
          -7.5000000000000000e+00   5.6250000000000000e+00   0.0000000000000000e+00 -1 6 #xyz tv3 fid bid
          -7.1389873496431910e+00   4.2244617113211618e+00   2.5622152777137919e-01 #xyz tv0
          -7.5000000000000000e+00   4.6875000000000000e+00   0.0000000000000000e+00 #xyz tv1
          -7.5000000000000000e+00   3.7500000000000000e+00   0.0000000000000000e+00 #xyz tv2
          -6.5625000000000000e+00   4.6875000000000000e+00   0.0000000000000000e+00 -1 6 #xyz tv3 fid bid
          -7.5000000000000000e+00   4.6875000000000000e+00   0.0000000000000000e+00 #xyz tv0
          -6.5625000000000000e+00   4.6875000000000000e+00   0.0000000000000000e+00 #xyz tv1
          -6.2081473214285712e+00   6.0082753863598874e+00  -1.5046830573706123e+00 #xyz tv2
          -7.5000000000000000e+00   3.7500000000000000e+00   0.0000000000000000e+00 -1 6 #xyz tv3 fid bid
          -7.5000000000000000e+00   3.7500000000000000e+00   0.0000000000000000e+00 #xyz tv0
          -7.5000000000000000e+00   4.6875000000000000e+00   0.0000000000000000e+00 #xyz tv1
          -6.5625000000000000e+00   4.6875000000000000e+00   0.0000000000000000e+00 8 -1 #xyz tv2 fid bid
          -7.5000000000000000e+00   3.7500000000000000e+00   0.0000000000000000e+00 #xyz tv0
          -7.5000000000000000e+00   4.6875000000000000e+00   0.0000000000000000e+00 #xyz tv1
          -6.5625000000000000e+00   4.6875000000000000e+00   0.0000000000000000e+00 76 -1 #xyz tv2 fid bid
          -7.5000000000000000e+00   3.7500000000000000e+00   0.0000000000000000e+00 #xyz tv0
          -7.5000000000000000e+00   4.6875000000000000e+00   0.0000000000000000e+00 #xyz tv1
          -6.5625000000000000e+00   4.6875000000000000e+00   0.0000000000000000e+00 112 -1 #xyz tv2 fid bid
          -7.5000000000000000e+00   4.6875000000000000e+00   0.0000000000000000e+00 #xyz tv0
          -7.5000000000000000e+00   5.6250000000000000e+00   0.0000000000000000e+00 #xyz tv1
          -6.5625000000000000e+00   4.6875000000000000e+00   0.0000000000000000e+00 8 -1 #xyz tv2 fid bid
          -7.5000000000000000e+00   4.6875000000000000e+00   0.0000000000000000e+00 #xyz tv0
          -7.5000000000000000e+00   5.6250000000000000e+00   0.0000000000000000e+00 #xyz tv1
          -6.5625000000000000e+00   4.6875000000000000e+00   0.0000000000000000e+00 76 -1 #xyz tv2 fid bid
          -7.5000000000000000e+00   4.6875000000000000e+00   0.0000000000000000e+00 #xyz tv0
          -7.5000000000000000e+00   5.6250000000000000e+00   0.0000000000000000e+00 #xyz tv1
          -6.5625000000000000e+00   4.6875000000000000e+00   0.0000000000000000e+00 112 -1 #xyz tv2 fid bid
          -7.5000000000000000e+00   4.6875000000000000e+00   0.0000000000000000e+00 #xyz ev0
          -6.5625000000000000e+00   4.6875000000000000e+00   0.0000000000000000e+00 -1 6 #xyz ev1 fid bid
   0   0.000000000000e+00   0.000000000000e+00   0.000000000000e+00 #flag location
END_ERR 
BEGIN_ERR 
26 Small mesh segment detected on body : Substrate
 Small mesh segment detected on body : Substrate 
 Segment Statistics - Number of Segments : 1 --- Segment length(s) : 1.325825mm. The cutoff frequency for S-Matrix Only Solve is 18.142850278383MHz 
4 -1  8  76  112  # nfids, fids[]
2 6  -1  # nbids, bids[]
      6 6 1 0 #ntets ntri ned npts
          -7.5000000000000000e+00   4.6875000000000000e+00   6.6674999999999995e-01 #xyz tv0
          -7.5000000000000000e+00   4.6875000000000000e+00   0.0000000000000000e+00 #xyz tv1
          -6.5625000000000000e+00   4.6875000000000000e+00   0.0000000000000000e+00 #xyz tv2
          -7.5000000000000000e+00   5.6250000000000000e+00   0.0000000000000000e+00 -1 6 #xyz tv3 fid bid
          -7.5000000000000000e+00   4.6875000000000000e+00   0.0000000000000000e+00 #xyz tv0
          -6.2081473214285712e+00   6.0082753863598874e+00  -1.5046830573706123e+00 #xyz tv1
          -6.5625000000000000e+00   4.6875000000000000e+00   0.0000000000000000e+00 #xyz tv2
          -7.5000000000000000e+00   5.6250000000000000e+00   0.0000000000000000e+00 -1 6 #xyz tv3 fid bid
          -6.7898860204566587e+00   5.0657040857452529e+00   7.8042294744181995e-01 #xyz tv0
          -7.5000000000000000e+00   5.6250000000000000e+00   0.0000000000000000e+00 #xyz tv1
          -7.5000000000000000e+00   4.6875000000000000e+00   6.6674999999999995e-01 #xyz tv2
          -6.5625000000000000e+00   4.6875000000000000e+00   0.0000000000000000e+00 -1 6 #xyz tv3 fid bid
          -6.5625000000000000e+00   5.6250000000000000e+00   0.0000000000000000e+00 #xyz tv0
          -6.5625000000000000e+00   4.6875000000000000e+00   0.0000000000000000e+00 #xyz tv1
          -6.2081473214285712e+00   6.0082753863598874e+00  -1.5046830573706123e+00 #xyz tv2
          -7.5000000000000000e+00   5.6250000000000000e+00   0.0000000000000000e+00 -1 6 #xyz tv3 fid bid
          -6.7898860204566587e+00   5.0657040857452529e+00   7.8042294744181995e-01 #xyz tv0
          -6.4997982415917015e+00   5.6243138220623479e+00   5.2668270615645185e-01 #xyz tv1
          -7.5000000000000000e+00   5.6250000000000000e+00   0.0000000000000000e+00 #xyz tv2
          -6.5625000000000000e+00   4.6875000000000000e+00   0.0000000000000000e+00 -1 6 #xyz tv3 fid bid
          -6.5625000000000000e+00   5.6250000000000000e+00   0.0000000000000000e+00 #xyz tv0
          -6.4997982415917015e+00   5.6243138220623479e+00   5.2668270615645185e-01 #xyz tv1
          -6.5625000000000000e+00   4.6875000000000000e+00   0.0000000000000000e+00 #xyz tv2
          -7.5000000000000000e+00   5.6250000000000000e+00   0.0000000000000000e+00 -1 6 #xyz tv3 fid bid
          -7.5000000000000000e+00   4.6875000000000000e+00   0.0000000000000000e+00 #xyz tv0
          -7.5000000000000000e+00   5.6250000000000000e+00   0.0000000000000000e+00 #xyz tv1
          -6.5625000000000000e+00   4.6875000000000000e+00   0.0000000000000000e+00 8 -1 #xyz tv2 fid bid
          -7.5000000000000000e+00   4.6875000000000000e+00   0.0000000000000000e+00 #xyz tv0
          -7.5000000000000000e+00   5.6250000000000000e+00   0.0000000000000000e+00 #xyz tv1
          -6.5625000000000000e+00   4.6875000000000000e+00   0.0000000000000000e+00 76 -1 #xyz tv2 fid bid
          -7.5000000000000000e+00   4.6875000000000000e+00   0.0000000000000000e+00 #xyz tv0
          -7.5000000000000000e+00   5.6250000000000000e+00   0.0000000000000000e+00 #xyz tv1
          -6.5625000000000000e+00   4.6875000000000000e+00   0.0000000000000000e+00 112 -1 #xyz tv2 fid bid
          -7.5000000000000000e+00   5.6250000000000000e+00   0.0000000000000000e+00 #xyz tv0
          -6.5625000000000000e+00   5.6250000000000000e+00   0.0000000000000000e+00 #xyz tv1
          -6.5625000000000000e+00   4.6875000000000000e+00   0.0000000000000000e+00 8 -1 #xyz tv2 fid bid
          -7.5000000000000000e+00   5.6250000000000000e+00   0.0000000000000000e+00 #xyz tv0
          -6.5625000000000000e+00   5.6250000000000000e+00   0.0000000000000000e+00 #xyz tv1
          -6.5625000000000000e+00   4.6875000000000000e+00   0.0000000000000000e+00 76 -1 #xyz tv2 fid bid
          -7.5000000000000000e+00   5.6250000000000000e+00   0.0000000000000000e+00 #xyz tv0
          -6.5625000000000000e+00   5.6250000000000000e+00   0.0000000000000000e+00 #xyz tv1
          -6.5625000000000000e+00   4.6875000000000000e+00   0.0000000000000000e+00 112 -1 #xyz tv2 fid bid
          -7.5000000000000000e+00   5.6250000000000000e+00   0.0000000000000000e+00 #xyz ev0
          -6.5625000000000000e+00   4.6875000000000000e+00   0.0000000000000000e+00 -1 6 #xyz ev1 fid bid
   0   0.000000000000e+00   0.000000000000e+00   0.000000000000e+00 #flag location
END_ERR 
G3dErrFileVersion 2025R1
FlagFileMetaData Begin
   Mesh Size - Setup1, Refinement, Pass #3, Freq. 1.000000e+10 :Title    
   Listing of mesh elements with poor quality. :ToolTip  
   hf3d :Author   
   1779613528 :TimeStamp
   mm :UnitName 
   1.0000000000000000e-03 :UnitConv
FlagFileMetaData End
BEGIN_ERR 
26 Small mesh segment detected on body : Substrate
 Small mesh segment detected on body : Substrate 
 Segment Statistics - Number of Segments : 1 --- Segment length(s) : 0.937500mm. The cutoff frequency for S-Matrix Only Solve is 18.142850278383MHz 
4 -1  8  76  112  # nfids, fids[]
2 6  -1  # nbids, bids[]
      5 6 1 0 #ntets ntri ned npts
          -7.5000000000000000e+00   4.6875000000000000e+00   6.6674999999999995e-01 #xyz tv0
          -7.5000000000000000e+00   4.6875000000000000e+00   0.0000000000000000e+00 #xyz tv1
          -6.5625000000000000e+00   4.6875000000000000e+00   0.0000000000000000e+00 #xyz tv2
          -7.5000000000000000e+00   5.6250000000000000e+00   0.0000000000000000e+00 -1 6 #xyz tv3 fid bid
          -7.1389877349434485e+00   4.2244617317479101e+00   2.5622176281077486e-01 #xyz tv0
          -7.5000000000000000e+00   4.6875000000000000e+00   6.6674999999999995e-01 #xyz tv1
          -7.5000000000000000e+00   4.6875000000000000e+00   0.0000000000000000e+00 #xyz tv2
          -6.5625000000000000e+00   4.6875000000000000e+00   0.0000000000000000e+00 -1 6 #xyz tv3 fid bid
          -7.5000000000000000e+00   4.6875000000000000e+00   0.0000000000000000e+00 #xyz tv0
          -6.2081473214285712e+00   6.0082753863598874e+00  -1.5046830573706123e+00 #xyz tv1
          -6.5625000000000000e+00   4.6875000000000000e+00   0.0000000000000000e+00 #xyz tv2
          -7.5000000000000000e+00   5.6250000000000000e+00   0.0000000000000000e+00 -1 6 #xyz tv3 fid bid
          -7.1389877349434485e+00   4.2244617317479101e+00   2.5622176281077486e-01 #xyz tv0
          -7.5000000000000000e+00   4.6875000000000000e+00   0.0000000000000000e+00 #xyz tv1
          -7.5000000000000000e+00   3.7500000000000000e+00   0.0000000000000000e+00 #xyz tv2
          -6.5625000000000000e+00   4.6875000000000000e+00   0.0000000000000000e+00 -1 6 #xyz tv3 fid bid
          -7.5000000000000000e+00   4.6875000000000000e+00   0.0000000000000000e+00 #xyz tv0
          -6.5625000000000000e+00   4.6875000000000000e+00   0.0000000000000000e+00 #xyz tv1
          -6.2081473214285712e+00   6.0082753863598874e+00  -1.5046830573706123e+00 #xyz tv2
          -7.5000000000000000e+00   3.7500000000000000e+00   0.0000000000000000e+00 -1 6 #xyz tv3 fid bid
          -7.5000000000000000e+00   3.7500000000000000e+00   0.0000000000000000e+00 #xyz tv0
          -7.5000000000000000e+00   4.6875000000000000e+00   0.0000000000000000e+00 #xyz tv1
          -6.5625000000000000e+00   4.6875000000000000e+00   0.0000000000000000e+00 8 -1 #xyz tv2 fid bid
          -7.5000000000000000e+00   3.7500000000000000e+00   0.0000000000000000e+00 #xyz tv0
          -7.5000000000000000e+00   4.6875000000000000e+00   0.0000000000000000e+00 #xyz tv1
          -6.5625000000000000e+00   4.6875000000000000e+00   0.0000000000000000e+00 76 -1 #xyz tv2 fid bid
          -7.5000000000000000e+00   3.7500000000000000e+00   0.0000000000000000e+00 #xyz tv0
          -7.5000000000000000e+00   4.6875000000000000e+00   0.0000000000000000e+00 #xyz tv1
          -6.5625000000000000e+00   4.6875000000000000e+00   0.0000000000000000e+00 112 -1 #xyz tv2 fid bid
          -7.5000000000000000e+00   4.6875000000000000e+00   0.0000000000000000e+00 #xyz tv0
          -7.5000000000000000e+00   5.6250000000000000e+00   0.0000000000000000e+00 #xyz tv1
          -6.5625000000000000e+00   4.6875000000000000e+00   0.0000000000000000e+00 8 -1 #xyz tv2 fid bid
          -7.5000000000000000e+00   4.6875000000000000e+00   0.0000000000000000e+00 #xyz tv0
          -7.5000000000000000e+00   5.6250000000000000e+00   0.0000000000000000e+00 #xyz tv1
          -6.5625000000000000e+00   4.6875000000000000e+00   0.0000000000000000e+00 76 -1 #xyz tv2 fid bid
          -7.5000000000000000e+00   4.6875000000000000e+00   0.0000000000000000e+00 #xyz tv0
          -7.5000000000000000e+00   5.6250000000000000e+00   0.0000000000000000e+00 #xyz tv1
          -6.5625000000000000e+00   4.6875000000000000e+00   0.0000000000000000e+00 112 -1 #xyz tv2 fid bid
          -7.5000000000000000e+00   4.6875000000000000e+00   0.0000000000000000e+00 #xyz ev0
          -6.5625000000000000e+00   4.6875000000000000e+00   0.0000000000000000e+00 -1 6 #xyz ev1 fid bid
   0   0.000000000000e+00   0.000000000000e+00   0.000000000000e+00 #flag location
END_ERR 
BEGIN_ERR 
26 Small mesh segment detected on body : Substrate
 Small mesh segment detected on body : Substrate 
 Segment Statistics - Number of Segments : 1 --- Segment length(s) : 1.325825mm. The cutoff frequency for S-Matrix Only Solve is 18.142850278383MHz 
4 -1  8  76  112  # nfids, fids[]
2 6  -1  # nbids, bids[]
      6 6 1 0 #ntets ntri ned npts
          -7.5000000000000000e+00   4.6875000000000000e+00   6.6674999999999995e-01 #xyz tv0
          -7.5000000000000000e+00   4.6875000000000000e+00   0.0000000000000000e+00 #xyz tv1
          -6.5625000000000000e+00   4.6875000000000000e+00   0.0000000000000000e+00 #xyz tv2
          -7.5000000000000000e+00   5.6250000000000000e+00   0.0000000000000000e+00 -1 6 #xyz tv3 fid bid
          -7.5000000000000000e+00   4.6875000000000000e+00   0.0000000000000000e+00 #xyz tv0
          -6.2081473214285712e+00   6.0082753863598874e+00  -1.5046830573706123e+00 #xyz tv1
          -6.5625000000000000e+00   4.6875000000000000e+00   0.0000000000000000e+00 #xyz tv2
          -7.5000000000000000e+00   5.6250000000000000e+00   0.0000000000000000e+00 -1 6 #xyz tv3 fid bid
          -6.7903399259359745e+00   5.0703352876766363e+00   7.8064163633975048e-01 #xyz tv0
          -7.5000000000000000e+00   5.6250000000000000e+00   0.0000000000000000e+00 #xyz tv1
          -7.5000000000000000e+00   4.6875000000000000e+00   6.6674999999999995e-01 #xyz tv2
          -6.5625000000000000e+00   4.6875000000000000e+00   0.0000000000000000e+00 -1 6 #xyz tv3 fid bid
          -6.5625000000000000e+00   5.6250000000000000e+00   0.0000000000000000e+00 #xyz tv0
          -6.5625000000000000e+00   4.6875000000000000e+00   0.0000000000000000e+00 #xyz tv1
          -6.2081473214285712e+00   6.0082753863598874e+00  -1.5046830573706123e+00 #xyz tv2
          -7.5000000000000000e+00   5.6250000000000000e+00   0.0000000000000000e+00 -1 6 #xyz tv3 fid bid
          -6.7903399259359745e+00   5.0703352876766363e+00   7.8064163633975048e-01 #xyz tv0
          -6.4997982415917015e+00   5.6243138220623479e+00   5.2668270615645185e-01 #xyz tv1
          -7.5000000000000000e+00   5.6250000000000000e+00   0.0000000000000000e+00 #xyz tv2
          -6.5625000000000000e+00   4.6875000000000000e+00   0.0000000000000000e+00 -1 6 #xyz tv3 fid bid
          -6.5625000000000000e+00   5.6250000000000000e+00   0.0000000000000000e+00 #xyz tv0
          -6.4997982415917015e+00   5.6243138220623479e+00   5.2668270615645185e-01 #xyz tv1
          -6.5625000000000000e+00   4.6875000000000000e+00   0.0000000000000000e+00 #xyz tv2
          -7.5000000000000000e+00   5.6250000000000000e+00   0.0000000000000000e+00 -1 6 #xyz tv3 fid bid
          -7.5000000000000000e+00   4.6875000000000000e+00   0.0000000000000000e+00 #xyz tv0
          -7.5000000000000000e+00   5.6250000000000000e+00   0.0000000000000000e+00 #xyz tv1
          -6.5625000000000000e+00   4.6875000000000000e+00   0.0000000000000000e+00 8 -1 #xyz tv2 fid bid
          -7.5000000000000000e+00   4.6875000000000000e+00   0.0000000000000000e+00 #xyz tv0
          -7.5000000000000000e+00   5.6250000000000000e+00   0.0000000000000000e+00 #xyz tv1
          -6.5625000000000000e+00   4.6875000000000000e+00   0.0000000000000000e+00 76 -1 #xyz tv2 fid bid
          -7.5000000000000000e+00   4.6875000000000000e+00   0.0000000000000000e+00 #xyz tv0
          -7.5000000000000000e+00   5.6250000000000000e+00   0.0000000000000000e+00 #xyz tv1
          -6.5625000000000000e+00   4.6875000000000000e+00   0.0000000000000000e+00 112 -1 #xyz tv2 fid bid
          -7.5000000000000000e+00   5.6250000000000000e+00   0.0000000000000000e+00 #xyz tv0
          -6.5625000000000000e+00   5.6250000000000000e+00   0.0000000000000000e+00 #xyz tv1
          -6.5625000000000000e+00   4.6875000000000000e+00   0.0000000000000000e+00 8 -1 #xyz tv2 fid bid
          -7.5000000000000000e+00   5.6250000000000000e+00   0.0000000000000000e+00 #xyz tv0
          -6.5625000000000000e+00   5.6250000000000000e+00   0.0000000000000000e+00 #xyz tv1
          -6.5625000000000000e+00   4.6875000000000000e+00   0.0000000000000000e+00 76 -1 #xyz tv2 fid bid
          -7.5000000000000000e+00   5.6250000000000000e+00   0.0000000000000000e+00 #xyz tv0
          -6.5625000000000000e+00   5.6250000000000000e+00   0.0000000000000000e+00 #xyz tv1
          -6.5625000000000000e+00   4.6875000000000000e+00   0.0000000000000000e+00 112 -1 #xyz tv2 fid bid
          -7.5000000000000000e+00   5.6250000000000000e+00   0.0000000000000000e+00 #xyz ev0
          -6.5625000000000000e+00   4.6875000000000000e+00   0.0000000000000000e+00 -1 6 #xyz ev1 fid bid
   0   0.000000000000e+00   0.000000000000e+00   0.000000000000e+00 #flag location
END_ERR 
