G3dErrFileVersion 2025R1
FlagFileMetaData Begin
   Mesh Size - Setup1, Refinement, Pass #1, Freq. 1.000000e+10 :Title    
   Listing of mesh elements with poor quality. :ToolTip  
   hf3d :Author   
   1779613431 :TimeStamp
   mm :UnitName 
   1.0000000000000000e-03 :UnitConv
FlagFileMetaData End
BEGIN_ERR 
26 Small mesh segment detected on body : Substrate
 Small mesh segment detected on body : Substrate 
 Segment Statistics - Number of Segments : 1 --- Segment length(s) : 0.095250mm. The cutoff frequency for S-Matrix Only Solve is 18.142850278383MHz 
3 -1  9  77  # nfids, fids[]
2 6  -1  # nbids, bids[]
      4 4 1 0 #ntets ntri ned npts
          -6.5625000000000000e+00  -7.5000000000000000e+00   9.5250000000000001e-02 #xyz tv0
          -5.6250000000000000e+00  -7.5000000000000000e+00   0.0000000000000000e+00 #xyz tv1
          -6.5625000000000000e+00  -6.5625000000000000e+00   0.0000000000000000e+00 #xyz tv2
          -6.5625000000000000e+00  -7.5000000000000000e+00   0.0000000000000000e+00 -1 6 #xyz tv3 fid bid
          -6.5625000000000000e+00  -6.5625000000000000e+00   0.0000000000000000e+00 #xyz tv0
          -7.5000000000000000e+00  -7.5000000000000000e+00   0.0000000000000000e+00 #xyz tv1
          -6.5625000000000000e+00  -7.5000000000000000e+00   9.5250000000000001e-02 #xyz tv2
          -6.5625000000000000e+00  -7.5000000000000000e+00   0.0000000000000000e+00 -1 6 #xyz tv3 fid bid
          -6.5625000000000000e+00  -7.5000000000000000e+00   9.5250000000000001e-02 #xyz tv0
          -8.2500000000000000e+00  -8.2500000000000000e+00   9.6065572232618954e-02 #xyz tv1
          -5.6250000000000000e+00  -7.5000000000000000e+00   0.0000000000000000e+00 #xyz tv2
          -6.5625000000000000e+00  -7.5000000000000000e+00   0.0000000000000000e+00 -1 6 #xyz tv3 fid bid
          -6.5625000000000000e+00  -7.5000000000000000e+00   9.5250000000000001e-02 #xyz tv0
          -8.2500000000000000e+00  -8.2500000000000000e+00   9.6065572232618954e-02 #xyz tv1
          -6.5625000000000000e+00  -7.5000000000000000e+00   0.0000000000000000e+00 #xyz tv2
          -7.5000000000000000e+00  -7.5000000000000000e+00   0.0000000000000000e+00 -1 6 #xyz tv3 fid bid
          -6.5625000000000000e+00  -7.5000000000000000e+00   9.5250000000000001e-02 #xyz tv0
          -7.5000000000000000e+00  -7.5000000000000000e+00   0.0000000000000000e+00 #xyz tv1
          -6.5625000000000000e+00  -7.5000000000000000e+00   0.0000000000000000e+00 9 -1 #xyz tv2 fid bid
          -6.5625000000000000e+00  -7.5000000000000000e+00   9.5250000000000001e-02 #xyz tv0
          -7.5000000000000000e+00  -7.5000000000000000e+00   0.0000000000000000e+00 #xyz tv1
          -6.5625000000000000e+00  -7.5000000000000000e+00   0.0000000000000000e+00 77 -1 #xyz tv2 fid bid
          -5.6250000000000000e+00  -7.5000000000000000e+00   0.0000000000000000e+00 #xyz tv0
          -6.5625000000000000e+00  -7.5000000000000000e+00   9.5250000000000001e-02 #xyz tv1
          -6.5625000000000000e+00  -7.5000000000000000e+00   0.0000000000000000e+00 9 -1 #xyz tv2 fid bid
          -5.6250000000000000e+00  -7.5000000000000000e+00   0.0000000000000000e+00 #xyz tv0
          -6.5625000000000000e+00  -7.5000000000000000e+00   9.5250000000000001e-02 #xyz tv1
          -6.5625000000000000e+00  -7.5000000000000000e+00   0.0000000000000000e+00 77 -1 #xyz tv2 fid bid
          -6.5625000000000000e+00  -7.5000000000000000e+00   0.0000000000000000e+00 #xyz ev0
          -6.5625000000000000e+00  -7.5000000000000000e+00   9.5250000000000001e-02 -1 6 #xyz ev1 fid bid
   0   0.000000000000e+00   0.000000000000e+00   0.000000000000e+00 #flag location
END_ERR 
BEGIN_ERR 
26 Small mesh segment detected on body : Substrate
 Small mesh segment detected on body : Substrate 
 Segment Statistics - Number of Segments : 1 --- Segment length(s) : 1.325825mm. The cutoff frequency for S-Matrix Only Solve is 18.142850278383MHz 
4 -1  8  76  112  # nfids, fids[]
2 6  -1  # nbids, bids[]
      5 6 1 0 #ntets ntri ned npts
           7.5000000000000000e+00  -6.5625000000000000e+00   0.0000000000000000e+00 #xyz tv0
           6.9910236874084424e+00  -6.9448613215243311e+00   3.9536664639059049e-01 #xyz tv1
           7.5000000000000000e+00  -7.5000000000000000e+00   0.0000000000000000e+00 #xyz tv2
           6.5625000000000000e+00  -6.5625000000000000e+00   0.0000000000000000e+00 -1 6 #xyz tv3 fid bid
           6.9910236874084424e+00  -6.9448613215243311e+00   3.9536664639059049e-01 #xyz tv0
           6.5625000000000000e+00  -6.5625000000000000e+00   0.0000000000000000e+00 #xyz tv1
           6.5625000000000000e+00  -7.5000000000000000e+00   0.0000000000000000e+00 #xyz tv2
           7.5000000000000000e+00  -7.5000000000000000e+00   0.0000000000000000e+00 -1 6 #xyz tv3 fid bid
           6.1988634257097743e+00  -8.2500000000000000e+00  -3.8917916602374425e-01 #xyz tv0
           6.5625000000000000e+00  -6.5625000000000000e+00   0.0000000000000000e+00 #xyz tv1
           7.5000000000000000e+00  -7.5000000000000000e+00   0.0000000000000000e+00 #xyz tv2
           6.5625000000000000e+00  -7.5000000000000000e+00   0.0000000000000000e+00 -1 6 #xyz tv3 fid bid
           8.2500000000000000e+00  -8.2500000000000000e+00  -2.4586962661849423e+00 #xyz tv0
           6.5625000000000000e+00  -6.5625000000000000e+00   0.0000000000000000e+00 #xyz tv1
           7.5000000000000000e+00  -6.5625000000000000e+00   0.0000000000000000e+00 #xyz tv2
           7.5000000000000000e+00  -7.5000000000000000e+00   0.0000000000000000e+00 -1 6 #xyz tv3 fid bid
           6.1988634257097743e+00  -8.2500000000000000e+00  -3.8917916602374425e-01 #xyz tv0
           7.5000000000000000e+00  -7.5000000000000000e+00   0.0000000000000000e+00 #xyz tv1
           6.5625000000000000e+00  -6.5625000000000000e+00   0.0000000000000000e+00 #xyz tv2
           8.2500000000000000e+00  -8.2500000000000000e+00  -2.4586962661849423e+00 -1 6 #xyz tv3 fid bid
           7.5000000000000000e+00  -6.5625000000000000e+00   0.0000000000000000e+00 #xyz tv0
           7.5000000000000000e+00  -7.5000000000000000e+00   0.0000000000000000e+00 #xyz tv1
           6.5625000000000000e+00  -6.5625000000000000e+00   0.0000000000000000e+00 8 -1 #xyz tv2 fid bid
           7.5000000000000000e+00  -6.5625000000000000e+00   0.0000000000000000e+00 #xyz tv0
           7.5000000000000000e+00  -7.5000000000000000e+00   0.0000000000000000e+00 #xyz tv1
           6.5625000000000000e+00  -6.5625000000000000e+00   0.0000000000000000e+00 76 -1 #xyz tv2 fid bid
           7.5000000000000000e+00  -6.5625000000000000e+00   0.0000000000000000e+00 #xyz tv0
           7.5000000000000000e+00  -7.5000000000000000e+00   0.0000000000000000e+00 #xyz tv1
           6.5625000000000000e+00  -6.5625000000000000e+00   0.0000000000000000e+00 112 -1 #xyz tv2 fid bid
           7.5000000000000000e+00  -7.5000000000000000e+00   0.0000000000000000e+00 #xyz tv0
           6.5625000000000000e+00  -7.5000000000000000e+00   0.0000000000000000e+00 #xyz tv1
           6.5625000000000000e+00  -6.5625000000000000e+00   0.0000000000000000e+00 8 -1 #xyz tv2 fid bid
           7.5000000000000000e+00  -7.5000000000000000e+00   0.0000000000000000e+00 #xyz tv0
           6.5625000000000000e+00  -7.5000000000000000e+00   0.0000000000000000e+00 #xyz tv1
           6.5625000000000000e+00  -6.5625000000000000e+00   0.0000000000000000e+00 76 -1 #xyz tv2 fid bid
           7.5000000000000000e+00  -7.5000000000000000e+00   0.0000000000000000e+00 #xyz tv0
           6.5625000000000000e+00  -7.5000000000000000e+00   0.0000000000000000e+00 #xyz tv1
           6.5625000000000000e+00  -6.5625000000000000e+00   0.0000000000000000e+00 112 -1 #xyz tv2 fid bid
           7.5000000000000000e+00  -7.5000000000000000e+00   0.0000000000000000e+00 #xyz ev0
           6.5625000000000000e+00  -6.5625000000000000e+00   0.0000000000000000e+00 -1 6 #xyz ev1 fid bid
   0   0.000000000000e+00   0.000000000000e+00   0.000000000000e+00 #flag location
END_ERR 
G3dErrFileVersion 2025R1
FlagFileMetaData Begin
   Mesh Size - Setup1, Refinement, Pass #2, Freq. 1.000000e+10 :Title    
   Listing of mesh elements with poor quality. :ToolTip  
   hf3d :Author   
   1779613436 :TimeStamp
   mm :UnitName 
   1.0000000000000000e-03 :UnitConv
FlagFileMetaData End
BEGIN_ERR 
26 Small mesh segment detected on body : Substrate
 Small mesh segment detected on body : Substrate 
 Segment Statistics - Number of Segments : 1 --- Segment length(s) : 0.095250mm. The cutoff frequency for S-Matrix Only Solve is 18.142850278383MHz 
3 -1  9  77  # nfids, fids[]
2 6  -1  # nbids, bids[]
      4 4 1 0 #ntets ntri ned npts
          -6.5625000000000000e+00  -7.5000000000000000e+00   9.5250000000000001e-02 #xyz tv0
          -5.6250000000000000e+00  -7.5000000000000000e+00   0.0000000000000000e+00 #xyz tv1
          -6.5625000000000000e+00  -6.5625000000000000e+00   0.0000000000000000e+00 #xyz tv2
          -6.5625000000000000e+00  -7.5000000000000000e+00   0.0000000000000000e+00 -1 6 #xyz tv3 fid bid
          -6.5625000000000000e+00  -6.5625000000000000e+00   0.0000000000000000e+00 #xyz tv0
          -7.5000000000000000e+00  -7.5000000000000000e+00   0.0000000000000000e+00 #xyz tv1
          -6.5625000000000000e+00  -7.5000000000000000e+00   9.5250000000000001e-02 #xyz tv2
          -6.5625000000000000e+00  -7.5000000000000000e+00   0.0000000000000000e+00 -1 6 #xyz tv3 fid bid
          -6.5625000000000000e+00  -7.5000000000000000e+00   9.5250000000000001e-02 #xyz tv0
          -8.2500000000000000e+00  -8.2500000000000000e+00   9.6065572232618954e-02 #xyz tv1
          -5.6250000000000000e+00  -7.5000000000000000e+00   0.0000000000000000e+00 #xyz tv2
          -6.5625000000000000e+00  -7.5000000000000000e+00   0.0000000000000000e+00 -1 6 #xyz tv3 fid bid
          -6.5625000000000000e+00  -7.5000000000000000e+00   9.5250000000000001e-02 #xyz tv0
          -8.2500000000000000e+00  -8.2500000000000000e+00   9.6065572232618954e-02 #xyz tv1
          -6.5625000000000000e+00  -7.5000000000000000e+00   0.0000000000000000e+00 #xyz tv2
          -7.5000000000000000e+00  -7.5000000000000000e+00   0.0000000000000000e+00 -1 6 #xyz tv3 fid bid
          -6.5625000000000000e+00  -7.5000000000000000e+00   9.5250000000000001e-02 #xyz tv0
          -7.5000000000000000e+00  -7.5000000000000000e+00   0.0000000000000000e+00 #xyz tv1
          -6.5625000000000000e+00  -7.5000000000000000e+00   0.0000000000000000e+00 9 -1 #xyz tv2 fid bid
          -6.5625000000000000e+00  -7.5000000000000000e+00   9.5250000000000001e-02 #xyz tv0
          -7.5000000000000000e+00  -7.5000000000000000e+00   0.0000000000000000e+00 #xyz tv1
          -6.5625000000000000e+00  -7.5000000000000000e+00   0.0000000000000000e+00 77 -1 #xyz tv2 fid bid
          -5.6250000000000000e+00  -7.5000000000000000e+00   0.0000000000000000e+00 #xyz tv0
          -6.5625000000000000e+00  -7.5000000000000000e+00   9.5250000000000001e-02 #xyz tv1
          -6.5625000000000000e+00  -7.5000000000000000e+00   0.0000000000000000e+00 9 -1 #xyz tv2 fid bid
          -5.6250000000000000e+00  -7.5000000000000000e+00   0.0000000000000000e+00 #xyz tv0
          -6.5625000000000000e+00  -7.5000000000000000e+00   9.5250000000000001e-02 #xyz tv1
          -6.5625000000000000e+00  -7.5000000000000000e+00   0.0000000000000000e+00 77 -1 #xyz tv2 fid bid
          -6.5625000000000000e+00  -7.5000000000000000e+00   0.0000000000000000e+00 #xyz ev0
          -6.5625000000000000e+00  -7.5000000000000000e+00   9.5250000000000001e-02 -1 6 #xyz ev1 fid bid
   0   0.000000000000e+00   0.000000000000e+00   0.000000000000e+00 #flag location
END_ERR 
BEGIN_ERR 
26 Small mesh segment detected on body : Substrate
 Small mesh segment detected on body : Substrate 
 Segment Statistics - Number of Segments : 1 --- Segment length(s) : 1.325825mm. The cutoff frequency for S-Matrix Only Solve is 18.142850278383MHz 
4 -1  8  76  112  # nfids, fids[]
2 6  -1  # nbids, bids[]
      5 6 1 0 #ntets ntri ned npts
           7.5000000000000000e+00  -6.5625000000000000e+00   0.0000000000000000e+00 #xyz tv0
           6.9910236874084424e+00  -6.9448613215243320e+00   3.9536664639059049e-01 #xyz tv1
           7.5000000000000000e+00  -7.5000000000000000e+00   0.0000000000000000e+00 #xyz tv2
           6.5625000000000000e+00  -6.5625000000000000e+00   0.0000000000000000e+00 -1 6 #xyz tv3 fid bid
           6.9910236874084424e+00  -6.9448613215243320e+00   3.9536664639059049e-01 #xyz tv0
           6.5625000000000000e+00  -6.5625000000000000e+00   0.0000000000000000e+00 #xyz tv1
           6.5625000000000000e+00  -7.5000000000000000e+00   0.0000000000000000e+00 #xyz tv2
           7.5000000000000000e+00  -7.5000000000000000e+00   0.0000000000000000e+00 -1 6 #xyz tv3 fid bid
           6.1988634257097743e+00  -8.2500000000000000e+00  -3.8917916602374425e-01 #xyz tv0
           6.5625000000000000e+00  -6.5625000000000000e+00   0.0000000000000000e+00 #xyz tv1
           7.5000000000000000e+00  -7.5000000000000000e+00   0.0000000000000000e+00 #xyz tv2
           6.5625000000000000e+00  -7.5000000000000000e+00   0.0000000000000000e+00 -1 6 #xyz tv3 fid bid
           8.2500000000000000e+00  -8.2500000000000000e+00  -2.3915582152669894e+00 #xyz tv0
           6.5625000000000000e+00  -6.5625000000000000e+00   0.0000000000000000e+00 #xyz tv1
           7.5000000000000000e+00  -6.5625000000000000e+00   0.0000000000000000e+00 #xyz tv2
           7.5000000000000000e+00  -7.5000000000000000e+00   0.0000000000000000e+00 -1 6 #xyz tv3 fid bid
           6.1988634257097743e+00  -8.2500000000000000e+00  -3.8917916602374425e-01 #xyz tv0
           7.5000000000000000e+00  -7.5000000000000000e+00   0.0000000000000000e+00 #xyz tv1
           6.5625000000000000e+00  -6.5625000000000000e+00   0.0000000000000000e+00 #xyz tv2
           8.2500000000000000e+00  -8.2500000000000000e+00  -2.3915582152669894e+00 -1 6 #xyz tv3 fid bid
           7.5000000000000000e+00  -6.5625000000000000e+00   0.0000000000000000e+00 #xyz tv0
           7.5000000000000000e+00  -7.5000000000000000e+00   0.0000000000000000e+00 #xyz tv1
           6.5625000000000000e+00  -6.5625000000000000e+00   0.0000000000000000e+00 8 -1 #xyz tv2 fid bid
           7.5000000000000000e+00  -6.5625000000000000e+00   0.0000000000000000e+00 #xyz tv0
           7.5000000000000000e+00  -7.5000000000000000e+00   0.0000000000000000e+00 #xyz tv1
           6.5625000000000000e+00  -6.5625000000000000e+00   0.0000000000000000e+00 76 -1 #xyz tv2 fid bid
           7.5000000000000000e+00  -6.5625000000000000e+00   0.0000000000000000e+00 #xyz tv0
           7.5000000000000000e+00  -7.5000000000000000e+00   0.0000000000000000e+00 #xyz tv1
           6.5625000000000000e+00  -6.5625000000000000e+00   0.0000000000000000e+00 112 -1 #xyz tv2 fid bid
           7.5000000000000000e+00  -7.5000000000000000e+00   0.0000000000000000e+00 #xyz tv0
           6.5625000000000000e+00  -7.5000000000000000e+00   0.0000000000000000e+00 #xyz tv1
           6.5625000000000000e+00  -6.5625000000000000e+00   0.0000000000000000e+00 8 -1 #xyz tv2 fid bid
           7.5000000000000000e+00  -7.5000000000000000e+00   0.0000000000000000e+00 #xyz tv0
           6.5625000000000000e+00  -7.5000000000000000e+00   0.0000000000000000e+00 #xyz tv1
           6.5625000000000000e+00  -6.5625000000000000e+00   0.0000000000000000e+00 76 -1 #xyz tv2 fid bid
           7.5000000000000000e+00  -7.5000000000000000e+00   0.0000000000000000e+00 #xyz tv0
           6.5625000000000000e+00  -7.5000000000000000e+00   0.0000000000000000e+00 #xyz tv1
           6.5625000000000000e+00  -6.5625000000000000e+00   0.0000000000000000e+00 112 -1 #xyz tv2 fid bid
           7.5000000000000000e+00  -7.5000000000000000e+00   0.0000000000000000e+00 #xyz ev0
           6.5625000000000000e+00  -6.5625000000000000e+00   0.0000000000000000e+00 -1 6 #xyz ev1 fid bid
   0   0.000000000000e+00   0.000000000000e+00   0.000000000000e+00 #flag location
END_ERR 
BEGIN_ERR 
26 Small mesh segment detected on body : Substrate
 Small mesh segment detected on body : Substrate 
 Segment Statistics - Number of Segments : 1 --- Segment length(s) : 1.325825mm. The cutoff frequency for S-Matrix Only Solve is 18.142850278383MHz 
4 -1  8  76  112  # nfids, fids[]
2 6  -1  # nbids, bids[]
      7 6 1 0 #ntets ntri ned npts
          -6.5625000000000000e+00   7.5000000000000000e+00   4.7625000000000001e-01 #xyz tv0
          -6.5625000000000000e+00   6.5625000000000000e+00   0.0000000000000000e+00 #xyz tv1
          -6.5625000000000000e+00   7.5000000000000000e+00   9.5250000000000001e-02 #xyz tv2
          -7.5000000000000000e+00   7.5000000000000000e+00   0.0000000000000000e+00 -1 6 #xyz tv3 fid bid
          -6.8562438862816499e+00   7.1044639657218323e+00   5.4450897087766603e-01 #xyz tv0
          -6.5625000000000000e+00   6.5625000000000000e+00   0.0000000000000000e+00 #xyz tv1
          -6.5625000000000000e+00   7.5000000000000000e+00   4.7625000000000001e-01 #xyz tv2
          -7.5000000000000000e+00   7.5000000000000000e+00   0.0000000000000000e+00 -1 6 #xyz tv3 fid bid
          -6.5625000000000000e+00   7.5000000000000000e+00   9.5250000000000001e-02 #xyz tv0
          -6.5625000000000000e+00   6.5625000000000000e+00   0.0000000000000000e+00 #xyz tv1
          -6.5625000000000000e+00   7.5000000000000000e+00   0.0000000000000000e+00 #xyz tv2
          -7.5000000000000000e+00   7.5000000000000000e+00   0.0000000000000000e+00 -1 6 #xyz tv3 fid bid
          -6.8562438862816499e+00   7.1044639657218323e+00   5.4450897087766603e-01 #xyz tv0
          -7.0663058857805918e+00   6.8102586974399753e+00   5.1092993499604844e-01 #xyz tv1
          -6.5625000000000000e+00   6.5625000000000000e+00   0.0000000000000000e+00 #xyz tv2
          -7.5000000000000000e+00   7.5000000000000000e+00   0.0000000000000000e+00 -1 6 #xyz tv3 fid bid
          -6.3680342281082449e+00   6.3746090025686186e+00  -2.8465254907229349e+00 #xyz tv0
          -7.5000000000000000e+00   7.5000000000000000e+00   0.0000000000000000e+00 #xyz tv1
          -6.5625000000000000e+00   7.5000000000000000e+00   0.0000000000000000e+00 #xyz tv2
          -6.5625000000000000e+00   6.5625000000000000e+00   0.0000000000000000e+00 -1 6 #xyz tv3 fid bid
          -7.5000000000000000e+00   6.5625000000000000e+00   0.0000000000000000e+00 #xyz tv0
          -7.0663058857805918e+00   6.8102586974399753e+00   5.1092993499604844e-01 #xyz tv1
          -7.5000000000000000e+00   7.5000000000000000e+00   0.0000000000000000e+00 #xyz tv2
          -6.5625000000000000e+00   6.5625000000000000e+00   0.0000000000000000e+00 -1 6 #xyz tv3 fid bid
          -6.3680342281082449e+00   6.3746090025686186e+00  -2.8465254907229349e+00 #xyz tv0
          -7.5000000000000000e+00   6.5625000000000000e+00   0.0000000000000000e+00 #xyz tv1
          -7.5000000000000000e+00   7.5000000000000000e+00   0.0000000000000000e+00 #xyz tv2
          -6.5625000000000000e+00   6.5625000000000000e+00   0.0000000000000000e+00 -1 6 #xyz tv3 fid bid
          -7.5000000000000000e+00   6.5625000000000000e+00   0.0000000000000000e+00 #xyz tv0
          -7.5000000000000000e+00   7.5000000000000000e+00   0.0000000000000000e+00 #xyz tv1
          -6.5625000000000000e+00   6.5625000000000000e+00   0.0000000000000000e+00 8 -1 #xyz tv2 fid bid
          -7.5000000000000000e+00   6.5625000000000000e+00   0.0000000000000000e+00 #xyz tv0
          -7.5000000000000000e+00   7.5000000000000000e+00   0.0000000000000000e+00 #xyz tv1
          -6.5625000000000000e+00   6.5625000000000000e+00   0.0000000000000000e+00 76 -1 #xyz tv2 fid bid
          -7.5000000000000000e+00   6.5625000000000000e+00   0.0000000000000000e+00 #xyz tv0
          -7.5000000000000000e+00   7.5000000000000000e+00   0.0000000000000000e+00 #xyz tv1
          -6.5625000000000000e+00   6.5625000000000000e+00   0.0000000000000000e+00 112 -1 #xyz tv2 fid bid
          -7.5000000000000000e+00   7.5000000000000000e+00   0.0000000000000000e+00 #xyz tv0
          -6.5625000000000000e+00   7.5000000000000000e+00   0.0000000000000000e+00 #xyz tv1
          -6.5625000000000000e+00   6.5625000000000000e+00   0.0000000000000000e+00 8 -1 #xyz tv2 fid bid
          -7.5000000000000000e+00   7.5000000000000000e+00   0.0000000000000000e+00 #xyz tv0
          -6.5625000000000000e+00   7.5000000000000000e+00   0.0000000000000000e+00 #xyz tv1
          -6.5625000000000000e+00   6.5625000000000000e+00   0.0000000000000000e+00 76 -1 #xyz tv2 fid bid
          -7.5000000000000000e+00   7.5000000000000000e+00   0.0000000000000000e+00 #xyz tv0
          -6.5625000000000000e+00   7.5000000000000000e+00   0.0000000000000000e+00 #xyz tv1
          -6.5625000000000000e+00   6.5625000000000000e+00   0.0000000000000000e+00 112 -1 #xyz tv2 fid bid
          -7.5000000000000000e+00   7.5000000000000000e+00   0.0000000000000000e+00 #xyz ev0
          -6.5625000000000000e+00   6.5625000000000000e+00   0.0000000000000000e+00 -1 6 #xyz ev1 fid bid
   0   0.000000000000e+00   0.000000000000e+00   0.000000000000e+00 #flag location
END_ERR 
G3dErrFileVersion 2025R1
FlagFileMetaData Begin
   Mesh Size - Setup1, Refinement, Pass #3, Freq. 1.000000e+10 :Title    
   Listing of mesh elements with poor quality. :ToolTip  
   hf3d :Author   
   1779613443 :TimeStamp
   mm :UnitName 
   1.0000000000000000e-03 :UnitConv
FlagFileMetaData End
BEGIN_ERR 
26 Small mesh segment detected on body : Substrate
 Small mesh segment detected on body : Substrate 
 Segment Statistics - Number of Segments : 1 --- Segment length(s) : 0.095250mm. The cutoff frequency for S-Matrix Only Solve is 18.142850278383MHz 
3 -1  9  77  # nfids, fids[]
2 6  -1  # nbids, bids[]
      4 4 1 0 #ntets ntri ned npts
          -6.5625000000000000e+00  -7.5000000000000000e+00   9.5250000000000001e-02 #xyz tv0
          -5.6250000000000000e+00  -7.5000000000000000e+00   0.0000000000000000e+00 #xyz tv1
          -6.5625000000000000e+00  -6.5625000000000000e+00   0.0000000000000000e+00 #xyz tv2
          -6.5625000000000000e+00  -7.5000000000000000e+00   0.0000000000000000e+00 -1 6 #xyz tv3 fid bid
          -6.5625000000000000e+00  -6.5625000000000000e+00   0.0000000000000000e+00 #xyz tv0
          -7.5000000000000000e+00  -7.5000000000000000e+00   0.0000000000000000e+00 #xyz tv1
          -6.5625000000000000e+00  -7.5000000000000000e+00   9.5250000000000001e-02 #xyz tv2
          -6.5625000000000000e+00  -7.5000000000000000e+00   0.0000000000000000e+00 -1 6 #xyz tv3 fid bid
          -6.5625000000000000e+00  -7.5000000000000000e+00   9.5250000000000001e-02 #xyz tv0
          -8.2500000000000000e+00  -8.2500000000000000e+00   9.6065572232618954e-02 #xyz tv1
          -5.6250000000000000e+00  -7.5000000000000000e+00   0.0000000000000000e+00 #xyz tv2
          -6.5625000000000000e+00  -7.5000000000000000e+00   0.0000000000000000e+00 -1 6 #xyz tv3 fid bid
          -6.5625000000000000e+00  -7.5000000000000000e+00   9.5250000000000001e-02 #xyz tv0
          -8.2500000000000000e+00  -8.2500000000000000e+00   9.6065572232618954e-02 #xyz tv1
          -6.5625000000000000e+00  -7.5000000000000000e+00   0.0000000000000000e+00 #xyz tv2
          -7.5000000000000000e+00  -7.5000000000000000e+00   0.0000000000000000e+00 -1 6 #xyz tv3 fid bid
          -6.5625000000000000e+00  -7.5000000000000000e+00   9.5250000000000001e-02 #xyz tv0
          -7.5000000000000000e+00  -7.5000000000000000e+00   0.0000000000000000e+00 #xyz tv1
          -6.5625000000000000e+00  -7.5000000000000000e+00   0.0000000000000000e+00 9 -1 #xyz tv2 fid bid
          -6.5625000000000000e+00  -7.5000000000000000e+00   9.5250000000000001e-02 #xyz tv0
          -7.5000000000000000e+00  -7.5000000000000000e+00   0.0000000000000000e+00 #xyz tv1
          -6.5625000000000000e+00  -7.5000000000000000e+00   0.0000000000000000e+00 77 -1 #xyz tv2 fid bid
          -5.6250000000000000e+00  -7.5000000000000000e+00   0.0000000000000000e+00 #xyz tv0
          -6.5625000000000000e+00  -7.5000000000000000e+00   9.5250000000000001e-02 #xyz tv1
          -6.5625000000000000e+00  -7.5000000000000000e+00   0.0000000000000000e+00 9 -1 #xyz tv2 fid bid
          -5.6250000000000000e+00  -7.5000000000000000e+00   0.0000000000000000e+00 #xyz tv0
          -6.5625000000000000e+00  -7.5000000000000000e+00   9.5250000000000001e-02 #xyz tv1
          -6.5625000000000000e+00  -7.5000000000000000e+00   0.0000000000000000e+00 77 -1 #xyz tv2 fid bid
          -6.5625000000000000e+00  -7.5000000000000000e+00   0.0000000000000000e+00 #xyz ev0
          -6.5625000000000000e+00  -7.5000000000000000e+00   9.5250000000000001e-02 -1 6 #xyz ev1 fid bid
   0   0.000000000000e+00   0.000000000000e+00   0.000000000000e+00 #flag location
END_ERR 
BEGIN_ERR 
26 Small mesh segment detected on body : Substrate
 Small mesh segment detected on body : Substrate 
 Segment Statistics - Number of Segments : 1 --- Segment length(s) : 1.325825mm. The cutoff frequency for S-Matrix Only Solve is 18.142850278383MHz 
4 -1  8  76  112  # nfids, fids[]
2 6  -1  # nbids, bids[]
      5 6 1 0 #ntets ntri ned npts
           7.5000000000000000e+00  -6.5625000000000000e+00   0.0000000000000000e+00 #xyz tv0
           6.9910236874084424e+00  -6.9448613215243320e+00   3.9536664639059049e-01 #xyz tv1
           7.5000000000000000e+00  -7.5000000000000000e+00   0.0000000000000000e+00 #xyz tv2
           6.5625000000000000e+00  -6.5625000000000000e+00   0.0000000000000000e+00 -1 6 #xyz tv3 fid bid
           6.9910236874084424e+00  -6.9448613215243320e+00   3.9536664639059049e-01 #xyz tv0
           6.5625000000000000e+00  -6.5625000000000000e+00   0.0000000000000000e+00 #xyz tv1
           6.5625000000000000e+00  -7.5000000000000000e+00   0.0000000000000000e+00 #xyz tv2
           7.5000000000000000e+00  -7.5000000000000000e+00   0.0000000000000000e+00 -1 6 #xyz tv3 fid bid
           6.1988634257097743e+00  -8.2500000000000000e+00  -3.8917916602374425e-01 #xyz tv0
           6.5625000000000000e+00  -6.5625000000000000e+00   0.0000000000000000e+00 #xyz tv1
           7.5000000000000000e+00  -7.5000000000000000e+00   0.0000000000000000e+00 #xyz tv2
           6.5625000000000000e+00  -7.5000000000000000e+00   0.0000000000000000e+00 -1 6 #xyz tv3 fid bid
           8.2500000000000000e+00  -8.2500000000000000e+00  -2.3704446595464570e+00 #xyz tv0
           6.5625000000000000e+00  -6.5625000000000000e+00   0.0000000000000000e+00 #xyz tv1
           7.5000000000000000e+00  -6.5625000000000000e+00   0.0000000000000000e+00 #xyz tv2
           7.5000000000000000e+00  -7.5000000000000000e+00   0.0000000000000000e+00 -1 6 #xyz tv3 fid bid
           6.1988634257097743e+00  -8.2500000000000000e+00  -3.8917916602374425e-01 #xyz tv0
           7.5000000000000000e+00  -7.5000000000000000e+00   0.0000000000000000e+00 #xyz tv1
           6.5625000000000000e+00  -6.5625000000000000e+00   0.0000000000000000e+00 #xyz tv2
           8.2500000000000000e+00  -8.2500000000000000e+00  -2.3704446595464570e+00 -1 6 #xyz tv3 fid bid
           7.5000000000000000e+00  -6.5625000000000000e+00   0.0000000000000000e+00 #xyz tv0
           7.5000000000000000e+00  -7.5000000000000000e+00   0.0000000000000000e+00 #xyz tv1
           6.5625000000000000e+00  -6.5625000000000000e+00   0.0000000000000000e+00 8 -1 #xyz tv2 fid bid
           7.5000000000000000e+00  -6.5625000000000000e+00   0.0000000000000000e+00 #xyz tv0
           7.5000000000000000e+00  -7.5000000000000000e+00   0.0000000000000000e+00 #xyz tv1
           6.5625000000000000e+00  -6.5625000000000000e+00   0.0000000000000000e+00 76 -1 #xyz tv2 fid bid
           7.5000000000000000e+00  -6.5625000000000000e+00   0.0000000000000000e+00 #xyz tv0
           7.5000000000000000e+00  -7.5000000000000000e+00   0.0000000000000000e+00 #xyz tv1
           6.5625000000000000e+00  -6.5625000000000000e+00   0.0000000000000000e+00 112 -1 #xyz tv2 fid bid
           7.5000000000000000e+00  -7.5000000000000000e+00   0.0000000000000000e+00 #xyz tv0
           6.5625000000000000e+00  -7.5000000000000000e+00   0.0000000000000000e+00 #xyz tv1
           6.5625000000000000e+00  -6.5625000000000000e+00   0.0000000000000000e+00 8 -1 #xyz tv2 fid bid
           7.5000000000000000e+00  -7.5000000000000000e+00   0.0000000000000000e+00 #xyz tv0
           6.5625000000000000e+00  -7.5000000000000000e+00   0.0000000000000000e+00 #xyz tv1
           6.5625000000000000e+00  -6.5625000000000000e+00   0.0000000000000000e+00 76 -1 #xyz tv2 fid bid
           7.5000000000000000e+00  -7.5000000000000000e+00   0.0000000000000000e+00 #xyz tv0
           6.5625000000000000e+00  -7.5000000000000000e+00   0.0000000000000000e+00 #xyz tv1
           6.5625000000000000e+00  -6.5625000000000000e+00   0.0000000000000000e+00 112 -1 #xyz tv2 fid bid
           7.5000000000000000e+00  -7.5000000000000000e+00   0.0000000000000000e+00 #xyz ev0
           6.5625000000000000e+00  -6.5625000000000000e+00   0.0000000000000000e+00 -1 6 #xyz ev1 fid bid
   0   0.000000000000e+00   0.000000000000e+00   0.000000000000e+00 #flag location
END_ERR 
BEGIN_ERR 
26 Small mesh segment detected on body : Substrate
 Small mesh segment detected on body : Substrate 
 Segment Statistics - Number of Segments : 1 --- Segment length(s) : 1.325825mm. The cutoff frequency for S-Matrix Only Solve is 18.142850278383MHz 
4 -1  8  76  112  # nfids, fids[]
2 6  -1  # nbids, bids[]
      7 6 1 0 #ntets ntri ned npts
          -6.5625000000000000e+00   7.5000000000000000e+00   4.7625000000000001e-01 #xyz tv0
          -6.5625000000000000e+00   6.5625000000000000e+00   0.0000000000000000e+00 #xyz tv1
          -6.5625000000000000e+00   7.5000000000000000e+00   9.5250000000000001e-02 #xyz tv2
          -7.5000000000000000e+00   7.5000000000000000e+00   0.0000000000000000e+00 -1 6 #xyz tv3 fid bid
          -6.8562438862816499e+00   7.1044639657218323e+00   5.4450897087766603e-01 #xyz tv0
          -6.5625000000000000e+00   6.5625000000000000e+00   0.0000000000000000e+00 #xyz tv1
          -6.5625000000000000e+00   7.5000000000000000e+00   4.7625000000000001e-01 #xyz tv2
          -7.5000000000000000e+00   7.5000000000000000e+00   0.0000000000000000e+00 -1 6 #xyz tv3 fid bid
          -6.5625000000000000e+00   7.5000000000000000e+00   9.5250000000000001e-02 #xyz tv0
          -6.5625000000000000e+00   6.5625000000000000e+00   0.0000000000000000e+00 #xyz tv1
          -6.5625000000000000e+00   7.5000000000000000e+00   0.0000000000000000e+00 #xyz tv2
          -7.5000000000000000e+00   7.5000000000000000e+00   0.0000000000000000e+00 -1 6 #xyz tv3 fid bid
          -6.8562438862816499e+00   7.1044639657218323e+00   5.4450897087766603e-01 #xyz tv0
          -7.0663058857805918e+00   6.8102586974399753e+00   5.1092993499604844e-01 #xyz tv1
          -6.5625000000000000e+00   6.5625000000000000e+00   0.0000000000000000e+00 #xyz tv2
          -7.5000000000000000e+00   7.5000000000000000e+00   0.0000000000000000e+00 -1 6 #xyz tv3 fid bid
          -6.3680342281082449e+00   6.3746090025686186e+00  -2.8465254907229349e+00 #xyz tv0
          -7.5000000000000000e+00   7.5000000000000000e+00   0.0000000000000000e+00 #xyz tv1
          -6.5625000000000000e+00   7.5000000000000000e+00   0.0000000000000000e+00 #xyz tv2
          -6.5625000000000000e+00   6.5625000000000000e+00   0.0000000000000000e+00 -1 6 #xyz tv3 fid bid
          -7.5000000000000000e+00   6.5625000000000000e+00   0.0000000000000000e+00 #xyz tv0
          -7.0663058857805918e+00   6.8102586974399753e+00   5.1092993499604844e-01 #xyz tv1
          -7.5000000000000000e+00   7.5000000000000000e+00   0.0000000000000000e+00 #xyz tv2
          -6.5625000000000000e+00   6.5625000000000000e+00   0.0000000000000000e+00 -1 6 #xyz tv3 fid bid
          -6.3680342281082449e+00   6.3746090025686186e+00  -2.8465254907229349e+00 #xyz tv0
          -7.5000000000000000e+00   6.5625000000000000e+00   0.0000000000000000e+00 #xyz tv1
          -7.5000000000000000e+00   7.5000000000000000e+00   0.0000000000000000e+00 #xyz tv2
          -6.5625000000000000e+00   6.5625000000000000e+00   0.0000000000000000e+00 -1 6 #xyz tv3 fid bid
          -7.5000000000000000e+00   6.5625000000000000e+00   0.0000000000000000e+00 #xyz tv0
          -7.5000000000000000e+00   7.5000000000000000e+00   0.0000000000000000e+00 #xyz tv1
          -6.5625000000000000e+00   6.5625000000000000e+00   0.0000000000000000e+00 8 -1 #xyz tv2 fid bid
          -7.5000000000000000e+00   6.5625000000000000e+00   0.0000000000000000e+00 #xyz tv0
          -7.5000000000000000e+00   7.5000000000000000e+00   0.0000000000000000e+00 #xyz tv1
          -6.5625000000000000e+00   6.5625000000000000e+00   0.0000000000000000e+00 76 -1 #xyz tv2 fid bid
          -7.5000000000000000e+00   6.5625000000000000e+00   0.0000000000000000e+00 #xyz tv0
          -7.5000000000000000e+00   7.5000000000000000e+00   0.0000000000000000e+00 #xyz tv1
          -6.5625000000000000e+00   6.5625000000000000e+00   0.0000000000000000e+00 112 -1 #xyz tv2 fid bid
          -7.5000000000000000e+00   7.5000000000000000e+00   0.0000000000000000e+00 #xyz tv0
          -6.5625000000000000e+00   7.5000000000000000e+00   0.0000000000000000e+00 #xyz tv1
          -6.5625000000000000e+00   6.5625000000000000e+00   0.0000000000000000e+00 8 -1 #xyz tv2 fid bid
          -7.5000000000000000e+00   7.5000000000000000e+00   0.0000000000000000e+00 #xyz tv0
          -6.5625000000000000e+00   7.5000000000000000e+00   0.0000000000000000e+00 #xyz tv1
          -6.5625000000000000e+00   6.5625000000000000e+00   0.0000000000000000e+00 76 -1 #xyz tv2 fid bid
          -7.5000000000000000e+00   7.5000000000000000e+00   0.0000000000000000e+00 #xyz tv0
          -6.5625000000000000e+00   7.5000000000000000e+00   0.0000000000000000e+00 #xyz tv1
          -6.5625000000000000e+00   6.5625000000000000e+00   0.0000000000000000e+00 112 -1 #xyz tv2 fid bid
          -7.5000000000000000e+00   7.5000000000000000e+00   0.0000000000000000e+00 #xyz ev0
          -6.5625000000000000e+00   6.5625000000000000e+00   0.0000000000000000e+00 -1 6 #xyz ev1 fid bid
   0   0.000000000000e+00   0.000000000000e+00   0.000000000000e+00 #flag location
END_ERR 
G3dErrFileVersion 2025R1
FlagFileMetaData Begin
   Mesh Size - Setup1, Refinement, Pass #4, Freq. 1.000000e+10 :Title    
   Listing of mesh elements with poor quality. :ToolTip  
   hf3d :Author   
   1779613449 :TimeStamp
   mm :UnitName 
   1.0000000000000000e-03 :UnitConv
FlagFileMetaData End
BEGIN_ERR 
26 Small mesh segment detected on body : Substrate
 Small mesh segment detected on body : Substrate 
 Segment Statistics - Number of Segments : 1 --- Segment length(s) : 0.078885mm. The cutoff frequency for S-Matrix Only Solve is 18.142850278383MHz 
1 -1  # nfids, fids[]
1 6  # nbids, bids[]
      5 0 1 0 #ntets ntri ned npts
          -3.8588959376817984e+00  -3.7541599735771198e+00   1.4345614174330084e+00 #xyz tv0
          -4.0396712476226124e+00  -3.6929424881304018e+00   1.4192006863813822e+00 #xyz tv1
          -3.9377458943703187e+00  -3.7231109884272318e+00   1.3447130054248522e+00 #xyz tv2
          -3.8518786973474284e+00  -3.6758233904081399e+00   1.4406413753552199e+00 -1 6 #xyz tv3 fid bid
          -3.8588959376817984e+00  -3.7541599735771198e+00   1.4345614174330084e+00 #xyz tv0
          -3.7594128709389913e+00  -3.7021168893371814e+00   1.3589647008028716e+00 #xyz tv1
          -3.8518786973474284e+00  -3.6758233904081399e+00   1.4406413753552199e+00 #xyz tv2
          -3.9377458943703187e+00  -3.7231109884272318e+00   1.3447130054248522e+00 -1 6 #xyz tv3 fid bid
          -3.8588959376817984e+00  -3.7541599735771198e+00   1.4345614174330084e+00 #xyz tv0
          -3.9974484275656250e+00  -3.6270373647149907e+00   1.5240000000000000e+00 #xyz tv1
          -4.0396712476226124e+00  -3.6929424881304018e+00   1.4192006863813822e+00 #xyz tv2
          -3.8518786973474284e+00  -3.6758233904081399e+00   1.4406413753552199e+00 -1 6 #xyz tv3 fid bid
          -3.8588959376817984e+00  -3.7541599735771198e+00   1.4345614174330084e+00 #xyz tv0
          -3.8518786973474284e+00  -3.6758233904081399e+00   1.4406413753552199e+00 #xyz tv1
          -3.7594128709389913e+00  -3.7021168893371814e+00   1.3589647008028716e+00 #xyz tv2
          -3.7860000000000023e+00  -3.7860000000000023e+00   1.5240000000000000e+00 -1 6 #xyz tv3 fid bid
          -3.8588959376817984e+00  -3.7541599735771198e+00   1.4345614174330084e+00 #xyz tv0
          -3.7860000000000023e+00  -3.7860000000000023e+00   1.5240000000000000e+00 #xyz tv1
          -3.9974484275656250e+00  -3.6270373647149907e+00   1.5240000000000000e+00 #xyz tv2
          -3.8518786973474284e+00  -3.6758233904081399e+00   1.4406413753552199e+00 -1 6 #xyz tv3 fid bid
          -3.8588959376817984e+00  -3.7541599735771198e+00   1.4345614174330084e+00 #xyz ev0
          -3.8518786973474284e+00  -3.6758233904081399e+00   1.4406413753552199e+00 -1 6 #xyz ev1 fid bid
   0   0.000000000000e+00   0.000000000000e+00   0.000000000000e+00 #flag location
END_ERR 
BEGIN_ERR 
26 Small mesh segment detected on body : Substrate
 Small mesh segment detected on body : Substrate 
 Segment Statistics - Number of Segments : 1 --- Segment length(s) : 0.081362mm. The cutoff frequency for S-Matrix Only Solve is 18.142850278383MHz 
1 -1  # nfids, fids[]
1 6  # nbids, bids[]
      5 0 1 0 #ntets ntri ned npts
           3.8993235097929189e+00   3.9230635940962757e+00   1.5240000000000000e+00 #xyz tv0
           3.9005538000097353e+00   3.7171326974756660e+00   1.5240000000000000e+00 #xyz tv1
           3.9242030588240735e+00   3.8820112233574871e+00   1.4583075267635219e+00 #xyz tv2
           3.7860000000000023e+00   3.7860000000000023e+00   1.5240000000000000e+00 -1 6 #xyz tv3 fid bid
           3.8993235097929189e+00   3.9230635940962757e+00   1.5240000000000000e+00 #xyz tv0
           3.9242030588240735e+00   3.8820112233574871e+00   1.4583075267635219e+00 #xyz tv1
           3.9005538000097353e+00   3.7171326974756660e+00   1.5240000000000000e+00 #xyz tv2
           4.0148034890159128e+00   3.8603570909755138e+00   1.5240000000000000e+00 -1 6 #xyz tv3 fid bid
           3.8993235097929189e+00   3.9230635940962757e+00   1.5240000000000000e+00 #xyz tv0
           3.8204569401091080e+00   3.9190290481924208e+00   1.3800507967257976e+00 #xyz tv1
           3.7860000000000023e+00   3.7860000000000023e+00   1.5240000000000000e+00 #xyz tv2
           3.9242030588240735e+00   3.8820112233574871e+00   1.4583075267635219e+00 -1 6 #xyz tv3 fid bid
           3.8993235097929189e+00   3.9230635940962757e+00   1.5240000000000000e+00 #xyz tv0
           4.0144993780123581e+00   4.0724487869996970e+00   1.5240000000000000e+00 #xyz tv1
           3.9242030588240735e+00   3.8820112233574871e+00   1.4583075267635219e+00 #xyz tv2
           4.0148034890159128e+00   3.8603570909755138e+00   1.5240000000000000e+00 -1 6 #xyz tv3 fid bid
           3.8993235097929189e+00   3.9230635940962757e+00   1.5240000000000000e+00 #xyz tv0
           4.0144993780123581e+00   4.0724487869996970e+00   1.5240000000000000e+00 #xyz tv1
           3.8204569401091080e+00   3.9190290481924208e+00   1.3800507967257976e+00 #xyz tv2
           3.9242030588240735e+00   3.8820112233574871e+00   1.4583075267635219e+00 -1 6 #xyz tv3 fid bid
           3.9242030588240735e+00   3.8820112233574871e+00   1.4583075267635219e+00 #xyz ev0
           3.8993235097929189e+00   3.9230635940962757e+00   1.5240000000000000e+00 -1 6 #xyz ev1 fid bid
   0   0.000000000000e+00   0.000000000000e+00   0.000000000000e+00 #flag location
END_ERR 
BEGIN_ERR 
26 Small mesh segment detected on body : Substrate
 Small mesh segment detected on body : Substrate 
 Segment Statistics - Number of Segments : 1 --- Segment length(s) : 0.082228mm. The cutoff frequency for S-Matrix Only Solve is 18.142850278383MHz 
1 -1  # nfids, fids[]
1 6  # nbids, bids[]
      5 0 1 0 #ntets ntri ned npts
           3.5467047557960347e+00   4.0180383135192814e+00   1.5240000000000000e+00 #xyz tv0
