G3dErrFileVersion 2025R1
FlagFileMetaData Begin
   Mesh Size - Setup1, Refinement, Pass #1, Freq. 1.100000e+10 :Title    
   Listing of mesh elements with poor quality. :ToolTip  
   hf3d :Author   
   1779015191 :TimeStamp
   mm :UnitName 
   1.0000000000000000e-03 :UnitConv
FlagFileMetaData End
BEGIN_ERR 
26 Small mesh segment detected on body : Substrate
 Small mesh segment detected on body : Substrate 
 Segment Statistics - Number of Segments : 1 --- Segment length(s) : 0.883883mm. The cutoff frequency for S-Matrix Only Solve is 18.142850278383MHz 
4 -1  8  76  112  # nfids, fids[]
2 6  -1  # nbids, bids[]
      7 6 1 0 #ntets ntri ned npts
          -5.0000000000000000e+00   4.3750000000000000e+00   4.7625000000000001e-01 #xyz tv0
          -5.0000000000000000e+00   4.3750000000000000e+00   0.0000000000000000e+00 #xyz tv1
          -4.3750000000000000e+00   4.3750000000000000e+00   0.0000000000000000e+00 #xyz tv2
          -5.0000000000000000e+00   5.0000000000000000e+00   0.0000000000000000e+00 -1 6 #xyz tv3 fid bid
          -5.5000000000000000e+00   3.6332714998447511e+00  -9.0676134403086883e-01 #xyz tv0
          -5.0000000000000000e+00   5.0000000000000000e+00   0.0000000000000000e+00 #xyz tv1
          -4.3750000000000000e+00   4.3750000000000000e+00   0.0000000000000000e+00 #xyz tv2
          -5.0000000000000000e+00   4.3750000000000000e+00   0.0000000000000000e+00 -1 6 #xyz tv3 fid bid
          -4.3750000000000000e+00   4.3750000000000000e+00   0.0000000000000000e+00 #xyz tv0
          -4.3750000000000000e+00   5.0000000000000000e+00   9.5250000000000001e-02 #xyz tv1
          -5.0000000000000000e+00   4.3750000000000000e+00   4.7625000000000001e-01 #xyz tv2
          -5.0000000000000000e+00   5.0000000000000000e+00   0.0000000000000000e+00 -1 6 #xyz tv3 fid bid
          -5.5000000000000000e+00   3.6332714998447511e+00  -9.0676134403086883e-01 #xyz tv0
          -4.3750000000000000e+00   4.3750000000000000e+00   0.0000000000000000e+00 #xyz tv1
          -5.0000000000000000e+00   5.0000000000000000e+00   0.0000000000000000e+00 #xyz tv2
          -4.2124193277312294e+00   4.2239809081438082e+00  -1.9404870990551180e+00 -1 6 #xyz tv3 fid bid
          -4.3750000000000000e+00   5.0000000000000000e+00   9.5250000000000001e-02 #xyz tv0
          -5.0000000000000000e+00   5.0000000000000000e+00   0.0000000000000000e+00 #xyz tv1
          -4.3750000000000000e+00   4.3750000000000000e+00   0.0000000000000000e+00 #xyz tv2
          -4.3750000000000000e+00   5.0000000000000000e+00   0.0000000000000000e+00 -1 6 #xyz tv3 fid bid
          -3.8078763234321080e+00   5.5000000000000000e+00  -8.6786193763628283e-01 #xyz tv0
          -5.0000000000000000e+00   5.0000000000000000e+00   0.0000000000000000e+00 #xyz tv1
          -4.3750000000000000e+00   4.3750000000000000e+00   0.0000000000000000e+00 #xyz tv2
          -4.2124193277312294e+00   4.2239809081438082e+00  -1.9404870990551180e+00 -1 6 #xyz tv3 fid bid
          -3.8078763234321080e+00   5.5000000000000000e+00  -8.6786193763628283e-01 #xyz tv0
          -4.3750000000000000e+00   4.3750000000000000e+00   0.0000000000000000e+00 #xyz tv1
          -5.0000000000000000e+00   5.0000000000000000e+00   0.0000000000000000e+00 #xyz tv2
          -4.3750000000000000e+00   5.0000000000000000e+00   0.0000000000000000e+00 -1 6 #xyz tv3 fid bid
          -5.0000000000000000e+00   4.3750000000000000e+00   0.0000000000000000e+00 #xyz tv0
          -5.0000000000000000e+00   5.0000000000000000e+00   0.0000000000000000e+00 #xyz tv1
          -4.3750000000000000e+00   4.3750000000000000e+00   0.0000000000000000e+00 8 -1 #xyz tv2 fid bid
          -5.0000000000000000e+00   4.3750000000000000e+00   0.0000000000000000e+00 #xyz tv0
          -5.0000000000000000e+00   5.0000000000000000e+00   0.0000000000000000e+00 #xyz tv1
          -4.3750000000000000e+00   4.3750000000000000e+00   0.0000000000000000e+00 76 -1 #xyz tv2 fid bid
          -5.0000000000000000e+00   4.3750000000000000e+00   0.0000000000000000e+00 #xyz tv0
          -5.0000000000000000e+00   5.0000000000000000e+00   0.0000000000000000e+00 #xyz tv1
          -4.3750000000000000e+00   4.3750000000000000e+00   0.0000000000000000e+00 112 -1 #xyz tv2 fid bid
          -5.0000000000000000e+00   5.0000000000000000e+00   0.0000000000000000e+00 #xyz tv0
          -4.3750000000000000e+00   5.0000000000000000e+00   0.0000000000000000e+00 #xyz tv1
          -4.3750000000000000e+00   4.3750000000000000e+00   0.0000000000000000e+00 8 -1 #xyz tv2 fid bid
          -5.0000000000000000e+00   5.0000000000000000e+00   0.0000000000000000e+00 #xyz tv0
          -4.3750000000000000e+00   5.0000000000000000e+00   0.0000000000000000e+00 #xyz tv1
          -4.3750000000000000e+00   4.3750000000000000e+00   0.0000000000000000e+00 76 -1 #xyz tv2 fid bid
          -5.0000000000000000e+00   5.0000000000000000e+00   0.0000000000000000e+00 #xyz tv0
          -4.3750000000000000e+00   5.0000000000000000e+00   0.0000000000000000e+00 #xyz tv1
          -4.3750000000000000e+00   4.3750000000000000e+00   0.0000000000000000e+00 112 -1 #xyz tv2 fid bid
          -5.0000000000000000e+00   5.0000000000000000e+00   0.0000000000000000e+00 #xyz ev0
          -4.3750000000000000e+00   4.3750000000000000e+00   0.0000000000000000e+00 -1 6 #xyz ev1 fid bid
   0   0.000000000000e+00   0.000000000000e+00   0.000000000000e+00 #flag location
END_ERR 
G3dErrFileVersion 2025R1
FlagFileMetaData Begin
   Mesh Size - Setup1, Refinement, Pass #2, Freq. 1.100000e+10 :Title    
   Listing of mesh elements with poor quality. :ToolTip  
   hf3d :Author   
   1779015195 :TimeStamp
   mm :UnitName 
   1.0000000000000000e-03 :UnitConv
FlagFileMetaData End
BEGIN_ERR 
26 Small mesh segment detected on body : Substrate
 Small mesh segment detected on body : Substrate 
 Segment Statistics - Number of Segments : 1 --- Segment length(s) : 0.883883mm. The cutoff frequency for S-Matrix Only Solve is 18.142850278383MHz 
4 -1  8  76  112  # nfids, fids[]
2 6  -1  # nbids, bids[]
      7 6 1 0 #ntets ntri ned npts
          -5.0000000000000000e+00   4.3750000000000000e+00   4.7625000000000001e-01 #xyz tv0
          -5.0000000000000000e+00   4.3750000000000000e+00   0.0000000000000000e+00 #xyz tv1
          -4.3750000000000000e+00   4.3750000000000000e+00   0.0000000000000000e+00 #xyz tv2
          -5.0000000000000000e+00   5.0000000000000000e+00   0.0000000000000000e+00 -1 6 #xyz tv3 fid bid
          -5.5000000000000000e+00   3.6332714998447511e+00  -9.0676134403086883e-01 #xyz tv0
          -5.0000000000000000e+00   5.0000000000000000e+00   0.0000000000000000e+00 #xyz tv1
          -4.3750000000000000e+00   4.3750000000000000e+00   0.0000000000000000e+00 #xyz tv2
          -5.0000000000000000e+00   4.3750000000000000e+00   0.0000000000000000e+00 -1 6 #xyz tv3 fid bid
          -4.3750000000000000e+00   4.3750000000000000e+00   0.0000000000000000e+00 #xyz tv0
          -4.3750000000000000e+00   5.0000000000000000e+00   9.5250000000000001e-02 #xyz tv1
          -5.0000000000000000e+00   4.3750000000000000e+00   4.7625000000000001e-01 #xyz tv2
          -5.0000000000000000e+00   5.0000000000000000e+00   0.0000000000000000e+00 -1 6 #xyz tv3 fid bid
          -5.5000000000000000e+00   3.6332714998447511e+00  -9.0676134403086883e-01 #xyz tv0
          -4.3750000000000000e+00   4.3750000000000000e+00   0.0000000000000000e+00 #xyz tv1
          -5.0000000000000000e+00   5.0000000000000000e+00   0.0000000000000000e+00 #xyz tv2
          -4.2124193277312294e+00   4.2239809081438082e+00  -1.9404870990551180e+00 -1 6 #xyz tv3 fid bid
          -4.3750000000000000e+00   5.0000000000000000e+00   9.5250000000000001e-02 #xyz tv0
          -5.0000000000000000e+00   5.0000000000000000e+00   0.0000000000000000e+00 #xyz tv1
          -4.3750000000000000e+00   4.3750000000000000e+00   0.0000000000000000e+00 #xyz tv2
          -4.3750000000000000e+00   5.0000000000000000e+00   0.0000000000000000e+00 -1 6 #xyz tv3 fid bid
          -3.8078763234321080e+00   5.5000000000000000e+00  -8.6786193763628294e-01 #xyz tv0
          -5.0000000000000000e+00   5.0000000000000000e+00   0.0000000000000000e+00 #xyz tv1
          -4.3750000000000000e+00   4.3750000000000000e+00   0.0000000000000000e+00 #xyz tv2
          -4.2124193277312294e+00   4.2239809081438082e+00  -1.9404870990551180e+00 -1 6 #xyz tv3 fid bid
          -3.8078763234321080e+00   5.5000000000000000e+00  -8.6786193763628294e-01 #xyz tv0
          -4.3750000000000000e+00   4.3750000000000000e+00   0.0000000000000000e+00 #xyz tv1
          -5.0000000000000000e+00   5.0000000000000000e+00   0.0000000000000000e+00 #xyz tv2
          -4.3750000000000000e+00   5.0000000000000000e+00   0.0000000000000000e+00 -1 6 #xyz tv3 fid bid
          -5.0000000000000000e+00   4.3750000000000000e+00   0.0000000000000000e+00 #xyz tv0
          -5.0000000000000000e+00   5.0000000000000000e+00   0.0000000000000000e+00 #xyz tv1
          -4.3750000000000000e+00   4.3750000000000000e+00   0.0000000000000000e+00 8 -1 #xyz tv2 fid bid
          -5.0000000000000000e+00   4.3750000000000000e+00   0.0000000000000000e+00 #xyz tv0
          -5.0000000000000000e+00   5.0000000000000000e+00   0.0000000000000000e+00 #xyz tv1
          -4.3750000000000000e+00   4.3750000000000000e+00   0.0000000000000000e+00 76 -1 #xyz tv2 fid bid
          -5.0000000000000000e+00   4.3750000000000000e+00   0.0000000000000000e+00 #xyz tv0
          -5.0000000000000000e+00   5.0000000000000000e+00   0.0000000000000000e+00 #xyz tv1
          -4.3750000000000000e+00   4.3750000000000000e+00   0.0000000000000000e+00 112 -1 #xyz tv2 fid bid
          -5.0000000000000000e+00   5.0000000000000000e+00   0.0000000000000000e+00 #xyz tv0
          -4.3750000000000000e+00   5.0000000000000000e+00   0.0000000000000000e+00 #xyz tv1
          -4.3750000000000000e+00   4.3750000000000000e+00   0.0000000000000000e+00 8 -1 #xyz tv2 fid bid
          -5.0000000000000000e+00   5.0000000000000000e+00   0.0000000000000000e+00 #xyz tv0
          -4.3750000000000000e+00   5.0000000000000000e+00   0.0000000000000000e+00 #xyz tv1
          -4.3750000000000000e+00   4.3750000000000000e+00   0.0000000000000000e+00 76 -1 #xyz tv2 fid bid
          -5.0000000000000000e+00   5.0000000000000000e+00   0.0000000000000000e+00 #xyz tv0
          -4.3750000000000000e+00   5.0000000000000000e+00   0.0000000000000000e+00 #xyz tv1
          -4.3750000000000000e+00   4.3750000000000000e+00   0.0000000000000000e+00 112 -1 #xyz tv2 fid bid
          -5.0000000000000000e+00   5.0000000000000000e+00   0.0000000000000000e+00 #xyz ev0
          -4.3750000000000000e+00   4.3750000000000000e+00   0.0000000000000000e+00 -1 6 #xyz ev1 fid bid
   0   0.000000000000e+00   0.000000000000e+00   0.000000000000e+00 #flag location
END_ERR 
G3dErrFileVersion 2025R1
FlagFileMetaData Begin
   Mesh Size - Setup1, Refinement, Pass #3, Freq. 1.100000e+10 :Title    
   Listing of mesh elements with poor quality. :ToolTip  
   hf3d :Author   
   1779015200 :TimeStamp
   mm :UnitName 
   1.0000000000000000e-03 :UnitConv
FlagFileMetaData End
BEGIN_ERR 
26 Small mesh segment detected on body : Substrate
 Small mesh segment detected on body : Substrate 
 Segment Statistics - Number of Segments : 1 --- Segment length(s) : 0.883883mm. The cutoff frequency for S-Matrix Only Solve is 18.142850278383MHz 
4 -1  8  76  112  # nfids, fids[]
2 6  -1  # nbids, bids[]
      7 6 1 0 #ntets ntri ned npts
          -5.0000000000000000e+00   4.3750000000000000e+00   4.7625000000000001e-01 #xyz tv0
          -5.0000000000000000e+00   4.3750000000000000e+00   0.0000000000000000e+00 #xyz tv1
          -4.3750000000000000e+00   4.3750000000000000e+00   0.0000000000000000e+00 #xyz tv2
          -5.0000000000000000e+00   5.0000000000000000e+00   0.0000000000000000e+00 -1 6 #xyz tv3 fid bid
          -5.5000000000000000e+00   3.6332714998447511e+00  -9.0676134403086883e-01 #xyz tv0
          -5.0000000000000000e+00   5.0000000000000000e+00   0.0000000000000000e+00 #xyz tv1
          -4.3750000000000000e+00   4.3750000000000000e+00   0.0000000000000000e+00 #xyz tv2
          -5.0000000000000000e+00   4.3750000000000000e+00   0.0000000000000000e+00 -1 6 #xyz tv3 fid bid
          -4.3750000000000000e+00   4.3750000000000000e+00   0.0000000000000000e+00 #xyz tv0
          -4.3750000000000000e+00   5.0000000000000000e+00   9.5250000000000001e-02 #xyz tv1
          -5.0000000000000000e+00   4.3750000000000000e+00   4.7625000000000001e-01 #xyz tv2
          -5.0000000000000000e+00   5.0000000000000000e+00   0.0000000000000000e+00 -1 6 #xyz tv3 fid bid
          -5.5000000000000000e+00   3.6332714998447511e+00  -9.0676134403086883e-01 #xyz tv0
          -4.3750000000000000e+00   4.3750000000000000e+00   0.0000000000000000e+00 #xyz tv1
          -5.0000000000000000e+00   5.0000000000000000e+00   0.0000000000000000e+00 #xyz tv2
          -4.2124193277312294e+00   4.2239809081438082e+00  -1.9404870990551180e+00 -1 6 #xyz tv3 fid bid
          -4.3750000000000000e+00   5.0000000000000000e+00   9.5250000000000001e-02 #xyz tv0
          -5.0000000000000000e+00   5.0000000000000000e+00   0.0000000000000000e+00 #xyz tv1
          -4.3750000000000000e+00   4.3750000000000000e+00   0.0000000000000000e+00 #xyz tv2
          -4.3750000000000000e+00   5.0000000000000000e+00   0.0000000000000000e+00 -1 6 #xyz tv3 fid bid
          -3.8078763234321080e+00   5.5000000000000000e+00  -8.6786193763628305e-01 #xyz tv0
          -5.0000000000000000e+00   5.0000000000000000e+00   0.0000000000000000e+00 #xyz tv1
          -4.3750000000000000e+00   4.3750000000000000e+00   0.0000000000000000e+00 #xyz tv2
          -4.2124193277312294e+00   4.2239809081438082e+00  -1.9404870990551180e+00 -1 6 #xyz tv3 fid bid
          -3.8078763234321080e+00   5.5000000000000000e+00  -8.6786193763628305e-01 #xyz tv0
          -4.3750000000000000e+00   4.3750000000000000e+00   0.0000000000000000e+00 #xyz tv1
          -5.0000000000000000e+00   5.0000000000000000e+00   0.0000000000000000e+00 #xyz tv2
          -4.3750000000000000e+00   5.0000000000000000e+00   0.0000000000000000e+00 -1 6 #xyz tv3 fid bid
          -5.0000000000000000e+00   4.3750000000000000e+00   0.0000000000000000e+00 #xyz tv0
          -5.0000000000000000e+00   5.0000000000000000e+00   0.0000000000000000e+00 #xyz tv1
          -4.3750000000000000e+00   4.3750000000000000e+00   0.0000000000000000e+00 8 -1 #xyz tv2 fid bid
          -5.0000000000000000e+00   4.3750000000000000e+00   0.0000000000000000e+00 #xyz tv0
          -5.0000000000000000e+00   5.0000000000000000e+00   0.0000000000000000e+00 #xyz tv1
          -4.3750000000000000e+00   4.3750000000000000e+00   0.0000000000000000e+00 76 -1 #xyz tv2 fid bid
          -5.0000000000000000e+00   4.3750000000000000e+00   0.0000000000000000e+00 #xyz tv0
          -5.0000000000000000e+00   5.0000000000000000e+00   0.0000000000000000e+00 #xyz tv1
          -4.3750000000000000e+00   4.3750000000000000e+00   0.0000000000000000e+00 112 -1 #xyz tv2 fid bid
          -5.0000000000000000e+00   5.0000000000000000e+00   0.0000000000000000e+00 #xyz tv0
          -4.3750000000000000e+00   5.0000000000000000e+00   0.0000000000000000e+00 #xyz tv1
          -4.3750000000000000e+00   4.3750000000000000e+00   0.0000000000000000e+00 8 -1 #xyz tv2 fid bid
          -5.0000000000000000e+00   5.0000000000000000e+00   0.0000000000000000e+00 #xyz tv0
          -4.3750000000000000e+00   5.0000000000000000e+00   0.0000000000000000e+00 #xyz tv1
          -4.3750000000000000e+00   4.3750000000000000e+00   0.0000000000000000e+00 76 -1 #xyz tv2 fid bid
          -5.0000000000000000e+00   5.0000000000000000e+00   0.0000000000000000e+00 #xyz tv0
          -4.3750000000000000e+00   5.0000000000000000e+00   0.0000000000000000e+00 #xyz tv1
          -4.3750000000000000e+00   4.3750000000000000e+00   0.0000000000000000e+00 112 -1 #xyz tv2 fid bid
          -5.0000000000000000e+00   5.0000000000000000e+00   0.0000000000000000e+00 #xyz ev0
          -4.3750000000000000e+00   4.3750000000000000e+00   0.0000000000000000e+00 -1 6 #xyz ev1 fid bid
   0   0.000000000000e+00   0.000000000000e+00   0.000000000000e+00 #flag location
END_ERR 
G3dErrFileVersion 2025R1
FlagFileMetaData Begin
   Mesh Size - Setup1, Refinement, Pass #4, Freq. 1.100000e+10 :Title    
   Listing of mesh elements with poor quality. :ToolTip  
   hf3d :Author   
   1779015207 :TimeStamp
   mm :UnitName 
   1.0000000000000000e-03 :UnitConv
FlagFileMetaData End
BEGIN_ERR 
26 Small mesh segment detected on body : Substrate
 Small mesh segment detected on body : Substrate 
 Segment Statistics - Number of Segments : 1 --- Segment length(s) : 0.883883mm. The cutoff frequency for S-Matrix Only Solve is 18.142850278383MHz 
4 -1  8  76  112  # nfids, fids[]
2 6  -1  # nbids, bids[]
      7 6 1 0 #ntets ntri ned npts
          -5.0000000000000000e+00   4.3750000000000000e+00   4.7625000000000001e-01 #xyz tv0
          -5.0000000000000000e+00   4.3750000000000000e+00   0.0000000000000000e+00 #xyz tv1
          -4.3750000000000000e+00   4.3750000000000000e+00   0.0000000000000000e+00 #xyz tv2
          -5.0000000000000000e+00   5.0000000000000000e+00   0.0000000000000000e+00 -1 6 #xyz tv3 fid bid
          -5.5000000000000000e+00   3.6332714998447511e+00  -9.0676134403086883e-01 #xyz tv0
          -5.0000000000000000e+00   5.0000000000000000e+00   0.0000000000000000e+00 #xyz tv1
          -4.3750000000000000e+00   4.3750000000000000e+00   0.0000000000000000e+00 #xyz tv2
          -5.0000000000000000e+00   4.3750000000000000e+00   0.0000000000000000e+00 -1 6 #xyz tv3 fid bid
          -4.3750000000000000e+00   4.3750000000000000e+00   0.0000000000000000e+00 #xyz tv0
          -4.3750000000000000e+00   5.0000000000000000e+00   9.5250000000000001e-02 #xyz tv1
          -5.0000000000000000e+00   4.3750000000000000e+00   4.7625000000000001e-01 #xyz tv2
          -5.0000000000000000e+00   5.0000000000000000e+00   0.0000000000000000e+00 -1 6 #xyz tv3 fid bid
          -5.5000000000000000e+00   3.6332714998447511e+00  -9.0676134403086883e-01 #xyz tv0
          -4.3750000000000000e+00   4.3750000000000000e+00   0.0000000000000000e+00 #xyz tv1
          -5.0000000000000000e+00   5.0000000000000000e+00   0.0000000000000000e+00 #xyz tv2
          -4.2124193277312294e+00   4.2239809081438082e+00  -1.9404870990551180e+00 -1 6 #xyz tv3 fid bid
          -4.3750000000000000e+00   5.0000000000000000e+00   9.5250000000000001e-02 #xyz tv0
          -5.0000000000000000e+00   5.0000000000000000e+00   0.0000000000000000e+00 #xyz tv1
          -4.3750000000000000e+00   4.3750000000000000e+00   0.0000000000000000e+00 #xyz tv2
          -4.3750000000000000e+00   5.0000000000000000e+00   0.0000000000000000e+00 -1 6 #xyz tv3 fid bid
          -3.8078763234321080e+00   5.5000000000000000e+00  -8.6786193763628316e-01 #xyz tv0
          -5.0000000000000000e+00   5.0000000000000000e+00   0.0000000000000000e+00 #xyz tv1
          -4.3750000000000000e+00   4.3750000000000000e+00   0.0000000000000000e+00 #xyz tv2
          -4.2124193277312294e+00   4.2239809081438082e+00  -1.9404870990551180e+00 -1 6 #xyz tv3 fid bid
          -3.8078763234321080e+00   5.5000000000000000e+00  -8.6786193763628316e-01 #xyz tv0
          -4.3750000000000000e+00   4.3750000000000000e+00   0.0000000000000000e+00 #xyz tv1
          -5.0000000000000000e+00   5.0000000000000000e+00   0.0000000000000000e+00 #xyz tv2
          -4.3750000000000000e+00   5.0000000000000000e+00   0.0000000000000000e+00 -1 6 #xyz tv3 fid bid
          -5.0000000000000000e+00   4.3750000000000000e+00   0.0000000000000000e+00 #xyz tv0
          -5.0000000000000000e+00   5.0000000000000000e+00   0.0000000000000000e+00 #xyz tv1
          -4.3750000000000000e+00   4.3750000000000000e+00   0.0000000000000000e+00 8 -1 #xyz tv2 fid bid
          -5.0000000000000000e+00   4.3750000000000000e+00   0.0000000000000000e+00 #xyz tv0
          -5.0000000000000000e+00   5.0000000000000000e+00   0.0000000000000000e+00 #xyz tv1
          -4.3750000000000000e+00   4.3750000000000000e+00   0.0000000000000000e+00 76 -1 #xyz tv2 fid bid
          -5.0000000000000000e+00   4.3750000000000000e+00   0.0000000000000000e+00 #xyz tv0
          -5.0000000000000000e+00   5.0000000000000000e+00   0.0000000000000000e+00 #xyz tv1
          -4.3750000000000000e+00   4.3750000000000000e+00   0.0000000000000000e+00 112 -1 #xyz tv2 fid bid
          -5.0000000000000000e+00   5.0000000000000000e+00   0.0000000000000000e+00 #xyz tv0
          -4.3750000000000000e+00   5.0000000000000000e+00   0.0000000000000000e+00 #xyz tv1
          -4.3750000000000000e+00   4.3750000000000000e+00   0.0000000000000000e+00 8 -1 #xyz tv2 fid bid
          -5.0000000000000000e+00   5.0000000000000000e+00   0.0000000000000000e+00 #xyz tv0
          -4.3750000000000000e+00   5.0000000000000000e+00   0.0000000000000000e+00 #xyz tv1
          -4.3750000000000000e+00   4.3750000000000000e+00   0.0000000000000000e+00 76 -1 #xyz tv2 fid bid
          -5.0000000000000000e+00   5.0000000000000000e+00   0.0000000000000000e+00 #xyz tv0
          -4.3750000000000000e+00   5.0000000000000000e+00   0.0000000000000000e+00 #xyz tv1
          -4.3750000000000000e+00   4.3750000000000000e+00   0.0000000000000000e+00 112 -1 #xyz tv2 fid bid
          -5.0000000000000000e+00   5.0000000000000000e+00   0.0000000000000000e+00 #xyz ev0
          -4.3750000000000000e+00   4.3750000000000000e+00   0.0000000000000000e+00 -1 6 #xyz ev1 fid bid
   0   0.000000000000e+00   0.000000000000e+00   0.000000000000e+00 #flag location
END_ERR 
BEGIN_ERR 
26 Small mesh segment detected on body : Substrate
 Small mesh segment detected on body : Substrate 
 Segment Statistics - Number of Segments : 1 --- Segment length(s) : 0.883883mm. The cutoff frequency for S-Matrix Only Solve is 18.142850278383MHz 
4 -1  8  76  112  # nfids, fids[]
2 6  -1  # nbids, bids[]
      4 6 1 0 #ntets ntri ned npts
           5.0000000000000000e+00   4.3750000000000000e+00   0.0000000000000000e+00 #xyz tv0
           4.3750000000000000e+00   4.3750000000000000e+00   0.0000000000000000e+00 #xyz tv1
           5.0000000000000000e+00   3.7500000000000000e+00   1.9050000000000000e-01 #xyz tv2
           5.0000000000000000e+00   3.7500000000000000e+00   0.0000000000000000e+00 -1 6 #xyz tv3 fid bid
           4.3750000000000000e+00   3.7500000000000000e+00   0.0000000000000000e+00 #xyz tv0
           5.0000000000000000e+00   3.7500000000000000e+00   1.9050000000000000e-01 #xyz tv1
           4.3750000000000000e+00   4.3750000000000000e+00   0.0000000000000000e+00 #xyz tv2
           5.0000000000000000e+00   3.7500000000000000e+00   0.0000000000000000e+00 -1 6 #xyz tv3 fid bid
           4.3750000000000000e+00   4.3750000000000000e+00   0.0000000000000000e+00 #xyz tv0
           5.0000000000000000e+00   3.7500000000000000e+00   0.0000000000000000e+00 #xyz tv1
           5.0000000000000000e+00   4.3750000000000000e+00   0.0000000000000000e+00 #xyz tv2
           3.7816144188181924e+00   3.1206200873124743e+00  -1.4127657025943448e+00 -1 6 #xyz tv3 fid bid
           3.7816144188181924e+00   3.1206200873124743e+00  -1.4127657025943448e+00 #xyz tv0
           4.3750000000000000e+00   3.7500000000000000e+00   0.0000000000000000e+00 #xyz tv1
           4.3750000000000000e+00   4.3750000000000000e+00   0.0000000000000000e+00 #xyz tv2
           5.0000000000000000e+00   3.7500000000000000e+00   0.0000000000000000e+00 -1 6 #xyz tv3 fid bid
           5.0000000000000000e+00   4.3750000000000000e+00   0.0000000000000000e+00 #xyz tv0
           5.0000000000000000e+00   3.7500000000000000e+00   0.0000000000000000e+00 #xyz tv1
           4.3750000000000000e+00   4.3750000000000000e+00   0.0000000000000000e+00 8 -1 #xyz tv2 fid bid
           5.0000000000000000e+00   4.3750000000000000e+00   0.0000000000000000e+00 #xyz tv0
           5.0000000000000000e+00   3.7500000000000000e+00   0.0000000000000000e+00 #xyz tv1
           4.3750000000000000e+00   4.3750000000000000e+00   0.0000000000000000e+00 76 -1 #xyz tv2 fid bid
           5.0000000000000000e+00   4.3750000000000000e+00   0.0000000000000000e+00 #xyz tv0
           5.0000000000000000e+00   3.7500000000000000e+00   0.0000000000000000e+00 #xyz tv1
           4.3750000000000000e+00   4.3750000000000000e+00   0.0000000000000000e+00 112 -1 #xyz tv2 fid bid
           5.0000000000000000e+00   3.7500000000000000e+00   0.0000000000000000e+00 #xyz tv0
           4.3750000000000000e+00   3.7500000000000000e+00   0.0000000000000000e+00 #xyz tv1
           4.3750000000000000e+00   4.3750000000000000e+00   0.0000000000000000e+00 8 -1 #xyz tv2 fid bid
           5.0000000000000000e+00   3.7500000000000000e+00   0.0000000000000000e+00 #xyz tv0
           4.3750000000000000e+00   3.7500000000000000e+00   0.0000000000000000e+00 #xyz tv1
           4.3750000000000000e+00   4.3750000000000000e+00   0.0000000000000000e+00 76 -1 #xyz tv2 fid bid
           5.0000000000000000e+00   3.7500000000000000e+00   0.0000000000000000e+00 #xyz tv0
           4.3750000000000000e+00   3.7500000000000000e+00   0.0000000000000000e+00 #xyz tv1
           4.3750000000000000e+00   4.3750000000000000e+00   0.0000000000000000e+00 112 -1 #xyz tv2 fid bid
           5.0000000000000000e+00   3.7500000000000000e+00   0.0000000000000000e+00 #xyz ev0
           4.3750000000000000e+00   4.3750000000000000e+00   0.0000000000000000e+00 -1 6 #xyz ev1 fid bid
   0   0.000000000000e+00   0.000000000000e+00   0.000000000000e+00 #flag location
END_ERR 
G3dErrFileVersion 2025R1
FlagFileMetaData Begin
   Mesh Size - Setup1, Refinement, Pass #5, Freq. 1.100000e+10 :Title    
   Listing of mesh elements with poor quality. :ToolTip  
   hf3d :Author   
   1779015216 :TimeStamp
   mm :UnitName 
   1.0000000000000000e-03 :UnitConv
FlagFileMetaData End
BEGIN_ERR 
26 Small mesh segment detected on body : Simulation_Box
 Small mesh segment detected on body : Simulation_Box 
 Segment Statistics - Number of Segments : 1 --- Segment length(s) : 0.091834mm. The cutoff frequency for S-Matrix Only Solve is 18.142850278383MHz 
1 -1  # nfids, fids[]
1 74  # nbids, bids[]
      4 0 1 0 #ntets ntri ned npts
          -2.0692651432860423e+00  -2.0540015468503214e+00   1.5854432178101150e+00 #xyz tv0
          -2.0870172125954465e+00  -1.9855946691998689e+00   1.6440850869463084e+00 #xyz tv1
          -2.2021194288183903e+00  -1.8870716162028773e+00   1.5240000000000000e+00 #xyz tv2
          -2.0080000000000005e+00  -2.0080000000000005e+00   1.5240000000000000e+00 -1 74 #xyz tv3 fid bid
          -2.0692651432860423e+00  -2.0540015468503214e+00   1.5854432178101150e+00 #xyz tv0
          -2.2021194288183903e+00  -1.8870716162028773e+00   1.5240000000000000e+00 #xyz tv1
          -2.0870172125954465e+00  -1.9855946691998689e+00   1.6440850869463084e+00 #xyz tv2
          -2.1458909211120138e+00  -2.1071999773363927e+00   1.6260271040599059e+00 -1 74 #xyz tv3 fid bid
          -2.0692651432860423e+00  -2.0540015468503214e+00   1.5854432178101150e+00 #xyz tv0
          -1.9446487967210366e+00  -2.1002133733016271e+00   1.6451685662002382e+00 #xyz tv1
          -2.0870172125954465e+00  -1.9855946691998689e+00   1.6440850869463084e+00 #xyz tv2
          -2.0080000000000005e+00  -2.0080000000000005e+00   1.5240000000000000e+00 -1 74 #xyz tv3 fid bid
          -2.0692651432860423e+00  -2.0540015468503214e+00   1.5854432178101150e+00 #xyz tv0
          -2.0870172125954465e+00  -1.9855946691998689e+00   1.6440850869463084e+00 #xyz tv1
          -1.9446487967210366e+00  -2.1002133733016271e+00   1.6451685662002382e+00 #xyz tv2
          -2.1458909211120138e+00  -2.1071999773363927e+00   1.6260271040599059e+00 -1 74 #xyz tv3 fid bid
          -2.0870172125954465e+00  -1.9855946691998689e+00   1.6440850869463084e+00 #xyz ev0
          -2.0692651432860423e+00  -2.0540015468503214e+00   1.5854432178101150e+00 -1 74 #xyz ev1 fid bid
   0   0.000000000000e+00   0.000000000000e+00   0.000000000000e+00 #flag location
END_ERR 
BEGIN_ERR 
26 Small mesh segment detected on body : Substrate
 Small mesh segment detected on body : Substrate 
 Segment Statistics - Number of Segments : 1 --- Segment length(s) : 0.093989mm. The cutoff frequency for S-Matrix Only Solve is 18.142850278383MHz 
1 -1  # nfids, fids[]
1 6  # nbids, bids[]
      4 0 1 0 #ntets ntri ned npts
          -2.1184035757020423e+00   1.8974027305082408e+00   1.5240000000000000e+00 #xyz tv0
          -2.1284550794063870e+00   1.9108598583936378e+00   1.4315243079925937e+00 #xyz tv1
          -2.0080000000000005e+00   1.7570000000000003e+00   1.5240000000000000e+00 #xyz tv2
          -2.0080000000000005e+00   2.0080000000000005e+00   1.5240000000000000e+00 -1 6 #xyz tv3 fid bid
          -2.1184035757020423e+00   1.8974027305082408e+00   1.5240000000000000e+00 #xyz tv0
          -2.0080000000000005e+00   1.7570000000000003e+00   1.5240000000000000e+00 #xyz tv1
          -2.1284550794063870e+00   1.9108598583936378e+00   1.4315243079925937e+00 #xyz tv2
          -2.2288071514040841e+00   1.7868054610164814e+00   1.5240000000000000e+00 -1 6 #xyz tv3 fid bid
          -2.1184035757020423e+00   1.8974027305082408e+00   1.5240000000000000e+00 #xyz tv0
          -2.1815601781637608e+00   2.0382291253674483e+00   1.5240000000000000e+00 #xyz tv1
          -2.1284550794063870e+00   1.9108598583936378e+00   1.4315243079925937e+00 #xyz tv2
          -2.0080000000000005e+00   2.0080000000000005e+00   1.5240000000000000e+00 -1 6 #xyz tv3 fid bid
          -2.1184035757020423e+00   1.8974027305082408e+00   1.5240000000000000e+00 #xyz tv0
          -2.1284550794063870e+00   1.9108598583936378e+00   1.4315243079925937e+00 #xyz tv1
          -2.1815601781637608e+00   2.0382291253674483e+00   1.5240000000000000e+00 #xyz tv2
          -2.2288071514040841e+00   1.7868054610164814e+00   1.5240000000000000e+00 -1 6 #xyz tv3 fid bid
          -2.1184035757020423e+00   1.8974027305082408e+00   1.5240000000000000e+00 #xyz ev0
          -2.1284550794063870e+00   1.9108598583936378e+00   1.4315243079925937e+00 -1 6 #xyz ev1 fid bid
   0   0.000000000000e+00   0.000000000000e+00   0.000000000000e+00 #flag location
END_ERR 
