G3dErrFileVersion 2025R1
FlagFileMetaData Begin
   Mesh Size - Setup1, Refinement, Pass #1, Freq. 1.000000e+10 :Title    
   Listing of mesh elements with poor quality. :ToolTip  
   hf3d :Author   
   1779613176 :TimeStamp
   mm :UnitName 
   1.0000000000000000e-03 :UnitConv
FlagFileMetaData End
BEGIN_ERR 
26 Small mesh segment detected on body : Substrate
 Small mesh segment detected on body : Substrate 
 Segment Statistics - Number of Segments : 1 --- Segment length(s) : 1.325825mm. The cutoff frequency for S-Matrix Only Solve is 18.142850278383MHz 
4 -1  8  76  112  # nfids, fids[]
2 6  -1  # nbids, bids[]
      4 6 1 0 #ntets ntri ned npts
           6.9433718511763143e+00  -4.1621877054419105e+00   3.7244307419506656e-01 #xyz tv0
           7.5000000000000000e+00  -4.6875000000000000e+00   0.0000000000000000e+00 #xyz tv1
           7.5000000000000000e+00  -3.7500000000000000e+00   0.0000000000000000e+00 #xyz tv2
           6.5625000000000000e+00  -4.6875000000000000e+00   0.0000000000000000e+00 -1 6 #xyz tv3 fid bid
           7.5000000000000000e+00  -4.6875000000000000e+00   0.0000000000000000e+00 #xyz tv0
           6.5625000000000000e+00  -4.6875000000000000e+00   0.0000000000000000e+00 #xyz tv1
           8.2500000000000000e+00  -4.0447782028185983e+00  -2.7175946226390959e+00 #xyz tv2
           7.5000000000000000e+00  -3.7500000000000000e+00   0.0000000000000000e+00 -1 6 #xyz tv3 fid bid
           6.9433718511763143e+00  -4.1621877054419105e+00   3.7244307419506656e-01 #xyz tv0
           7.5000000000000000e+00  -3.7500000000000000e+00   0.0000000000000000e+00 #xyz tv1
           6.5625000000000000e+00  -3.7500000000000000e+00   0.0000000000000000e+00 #xyz tv2
           6.5625000000000000e+00  -4.6875000000000000e+00   0.0000000000000000e+00 -1 6 #xyz tv3 fid bid
           8.2500000000000000e+00  -4.0447782028185983e+00  -2.7175946226390959e+00 #xyz tv0
           6.5625000000000000e+00  -4.6875000000000000e+00   0.0000000000000000e+00 #xyz tv1
           6.5625000000000000e+00  -3.7500000000000000e+00   0.0000000000000000e+00 #xyz tv2
           7.5000000000000000e+00  -3.7500000000000000e+00   0.0000000000000000e+00 -1 6 #xyz tv3 fid bid
           6.5625000000000000e+00  -3.7500000000000000e+00   0.0000000000000000e+00 #xyz tv0
           7.5000000000000000e+00  -3.7500000000000000e+00   0.0000000000000000e+00 #xyz tv1
           6.5625000000000000e+00  -4.6875000000000000e+00   0.0000000000000000e+00 8 -1 #xyz tv2 fid bid
           6.5625000000000000e+00  -3.7500000000000000e+00   0.0000000000000000e+00 #xyz tv0
           7.5000000000000000e+00  -3.7500000000000000e+00   0.0000000000000000e+00 #xyz tv1
           6.5625000000000000e+00  -4.6875000000000000e+00   0.0000000000000000e+00 76 -1 #xyz tv2 fid bid
           6.5625000000000000e+00  -3.7500000000000000e+00   0.0000000000000000e+00 #xyz tv0
           7.5000000000000000e+00  -3.7500000000000000e+00   0.0000000000000000e+00 #xyz tv1
           6.5625000000000000e+00  -4.6875000000000000e+00   0.0000000000000000e+00 112 -1 #xyz tv2 fid bid
           7.5000000000000000e+00  -3.7500000000000000e+00   0.0000000000000000e+00 #xyz tv0
           7.5000000000000000e+00  -4.6875000000000000e+00   0.0000000000000000e+00 #xyz tv1
           6.5625000000000000e+00  -4.6875000000000000e+00   0.0000000000000000e+00 8 -1 #xyz tv2 fid bid
           7.5000000000000000e+00  -3.7500000000000000e+00   0.0000000000000000e+00 #xyz tv0
           7.5000000000000000e+00  -4.6875000000000000e+00   0.0000000000000000e+00 #xyz tv1
           6.5625000000000000e+00  -4.6875000000000000e+00   0.0000000000000000e+00 76 -1 #xyz tv2 fid bid
           7.5000000000000000e+00  -3.7500000000000000e+00   0.0000000000000000e+00 #xyz tv0
           7.5000000000000000e+00  -4.6875000000000000e+00   0.0000000000000000e+00 #xyz tv1
           6.5625000000000000e+00  -4.6875000000000000e+00   0.0000000000000000e+00 112 -1 #xyz tv2 fid bid
           7.5000000000000000e+00  -3.7500000000000000e+00   0.0000000000000000e+00 #xyz ev0
           6.5625000000000000e+00  -4.6875000000000000e+00   0.0000000000000000e+00 -1 6 #xyz ev1 fid bid
   0   0.000000000000e+00   0.000000000000e+00   0.000000000000e+00 #flag location
END_ERR 
BEGIN_ERR 
26 Small mesh segment detected on body : Substrate
 Small mesh segment detected on body : Substrate 
 Segment Statistics - Number of Segments : 1 --- Segment length(s) : 0.937500mm. The cutoff frequency for S-Matrix Only Solve is 18.142850278383MHz 
4 -1  8  76  112  # nfids, fids[]
2 6  -1  # nbids, bids[]
      5 6 1 0 #ntets ntri ned npts
           6.5625000000000000e+00  -7.5000000000000000e+00   9.5250000000000001e-02 #xyz tv0
           6.5625000000000000e+00  -6.5625000000000000e+00   0.0000000000000000e+00 #xyz tv1
           6.5625000000000000e+00  -7.5000000000000000e+00   0.0000000000000000e+00 #xyz tv2
           7.5000000000000000e+00  -7.5000000000000000e+00   0.0000000000000000e+00 -1 6 #xyz tv3 fid bid
           6.5625000000000000e+00  -7.5000000000000000e+00   9.5250000000000001e-02 #xyz tv0
           6.5625000000000000e+00  -7.5000000000000000e+00   0.0000000000000000e+00 #xyz tv1
           6.5625000000000000e+00  -6.5625000000000000e+00   0.0000000000000000e+00 #xyz tv2
           5.6250000000000000e+00  -7.5000000000000000e+00   1.9050000000000000e-01 -1 6 #xyz tv3 fid bid
           6.5625000000000000e+00  -7.5000000000000000e+00   0.0000000000000000e+00 #xyz tv0
           6.5625000000000000e+00  -6.5625000000000000e+00   0.0000000000000000e+00 #xyz tv1
           5.8663533463127706e+00  -5.7697839927266141e+00  -1.3264821684616939e+00 #xyz tv2
           7.5000000000000000e+00  -7.5000000000000000e+00   0.0000000000000000e+00 -1 6 #xyz tv3 fid bid
           6.5625000000000000e+00  -7.5000000000000000e+00   0.0000000000000000e+00 #xyz tv0
           6.5625000000000000e+00  -6.5625000000000000e+00   0.0000000000000000e+00 #xyz tv1
           5.6250000000000000e+00  -7.5000000000000000e+00   1.9050000000000000e-01 #xyz tv2
           5.6250000000000000e+00  -7.5000000000000000e+00   0.0000000000000000e+00 -1 6 #xyz tv3 fid bid
           6.5625000000000000e+00  -7.5000000000000000e+00   0.0000000000000000e+00 #xyz tv0
           5.8663533463127706e+00  -5.7697839927266141e+00  -1.3264821684616939e+00 #xyz tv1
           6.5625000000000000e+00  -6.5625000000000000e+00   0.0000000000000000e+00 #xyz tv2
           5.6250000000000000e+00  -7.5000000000000000e+00   0.0000000000000000e+00 -1 6 #xyz tv3 fid bid
           7.5000000000000000e+00  -7.5000000000000000e+00   0.0000000000000000e+00 #xyz tv0
           6.5625000000000000e+00  -7.5000000000000000e+00   0.0000000000000000e+00 #xyz tv1
           6.5625000000000000e+00  -6.5625000000000000e+00   0.0000000000000000e+00 8 -1 #xyz tv2 fid bid
           7.5000000000000000e+00  -7.5000000000000000e+00   0.0000000000000000e+00 #xyz tv0
           6.5625000000000000e+00  -7.5000000000000000e+00   0.0000000000000000e+00 #xyz tv1
           6.5625000000000000e+00  -6.5625000000000000e+00   0.0000000000000000e+00 76 -1 #xyz tv2 fid bid
           7.5000000000000000e+00  -7.5000000000000000e+00   0.0000000000000000e+00 #xyz tv0
           6.5625000000000000e+00  -7.5000000000000000e+00   0.0000000000000000e+00 #xyz tv1
           6.5625000000000000e+00  -6.5625000000000000e+00   0.0000000000000000e+00 112 -1 #xyz tv2 fid bid
           6.5625000000000000e+00  -7.5000000000000000e+00   0.0000000000000000e+00 #xyz tv0
           5.6250000000000000e+00  -7.5000000000000000e+00   0.0000000000000000e+00 #xyz tv1
           6.5625000000000000e+00  -6.5625000000000000e+00   0.0000000000000000e+00 8 -1 #xyz tv2 fid bid
           6.5625000000000000e+00  -7.5000000000000000e+00   0.0000000000000000e+00 #xyz tv0
           5.6250000000000000e+00  -7.5000000000000000e+00   0.0000000000000000e+00 #xyz tv1
           6.5625000000000000e+00  -6.5625000000000000e+00   0.0000000000000000e+00 76 -1 #xyz tv2 fid bid
           6.5625000000000000e+00  -7.5000000000000000e+00   0.0000000000000000e+00 #xyz tv0
           5.6250000000000000e+00  -7.5000000000000000e+00   0.0000000000000000e+00 #xyz tv1
           6.5625000000000000e+00  -6.5625000000000000e+00   0.0000000000000000e+00 112 -1 #xyz tv2 fid bid
           6.5625000000000000e+00  -7.5000000000000000e+00   0.0000000000000000e+00 #xyz ev0
           6.5625000000000000e+00  -6.5625000000000000e+00   0.0000000000000000e+00 -1 6 #xyz ev1 fid bid
   0   0.000000000000e+00   0.000000000000e+00   0.000000000000e+00 #flag location
END_ERR 
G3dErrFileVersion 2025R1
FlagFileMetaData Begin
   Mesh Size - Setup1, Refinement, Pass #2, Freq. 1.000000e+10 :Title    
   Listing of mesh elements with poor quality. :ToolTip  
   hf3d :Author   
   1779613181 :TimeStamp
   mm :UnitName 
   1.0000000000000000e-03 :UnitConv
FlagFileMetaData End
BEGIN_ERR 
26 Small mesh segment detected on body : Substrate
 Small mesh segment detected on body : Substrate 
 Segment Statistics - Number of Segments : 1 --- Segment length(s) : 1.325825mm. The cutoff frequency for S-Matrix Only Solve is 18.142850278383MHz 
4 -1  8  76  112  # nfids, fids[]
2 6  -1  # nbids, bids[]
      4 6 1 0 #ntets ntri ned npts
           6.9433915883881356e+00  -4.1621580171872807e+00   3.7246131957827688e-01 #xyz tv0
           7.5000000000000000e+00  -4.6875000000000000e+00   0.0000000000000000e+00 #xyz tv1
           7.5000000000000000e+00  -3.7500000000000000e+00   0.0000000000000000e+00 #xyz tv2
           6.5625000000000000e+00  -4.6875000000000000e+00   0.0000000000000000e+00 -1 6 #xyz tv3 fid bid
           7.5000000000000000e+00  -4.6875000000000000e+00   0.0000000000000000e+00 #xyz tv0
           6.5625000000000000e+00  -4.6875000000000000e+00   0.0000000000000000e+00 #xyz tv1
           8.2500000000000000e+00  -4.0447782028185983e+00  -2.7175946226390959e+00 #xyz tv2
           7.5000000000000000e+00  -3.7500000000000000e+00   0.0000000000000000e+00 -1 6 #xyz tv3 fid bid
           6.9433915883881356e+00  -4.1621580171872807e+00   3.7246131957827688e-01 #xyz tv0
           7.5000000000000000e+00  -3.7500000000000000e+00   0.0000000000000000e+00 #xyz tv1
           6.5625000000000000e+00  -3.7500000000000000e+00   0.0000000000000000e+00 #xyz tv2
           6.5625000000000000e+00  -4.6875000000000000e+00   0.0000000000000000e+00 -1 6 #xyz tv3 fid bid
           8.2500000000000000e+00  -4.0447782028185983e+00  -2.7175946226390959e+00 #xyz tv0
           6.5625000000000000e+00  -4.6875000000000000e+00   0.0000000000000000e+00 #xyz tv1
           6.5625000000000000e+00  -3.7500000000000000e+00   0.0000000000000000e+00 #xyz tv2
           7.5000000000000000e+00  -3.7500000000000000e+00   0.0000000000000000e+00 -1 6 #xyz tv3 fid bid
           6.5625000000000000e+00  -3.7500000000000000e+00   0.0000000000000000e+00 #xyz tv0
           7.5000000000000000e+00  -3.7500000000000000e+00   0.0000000000000000e+00 #xyz tv1
           6.5625000000000000e+00  -4.6875000000000000e+00   0.0000000000000000e+00 8 -1 #xyz tv2 fid bid
           6.5625000000000000e+00  -3.7500000000000000e+00   0.0000000000000000e+00 #xyz tv0
           7.5000000000000000e+00  -3.7500000000000000e+00   0.0000000000000000e+00 #xyz tv1
           6.5625000000000000e+00  -4.6875000000000000e+00   0.0000000000000000e+00 76 -1 #xyz tv2 fid bid
           6.5625000000000000e+00  -3.7500000000000000e+00   0.0000000000000000e+00 #xyz tv0
           7.5000000000000000e+00  -3.7500000000000000e+00   0.0000000000000000e+00 #xyz tv1
           6.5625000000000000e+00  -4.6875000000000000e+00   0.0000000000000000e+00 112 -1 #xyz tv2 fid bid
           7.5000000000000000e+00  -3.7500000000000000e+00   0.0000000000000000e+00 #xyz tv0
           7.5000000000000000e+00  -4.6875000000000000e+00   0.0000000000000000e+00 #xyz tv1
           6.5625000000000000e+00  -4.6875000000000000e+00   0.0000000000000000e+00 8 -1 #xyz tv2 fid bid
           7.5000000000000000e+00  -3.7500000000000000e+00   0.0000000000000000e+00 #xyz tv0
           7.5000000000000000e+00  -4.6875000000000000e+00   0.0000000000000000e+00 #xyz tv1
           6.5625000000000000e+00  -4.6875000000000000e+00   0.0000000000000000e+00 76 -1 #xyz tv2 fid bid
           7.5000000000000000e+00  -3.7500000000000000e+00   0.0000000000000000e+00 #xyz tv0
           7.5000000000000000e+00  -4.6875000000000000e+00   0.0000000000000000e+00 #xyz tv1
           6.5625000000000000e+00  -4.6875000000000000e+00   0.0000000000000000e+00 112 -1 #xyz tv2 fid bid
           7.5000000000000000e+00  -3.7500000000000000e+00   0.0000000000000000e+00 #xyz ev0
           6.5625000000000000e+00  -4.6875000000000000e+00   0.0000000000000000e+00 -1 6 #xyz ev1 fid bid
   0   0.000000000000e+00   0.000000000000e+00   0.000000000000e+00 #flag location
END_ERR 
BEGIN_ERR 
26 Small mesh segment detected on body : Substrate
 Small mesh segment detected on body : Substrate 
 Segment Statistics - Number of Segments : 1 --- Segment length(s) : 0.937500mm. The cutoff frequency for S-Matrix Only Solve is 18.142850278383MHz 
4 -1  8  76  112  # nfids, fids[]
2 6  -1  # nbids, bids[]
      5 6 1 0 #ntets ntri ned npts
           6.5625000000000000e+00  -7.5000000000000000e+00   9.5250000000000001e-02 #xyz tv0
           6.5625000000000000e+00  -6.5625000000000000e+00   0.0000000000000000e+00 #xyz tv1
           6.5625000000000000e+00  -7.5000000000000000e+00   0.0000000000000000e+00 #xyz tv2
           7.5000000000000000e+00  -7.5000000000000000e+00   0.0000000000000000e+00 -1 6 #xyz tv3 fid bid
           6.5625000000000000e+00  -7.5000000000000000e+00   9.5250000000000001e-02 #xyz tv0
           6.5625000000000000e+00  -7.5000000000000000e+00   0.0000000000000000e+00 #xyz tv1
           6.5625000000000000e+00  -6.5625000000000000e+00   0.0000000000000000e+00 #xyz tv2
           5.6250000000000000e+00  -7.5000000000000000e+00   1.9050000000000000e-01 -1 6 #xyz tv3 fid bid
           6.5625000000000000e+00  -7.5000000000000000e+00   0.0000000000000000e+00 #xyz tv0
           6.5625000000000000e+00  -6.5625000000000000e+00   0.0000000000000000e+00 #xyz tv1
           5.8663533463127706e+00  -5.7697839927266141e+00  -1.3264821684616939e+00 #xyz tv2
           7.5000000000000000e+00  -7.5000000000000000e+00   0.0000000000000000e+00 -1 6 #xyz tv3 fid bid
           6.5625000000000000e+00  -7.5000000000000000e+00   0.0000000000000000e+00 #xyz tv0
           6.5625000000000000e+00  -6.5625000000000000e+00   0.0000000000000000e+00 #xyz tv1
           5.6250000000000000e+00  -7.5000000000000000e+00   1.9050000000000000e-01 #xyz tv2
           5.6250000000000000e+00  -7.5000000000000000e+00   0.0000000000000000e+00 -1 6 #xyz tv3 fid bid
           6.5625000000000000e+00  -7.5000000000000000e+00   0.0000000000000000e+00 #xyz tv0
           5.8663533463127706e+00  -5.7697839927266141e+00  -1.3264821684616939e+00 #xyz tv1
           6.5625000000000000e+00  -6.5625000000000000e+00   0.0000000000000000e+00 #xyz tv2
           5.6250000000000000e+00  -7.5000000000000000e+00   0.0000000000000000e+00 -1 6 #xyz tv3 fid bid
           7.5000000000000000e+00  -7.5000000000000000e+00   0.0000000000000000e+00 #xyz tv0
           6.5625000000000000e+00  -7.5000000000000000e+00   0.0000000000000000e+00 #xyz tv1
           6.5625000000000000e+00  -6.5625000000000000e+00   0.0000000000000000e+00 8 -1 #xyz tv2 fid bid
           7.5000000000000000e+00  -7.5000000000000000e+00   0.0000000000000000e+00 #xyz tv0
           6.5625000000000000e+00  -7.5000000000000000e+00   0.0000000000000000e+00 #xyz tv1
           6.5625000000000000e+00  -6.5625000000000000e+00   0.0000000000000000e+00 76 -1 #xyz tv2 fid bid
           7.5000000000000000e+00  -7.5000000000000000e+00   0.0000000000000000e+00 #xyz tv0
           6.5625000000000000e+00  -7.5000000000000000e+00   0.0000000000000000e+00 #xyz tv1
           6.5625000000000000e+00  -6.5625000000000000e+00   0.0000000000000000e+00 112 -1 #xyz tv2 fid bid
           6.5625000000000000e+00  -7.5000000000000000e+00   0.0000000000000000e+00 #xyz tv0
           5.6250000000000000e+00  -7.5000000000000000e+00   0.0000000000000000e+00 #xyz tv1
           6.5625000000000000e+00  -6.5625000000000000e+00   0.0000000000000000e+00 8 -1 #xyz tv2 fid bid
           6.5625000000000000e+00  -7.5000000000000000e+00   0.0000000000000000e+00 #xyz tv0
           5.6250000000000000e+00  -7.5000000000000000e+00   0.0000000000000000e+00 #xyz tv1
           6.5625000000000000e+00  -6.5625000000000000e+00   0.0000000000000000e+00 76 -1 #xyz tv2 fid bid
           6.5625000000000000e+00  -7.5000000000000000e+00   0.0000000000000000e+00 #xyz tv0
           5.6250000000000000e+00  -7.5000000000000000e+00   0.0000000000000000e+00 #xyz tv1
           6.5625000000000000e+00  -6.5625000000000000e+00   0.0000000000000000e+00 112 -1 #xyz tv2 fid bid
           6.5625000000000000e+00  -7.5000000000000000e+00   0.0000000000000000e+00 #xyz ev0
           6.5625000000000000e+00  -6.5625000000000000e+00   0.0000000000000000e+00 -1 6 #xyz ev1 fid bid
   0   0.000000000000e+00   0.000000000000e+00   0.000000000000e+00 #flag location
END_ERR 
G3dErrFileVersion 2025R1
FlagFileMetaData Begin
   Mesh Size - Setup1, Refinement, Pass #3, Freq. 1.000000e+10 :Title    
   Listing of mesh elements with poor quality. :ToolTip  
   hf3d :Author   
   1779613186 :TimeStamp
   mm :UnitName 
   1.0000000000000000e-03 :UnitConv
FlagFileMetaData End
BEGIN_ERR 
26 Small mesh segment detected on body : Substrate
 Small mesh segment detected on body : Substrate 
 Segment Statistics - Number of Segments : 1 --- Segment length(s) : 1.325825mm. The cutoff frequency for S-Matrix Only Solve is 18.142850278383MHz 
4 -1  8  76  112  # nfids, fids[]
2 6  -1  # nbids, bids[]
      4 6 1 0 #ntets ntri ned npts
           6.9433936565979444e+00  -4.1621550795129325e+00   3.7246309959266055e-01 #xyz tv0
           7.5000000000000000e+00  -4.6875000000000000e+00   0.0000000000000000e+00 #xyz tv1
           7.5000000000000000e+00  -3.7500000000000000e+00   0.0000000000000000e+00 #xyz tv2
           6.5625000000000000e+00  -4.6875000000000000e+00   0.0000000000000000e+00 -1 6 #xyz tv3 fid bid
           7.5000000000000000e+00  -4.6875000000000000e+00   0.0000000000000000e+00 #xyz tv0
           6.5625000000000000e+00  -4.6875000000000000e+00   0.0000000000000000e+00 #xyz tv1
           8.2500000000000000e+00  -4.0447782028185983e+00  -2.7175946226390959e+00 #xyz tv2
           7.5000000000000000e+00  -3.7500000000000000e+00   0.0000000000000000e+00 -1 6 #xyz tv3 fid bid
           6.9433936565979444e+00  -4.1621550795129325e+00   3.7246309959266055e-01 #xyz tv0
           7.5000000000000000e+00  -3.7500000000000000e+00   0.0000000000000000e+00 #xyz tv1
           6.5625000000000000e+00  -3.7500000000000000e+00   0.0000000000000000e+00 #xyz tv2
           6.5625000000000000e+00  -4.6875000000000000e+00   0.0000000000000000e+00 -1 6 #xyz tv3 fid bid
           8.2500000000000000e+00  -4.0447782028185983e+00  -2.7175946226390959e+00 #xyz tv0
           6.5625000000000000e+00  -4.6875000000000000e+00   0.0000000000000000e+00 #xyz tv1
           6.5625000000000000e+00  -3.7500000000000000e+00   0.0000000000000000e+00 #xyz tv2
           7.5000000000000000e+00  -3.7500000000000000e+00   0.0000000000000000e+00 -1 6 #xyz tv3 fid bid
           6.5625000000000000e+00  -3.7500000000000000e+00   0.0000000000000000e+00 #xyz tv0
           7.5000000000000000e+00  -3.7500000000000000e+00   0.0000000000000000e+00 #xyz tv1
           6.5625000000000000e+00  -4.6875000000000000e+00   0.0000000000000000e+00 8 -1 #xyz tv2 fid bid
           6.5625000000000000e+00  -3.7500000000000000e+00   0.0000000000000000e+00 #xyz tv0
           7.5000000000000000e+00  -3.7500000000000000e+00   0.0000000000000000e+00 #xyz tv1
           6.5625000000000000e+00  -4.6875000000000000e+00   0.0000000000000000e+00 76 -1 #xyz tv2 fid bid
           6.5625000000000000e+00  -3.7500000000000000e+00   0.0000000000000000e+00 #xyz tv0
           7.5000000000000000e+00  -3.7500000000000000e+00   0.0000000000000000e+00 #xyz tv1
           6.5625000000000000e+00  -4.6875000000000000e+00   0.0000000000000000e+00 112 -1 #xyz tv2 fid bid
           7.5000000000000000e+00  -3.7500000000000000e+00   0.0000000000000000e+00 #xyz tv0
           7.5000000000000000e+00  -4.6875000000000000e+00   0.0000000000000000e+00 #xyz tv1
           6.5625000000000000e+00  -4.6875000000000000e+00   0.0000000000000000e+00 8 -1 #xyz tv2 fid bid
           7.5000000000000000e+00  -3.7500000000000000e+00   0.0000000000000000e+00 #xyz tv0
           7.5000000000000000e+00  -4.6875000000000000e+00   0.0000000000000000e+00 #xyz tv1
           6.5625000000000000e+00  -4.6875000000000000e+00   0.0000000000000000e+00 76 -1 #xyz tv2 fid bid
           7.5000000000000000e+00  -3.7500000000000000e+00   0.0000000000000000e+00 #xyz tv0
           7.5000000000000000e+00  -4.6875000000000000e+00   0.0000000000000000e+00 #xyz tv1
           6.5625000000000000e+00  -4.6875000000000000e+00   0.0000000000000000e+00 112 -1 #xyz tv2 fid bid
           7.5000000000000000e+00  -3.7500000000000000e+00   0.0000000000000000e+00 #xyz ev0
           6.5625000000000000e+00  -4.6875000000000000e+00   0.0000000000000000e+00 -1 6 #xyz ev1 fid bid
   0   0.000000000000e+00   0.000000000000e+00   0.000000000000e+00 #flag location
END_ERR 
BEGIN_ERR 
26 Small mesh segment detected on body : Substrate
 Small mesh segment detected on body : Substrate 
 Segment Statistics - Number of Segments : 1 --- Segment length(s) : 0.937500mm. The cutoff frequency for S-Matrix Only Solve is 18.142850278383MHz 
4 -1  8  76  112  # nfids, fids[]
2 6  -1  # nbids, bids[]
      5 6 1 0 #ntets ntri ned npts
           6.5625000000000000e+00  -7.5000000000000000e+00   9.5250000000000001e-02 #xyz tv0
           6.5625000000000000e+00  -6.5625000000000000e+00   0.0000000000000000e+00 #xyz tv1
           6.5625000000000000e+00  -7.5000000000000000e+00   0.0000000000000000e+00 #xyz tv2
           7.5000000000000000e+00  -7.5000000000000000e+00   0.0000000000000000e+00 -1 6 #xyz tv3 fid bid
           6.5625000000000000e+00  -7.5000000000000000e+00   9.5250000000000001e-02 #xyz tv0
           6.5625000000000000e+00  -7.5000000000000000e+00   0.0000000000000000e+00 #xyz tv1
           6.5625000000000000e+00  -6.5625000000000000e+00   0.0000000000000000e+00 #xyz tv2
           5.6250000000000000e+00  -7.5000000000000000e+00   1.9050000000000000e-01 -1 6 #xyz tv3 fid bid
           6.5625000000000000e+00  -7.5000000000000000e+00   0.0000000000000000e+00 #xyz tv0
           6.5625000000000000e+00  -6.5625000000000000e+00   0.0000000000000000e+00 #xyz tv1
           5.8663533463127706e+00  -5.7697839927266141e+00  -1.3264821684616939e+00 #xyz tv2
           7.5000000000000000e+00  -7.5000000000000000e+00   0.0000000000000000e+00 -1 6 #xyz tv3 fid bid
           6.5625000000000000e+00  -7.5000000000000000e+00   0.0000000000000000e+00 #xyz tv0
           6.5625000000000000e+00  -6.5625000000000000e+00   0.0000000000000000e+00 #xyz tv1
           5.6250000000000000e+00  -7.5000000000000000e+00   1.9050000000000000e-01 #xyz tv2
           5.6250000000000000e+00  -7.5000000000000000e+00   0.0000000000000000e+00 -1 6 #xyz tv3 fid bid
           6.5625000000000000e+00  -7.5000000000000000e+00   0.0000000000000000e+00 #xyz tv0
           5.8663533463127706e+00  -5.7697839927266141e+00  -1.3264821684616939e+00 #xyz tv1
           6.5625000000000000e+00  -6.5625000000000000e+00   0.0000000000000000e+00 #xyz tv2
           5.6250000000000000e+00  -7.5000000000000000e+00   0.0000000000000000e+00 -1 6 #xyz tv3 fid bid
           7.5000000000000000e+00  -7.5000000000000000e+00   0.0000000000000000e+00 #xyz tv0
           6.5625000000000000e+00  -7.5000000000000000e+00   0.0000000000000000e+00 #xyz tv1
           6.5625000000000000e+00  -6.5625000000000000e+00   0.0000000000000000e+00 8 -1 #xyz tv2 fid bid
           7.5000000000000000e+00  -7.5000000000000000e+00   0.0000000000000000e+00 #xyz tv0
           6.5625000000000000e+00  -7.5000000000000000e+00   0.0000000000000000e+00 #xyz tv1
           6.5625000000000000e+00  -6.5625000000000000e+00   0.0000000000000000e+00 76 -1 #xyz tv2 fid bid
           7.5000000000000000e+00  -7.5000000000000000e+00   0.0000000000000000e+00 #xyz tv0
           6.5625000000000000e+00  -7.5000000000000000e+00   0.0000000000000000e+00 #xyz tv1
           6.5625000000000000e+00  -6.5625000000000000e+00   0.0000000000000000e+00 112 -1 #xyz tv2 fid bid
           6.5625000000000000e+00  -7.5000000000000000e+00   0.0000000000000000e+00 #xyz tv0
           5.6250000000000000e+00  -7.5000000000000000e+00   0.0000000000000000e+00 #xyz tv1
           6.5625000000000000e+00  -6.5625000000000000e+00   0.0000000000000000e+00 8 -1 #xyz tv2 fid bid
           6.5625000000000000e+00  -7.5000000000000000e+00   0.0000000000000000e+00 #xyz tv0
           5.6250000000000000e+00  -7.5000000000000000e+00   0.0000000000000000e+00 #xyz tv1
           6.5625000000000000e+00  -6.5625000000000000e+00   0.0000000000000000e+00 76 -1 #xyz tv2 fid bid
           6.5625000000000000e+00  -7.5000000000000000e+00   0.0000000000000000e+00 #xyz tv0
           5.6250000000000000e+00  -7.5000000000000000e+00   0.0000000000000000e+00 #xyz tv1
           6.5625000000000000e+00  -6.5625000000000000e+00   0.0000000000000000e+00 112 -1 #xyz tv2 fid bid
           6.5625000000000000e+00  -7.5000000000000000e+00   0.0000000000000000e+00 #xyz ev0
           6.5625000000000000e+00  -6.5625000000000000e+00   0.0000000000000000e+00 -1 6 #xyz ev1 fid bid
   0   0.000000000000e+00   0.000000000000e+00   0.000000000000e+00 #flag location
END_ERR 
BEGIN_ERR 
26 Small mesh segment detected on body : Substrate
 Small mesh segment detected on body : Substrate 
 Segment Statistics - Number of Segments : 1 --- Segment length(s) : 0.937500mm. The cutoff frequency for S-Matrix Only Solve is 18.142850278383MHz 
4 -1  8  76  112  # nfids, fids[]
2 6  -1  # nbids, bids[]
      4 6 1 0 #ntets ntri ned npts
           7.5000000000000000e+00  -6.5625000000000000e+00   9.5250000000000001e-02 #xyz tv0
           7.5000000000000000e+00  -6.5625000000000000e+00   0.0000000000000000e+00 #xyz tv1
           6.5625000000000000e+00  -6.5625000000000000e+00   0.0000000000000000e+00 #xyz tv2
           7.5000000000000000e+00  -7.5000000000000000e+00   0.0000000000000000e+00 -1 6 #xyz tv3 fid bid
           7.5000000000000000e+00  -6.5625000000000000e+00   9.5250000000000001e-02 #xyz tv0
           7.5000000000000000e+00  -5.6250000000000000e+00   0.0000000000000000e+00 #xyz tv1
           6.5625000000000000e+00  -6.5625000000000000e+00   0.0000000000000000e+00 #xyz tv2
           7.5000000000000000e+00  -6.5625000000000000e+00   0.0000000000000000e+00 -1 6 #xyz tv3 fid bid
           7.5000000000000000e+00  -6.5625000000000000e+00   0.0000000000000000e+00 #xyz tv0
           5.8663533463127706e+00  -5.7697839927266141e+00  -1.3264821684616939e+00 #xyz tv1
           6.5625000000000000e+00  -6.5625000000000000e+00   0.0000000000000000e+00 #xyz tv2
           7.5000000000000000e+00  -7.5000000000000000e+00   0.0000000000000000e+00 -1 6 #xyz tv3 fid bid
           7.5000000000000000e+00  -6.5625000000000000e+00   0.0000000000000000e+00 #xyz tv0
           6.5625000000000000e+00  -6.5625000000000000e+00   0.0000000000000000e+00 #xyz tv1
           5.8663533463127706e+00  -5.7697839927266141e+00  -1.3264821684616939e+00 #xyz tv2
           7.5000000000000000e+00  -5.6250000000000000e+00   0.0000000000000000e+00 -1 6 #xyz tv3 fid bid
           7.5000000000000000e+00  -5.6250000000000000e+00   0.0000000000000000e+00 #xyz tv0
           7.5000000000000000e+00  -6.5625000000000000e+00   0.0000000000000000e+00 #xyz tv1
           6.5625000000000000e+00  -6.5625000000000000e+00   0.0000000000000000e+00 8 -1 #xyz tv2 fid bid
           7.5000000000000000e+00  -5.6250000000000000e+00   0.0000000000000000e+00 #xyz tv0
           7.5000000000000000e+00  -6.5625000000000000e+00   0.0000000000000000e+00 #xyz tv1
           6.5625000000000000e+00  -6.5625000000000000e+00   0.0000000000000000e+00 76 -1 #xyz tv2 fid bid
           7.5000000000000000e+00  -5.6250000000000000e+00   0.0000000000000000e+00 #xyz tv0
           7.5000000000000000e+00  -6.5625000000000000e+00   0.0000000000000000e+00 #xyz tv1
           6.5625000000000000e+00  -6.5625000000000000e+00   0.0000000000000000e+00 112 -1 #xyz tv2 fid bid
           7.5000000000000000e+00  -6.5625000000000000e+00   0.0000000000000000e+00 #xyz tv0
           7.5000000000000000e+00  -7.5000000000000000e+00   0.0000000000000000e+00 #xyz tv1
           6.5625000000000000e+00  -6.5625000000000000e+00   0.0000000000000000e+00 8 -1 #xyz tv2 fid bid
           7.5000000000000000e+00  -6.5625000000000000e+00   0.0000000000000000e+00 #xyz tv0
           7.5000000000000000e+00  -7.5000000000000000e+00   0.0000000000000000e+00 #xyz tv1
           6.5625000000000000e+00  -6.5625000000000000e+00   0.0000000000000000e+00 76 -1 #xyz tv2 fid bid
           7.5000000000000000e+00  -6.5625000000000000e+00   0.0000000000000000e+00 #xyz tv0
           7.5000000000000000e+00  -7.5000000000000000e+00   0.0000000000000000e+00 #xyz tv1
           6.5625000000000000e+00  -6.5625000000000000e+00   0.0000000000000000e+00 112 -1 #xyz tv2 fid bid
           7.5000000000000000e+00  -6.5625000000000000e+00   0.0000000000000000e+00 #xyz ev0
           6.5625000000000000e+00  -6.5625000000000000e+00   0.0000000000000000e+00 -1 6 #xyz ev1 fid bid
   0   0.000000000000e+00   0.000000000000e+00   0.000000000000e+00 #flag location
END_ERR 
