G3dErrFileVersion 2025R1
FlagFileMetaData Begin
   Mesh Size - Setup1, Refinement, Pass #1, Freq. 1.000000e+10 :Title    
   Listing of mesh elements with poor quality. :ToolTip  
   hf3d :Author   
   1779612972 :TimeStamp
   mm :UnitName 
   1.0000000000000000e-03 :UnitConv
FlagFileMetaData End
BEGIN_ERR 
26 Small mesh segment detected on body : Substrate
 Small mesh segment detected on body : Substrate 
 Segment Statistics - Number of Segments : 1 --- Segment length(s) : 0.095250mm. The cutoff frequency for S-Matrix Only Solve is 18.142850278383MHz 
3 -1  10  78  # nfids, fids[]
2 6  -1  # nbids, bids[]
      5 4 1 0 #ntets ntri ned npts
          -7.5000000000000000e+00   7.5000000000000000e+00   0.0000000000000000e+00 #xyz tv0
          -7.5000000000000000e+00   6.5625000000000000e+00   0.0000000000000000e+00 #xyz tv1
          -7.5000000000000000e+00   6.5625000000000000e+00   9.5250000000000001e-02 #xyz tv2
          -7.0988124058945505e+00   6.9966837566804578e+00   2.7003255153189809e-01 -1 6 #xyz tv3 fid bid
          -7.5000000000000000e+00   6.5625000000000000e+00   9.5250000000000001e-02 #xyz tv0
          -7.5000000000000000e+00   6.5625000000000000e+00   0.0000000000000000e+00 #xyz tv1
          -6.5625000000000000e+00   6.5625000000000000e+00   0.0000000000000000e+00 #xyz tv2
          -7.0988124058945505e+00   6.9966837566804578e+00   2.7003255153189809e-01 -1 6 #xyz tv3 fid bid
          -8.2500000000000000e+00   8.2500000000000000e+00   1.7312155041882284e+00 #xyz tv0
          -7.5000000000000000e+00   7.5000000000000000e+00   0.0000000000000000e+00 #xyz tv1
          -7.5000000000000000e+00   6.5625000000000000e+00   0.0000000000000000e+00 #xyz tv2
          -7.5000000000000000e+00   6.5625000000000000e+00   9.5250000000000001e-02 -1 6 #xyz tv3 fid bid
          -7.5000000000000000e+00   6.5625000000000000e+00   9.5250000000000001e-02 #xyz tv0
          -7.5000000000000000e+00   5.6250000000000000e+00   0.0000000000000000e+00 #xyz tv1
          -6.5625000000000000e+00   6.5625000000000000e+00   0.0000000000000000e+00 #xyz tv2
          -7.5000000000000000e+00   6.5625000000000000e+00   0.0000000000000000e+00 -1 6 #xyz tv3 fid bid
          -7.5000000000000000e+00   5.6250000000000000e+00   0.0000000000000000e+00 #xyz tv0
          -8.2500000000000000e+00   8.2500000000000000e+00   1.7312155041882284e+00 #xyz tv1
          -7.5000000000000000e+00   6.5625000000000000e+00   0.0000000000000000e+00 #xyz tv2
          -7.5000000000000000e+00   6.5625000000000000e+00   9.5250000000000001e-02 -1 6 #xyz tv3 fid bid
          -7.5000000000000000e+00   6.5625000000000000e+00   9.5250000000000001e-02 #xyz tv0
          -7.5000000000000000e+00   7.5000000000000000e+00   0.0000000000000000e+00 #xyz tv1
          -7.5000000000000000e+00   6.5625000000000000e+00   0.0000000000000000e+00 10 -1 #xyz tv2 fid bid
          -7.5000000000000000e+00   6.5625000000000000e+00   9.5250000000000001e-02 #xyz tv0
          -7.5000000000000000e+00   7.5000000000000000e+00   0.0000000000000000e+00 #xyz tv1
          -7.5000000000000000e+00   6.5625000000000000e+00   0.0000000000000000e+00 78 -1 #xyz tv2 fid bid
          -7.5000000000000000e+00   5.6250000000000000e+00   0.0000000000000000e+00 #xyz tv0
          -7.5000000000000000e+00   6.5625000000000000e+00   9.5250000000000001e-02 #xyz tv1
          -7.5000000000000000e+00   6.5625000000000000e+00   0.0000000000000000e+00 10 -1 #xyz tv2 fid bid
          -7.5000000000000000e+00   5.6250000000000000e+00   0.0000000000000000e+00 #xyz tv0
          -7.5000000000000000e+00   6.5625000000000000e+00   9.5250000000000001e-02 #xyz tv1
          -7.5000000000000000e+00   6.5625000000000000e+00   0.0000000000000000e+00 78 -1 #xyz tv2 fid bid
          -7.5000000000000000e+00   6.5625000000000000e+00   0.0000000000000000e+00 #xyz ev0
          -7.5000000000000000e+00   6.5625000000000000e+00   9.5250000000000001e-02 -1 6 #xyz ev1 fid bid
   0   0.000000000000e+00   0.000000000000e+00   0.000000000000e+00 #flag location
END_ERR 
BEGIN_ERR 
26 Small mesh segment detected on body : Substrate
 Small mesh segment detected on body : Substrate 
 Segment Statistics - Number of Segments : 1 --- Segment length(s) : 0.937500mm. The cutoff frequency for S-Matrix Only Solve is 18.142850278383MHz 
4 -1  8  76  112  # nfids, fids[]
2 6  -1  # nbids, bids[]
      6 6 1 0 #ntets ntri ned npts
           3.7500000000000000e+00   7.5000000000000000e+00   0.0000000000000000e+00 #xyz tv0
           4.6875000000000000e+00   7.5000000000000000e+00   0.0000000000000000e+00 #xyz tv1
           4.6875000000000000e+00   6.5625000000000000e+00   0.0000000000000000e+00 #xyz tv2
           4.2706235255755152e+00   7.0344554654235907e+00   3.1553593060002078e-01 -1 6 #xyz tv3 fid bid
           4.6875000000000000e+00   6.5625000000000000e+00   0.0000000000000000e+00 #xyz tv0
           4.6875000000000000e+00   7.5000000000000000e+00   0.0000000000000000e+00 #xyz tv1
           4.6875000000000000e+00   7.5000000000000000e+00   1.9050000000000000e-01 #xyz tv2
           4.2706235255755152e+00   7.0344554654235907e+00   3.1553593060002078e-01 -1 6 #xyz tv3 fid bid
           4.6875000000000000e+00   7.5000000000000000e+00   1.9050000000000000e-01 #xyz tv0
           4.6875000000000000e+00   7.5000000000000000e+00   0.0000000000000000e+00 #xyz tv1
           4.6875000000000000e+00   6.5625000000000000e+00   0.0000000000000000e+00 #xyz tv2
           5.6250000000000000e+00   7.5000000000000000e+00   0.0000000000000000e+00 -1 6 #xyz tv3 fid bid
           3.4585193029583534e+00   6.0575748190478205e+00  -1.3662585573916206e+00 #xyz tv0
           3.7500000000000000e+00   7.5000000000000000e+00   0.0000000000000000e+00 #xyz tv1
           4.6875000000000000e+00   7.5000000000000000e+00   0.0000000000000000e+00 #xyz tv2
           4.6875000000000000e+00   6.5625000000000000e+00   0.0000000000000000e+00 -1 6 #xyz tv3 fid bid
           4.6875000000000000e+00   6.5625000000000000e+00   0.0000000000000000e+00 #xyz tv0
           4.6875000000000000e+00   7.5000000000000000e+00   0.0000000000000000e+00 #xyz tv1
           5.6668675393468462e+00   8.2500000000000000e+00  -2.1705098078424090e+00 #xyz tv2
           5.6250000000000000e+00   7.5000000000000000e+00   0.0000000000000000e+00 -1 6 #xyz tv3 fid bid
           4.6875000000000000e+00   6.5625000000000000e+00   0.0000000000000000e+00 #xyz tv0
           5.6668675393468462e+00   8.2500000000000000e+00  -2.1705098078424090e+00 #xyz tv1
           4.6875000000000000e+00   7.5000000000000000e+00   0.0000000000000000e+00 #xyz tv2
           3.4585193029583534e+00   6.0575748190478205e+00  -1.3662585573916206e+00 -1 6 #xyz tv3 fid bid
           3.7500000000000000e+00   7.5000000000000000e+00   0.0000000000000000e+00 #xyz tv0
           4.6875000000000000e+00   7.5000000000000000e+00   0.0000000000000000e+00 #xyz tv1
           4.6875000000000000e+00   6.5625000000000000e+00   0.0000000000000000e+00 8 -1 #xyz tv2 fid bid
           3.7500000000000000e+00   7.5000000000000000e+00   0.0000000000000000e+00 #xyz tv0
           4.6875000000000000e+00   7.5000000000000000e+00   0.0000000000000000e+00 #xyz tv1
           4.6875000000000000e+00   6.5625000000000000e+00   0.0000000000000000e+00 76 -1 #xyz tv2 fid bid
           3.7500000000000000e+00   7.5000000000000000e+00   0.0000000000000000e+00 #xyz tv0
           4.6875000000000000e+00   7.5000000000000000e+00   0.0000000000000000e+00 #xyz tv1
           4.6875000000000000e+00   6.5625000000000000e+00   0.0000000000000000e+00 112 -1 #xyz tv2 fid bid
           4.6875000000000000e+00   7.5000000000000000e+00   0.0000000000000000e+00 #xyz tv0
           5.6250000000000000e+00   7.5000000000000000e+00   0.0000000000000000e+00 #xyz tv1
           4.6875000000000000e+00   6.5625000000000000e+00   0.0000000000000000e+00 8 -1 #xyz tv2 fid bid
           4.6875000000000000e+00   7.5000000000000000e+00   0.0000000000000000e+00 #xyz tv0
           5.6250000000000000e+00   7.5000000000000000e+00   0.0000000000000000e+00 #xyz tv1
           4.6875000000000000e+00   6.5625000000000000e+00   0.0000000000000000e+00 76 -1 #xyz tv2 fid bid
           4.6875000000000000e+00   7.5000000000000000e+00   0.0000000000000000e+00 #xyz tv0
           5.6250000000000000e+00   7.5000000000000000e+00   0.0000000000000000e+00 #xyz tv1
           4.6875000000000000e+00   6.5625000000000000e+00   0.0000000000000000e+00 112 -1 #xyz tv2 fid bid
           4.6875000000000000e+00   7.5000000000000000e+00   0.0000000000000000e+00 #xyz ev0
           4.6875000000000000e+00   6.5625000000000000e+00   0.0000000000000000e+00 -1 6 #xyz ev1 fid bid
   0   0.000000000000e+00   0.000000000000e+00   0.000000000000e+00 #flag location
END_ERR 
G3dErrFileVersion 2025R1
FlagFileMetaData Begin
   Mesh Size - Setup1, Refinement, Pass #2, Freq. 1.000000e+10 :Title    
   Listing of mesh elements with poor quality. :ToolTip  
   hf3d :Author   
   1779612977 :TimeStamp
   mm :UnitName 
   1.0000000000000000e-03 :UnitConv
FlagFileMetaData End
BEGIN_ERR 
26 Small mesh segment detected on body : Substrate
 Small mesh segment detected on body : Substrate 
 Segment Statistics - Number of Segments : 1 --- Segment length(s) : 0.095250mm. The cutoff frequency for S-Matrix Only Solve is 18.142850278383MHz 
3 -1  10  78  # nfids, fids[]
2 6  -1  # nbids, bids[]
      5 4 1 0 #ntets ntri ned npts
          -7.5000000000000000e+00   7.5000000000000000e+00   0.0000000000000000e+00 #xyz tv0
          -7.5000000000000000e+00   6.5625000000000000e+00   0.0000000000000000e+00 #xyz tv1
          -7.5000000000000000e+00   6.5625000000000000e+00   9.5250000000000001e-02 #xyz tv2
          -7.0988124058945505e+00   6.9966837566804578e+00   2.7003255153189809e-01 -1 6 #xyz tv3 fid bid
          -7.5000000000000000e+00   6.5625000000000000e+00   9.5250000000000001e-02 #xyz tv0
          -7.5000000000000000e+00   6.5625000000000000e+00   0.0000000000000000e+00 #xyz tv1
          -6.5625000000000000e+00   6.5625000000000000e+00   0.0000000000000000e+00 #xyz tv2
          -7.0988124058945505e+00   6.9966837566804578e+00   2.7003255153189809e-01 -1 6 #xyz tv3 fid bid
          -8.2500000000000000e+00   8.2500000000000000e+00   1.7312155041882284e+00 #xyz tv0
          -7.5000000000000000e+00   7.5000000000000000e+00   0.0000000000000000e+00 #xyz tv1
          -7.5000000000000000e+00   6.5625000000000000e+00   0.0000000000000000e+00 #xyz tv2
          -7.5000000000000000e+00   6.5625000000000000e+00   9.5250000000000001e-02 -1 6 #xyz tv3 fid bid
          -7.5000000000000000e+00   6.5625000000000000e+00   9.5250000000000001e-02 #xyz tv0
          -7.5000000000000000e+00   5.6250000000000000e+00   0.0000000000000000e+00 #xyz tv1
          -6.5625000000000000e+00   6.5625000000000000e+00   0.0000000000000000e+00 #xyz tv2
          -7.5000000000000000e+00   6.5625000000000000e+00   0.0000000000000000e+00 -1 6 #xyz tv3 fid bid
          -7.5000000000000000e+00   5.6250000000000000e+00   0.0000000000000000e+00 #xyz tv0
          -8.2500000000000000e+00   8.2500000000000000e+00   1.7312155041882284e+00 #xyz tv1
          -7.5000000000000000e+00   6.5625000000000000e+00   0.0000000000000000e+00 #xyz tv2
          -7.5000000000000000e+00   6.5625000000000000e+00   9.5250000000000001e-02 -1 6 #xyz tv3 fid bid
          -7.5000000000000000e+00   6.5625000000000000e+00   9.5250000000000001e-02 #xyz tv0
          -7.5000000000000000e+00   7.5000000000000000e+00   0.0000000000000000e+00 #xyz tv1
          -7.5000000000000000e+00   6.5625000000000000e+00   0.0000000000000000e+00 10 -1 #xyz tv2 fid bid
          -7.5000000000000000e+00   6.5625000000000000e+00   9.5250000000000001e-02 #xyz tv0
          -7.5000000000000000e+00   7.5000000000000000e+00   0.0000000000000000e+00 #xyz tv1
          -7.5000000000000000e+00   6.5625000000000000e+00   0.0000000000000000e+00 78 -1 #xyz tv2 fid bid
          -7.5000000000000000e+00   5.6250000000000000e+00   0.0000000000000000e+00 #xyz tv0
          -7.5000000000000000e+00   6.5625000000000000e+00   9.5250000000000001e-02 #xyz tv1
          -7.5000000000000000e+00   6.5625000000000000e+00   0.0000000000000000e+00 10 -1 #xyz tv2 fid bid
          -7.5000000000000000e+00   5.6250000000000000e+00   0.0000000000000000e+00 #xyz tv0
          -7.5000000000000000e+00   6.5625000000000000e+00   9.5250000000000001e-02 #xyz tv1
          -7.5000000000000000e+00   6.5625000000000000e+00   0.0000000000000000e+00 78 -1 #xyz tv2 fid bid
          -7.5000000000000000e+00   6.5625000000000000e+00   0.0000000000000000e+00 #xyz ev0
          -7.5000000000000000e+00   6.5625000000000000e+00   9.5250000000000001e-02 -1 6 #xyz ev1 fid bid
   0   0.000000000000e+00   0.000000000000e+00   0.000000000000e+00 #flag location
END_ERR 
BEGIN_ERR 
26 Small mesh segment detected on body : Substrate
 Small mesh segment detected on body : Substrate 
 Segment Statistics - Number of Segments : 1 --- Segment length(s) : 0.937500mm. The cutoff frequency for S-Matrix Only Solve is 18.142850278383MHz 
4 -1  8  76  112  # nfids, fids[]
2 6  -1  # nbids, bids[]
      6 6 1 0 #ntets ntri ned npts
           3.7500000000000000e+00   7.5000000000000000e+00   0.0000000000000000e+00 #xyz tv0
           4.6875000000000000e+00   7.5000000000000000e+00   0.0000000000000000e+00 #xyz tv1
           4.6875000000000000e+00   6.5625000000000000e+00   0.0000000000000000e+00 #xyz tv2
           4.2706235255755152e+00   7.0344554654235907e+00   3.1553593060002078e-01 -1 6 #xyz tv3 fid bid
           4.6875000000000000e+00   6.5625000000000000e+00   0.0000000000000000e+00 #xyz tv0
           4.6875000000000000e+00   7.5000000000000000e+00   0.0000000000000000e+00 #xyz tv1
           4.6875000000000000e+00   7.5000000000000000e+00   1.9050000000000000e-01 #xyz tv2
           4.2706235255755152e+00   7.0344554654235907e+00   3.1553593060002078e-01 -1 6 #xyz tv3 fid bid
           4.6875000000000000e+00   7.5000000000000000e+00   1.9050000000000000e-01 #xyz tv0
           4.6875000000000000e+00   7.5000000000000000e+00   0.0000000000000000e+00 #xyz tv1
           4.6875000000000000e+00   6.5625000000000000e+00   0.0000000000000000e+00 #xyz tv2
           5.6250000000000000e+00   7.5000000000000000e+00   0.0000000000000000e+00 -1 6 #xyz tv3 fid bid
           3.4585193029583534e+00   6.0575748190478205e+00  -1.3662585573916206e+00 #xyz tv0
           3.7500000000000000e+00   7.5000000000000000e+00   0.0000000000000000e+00 #xyz tv1
           4.6875000000000000e+00   7.5000000000000000e+00   0.0000000000000000e+00 #xyz tv2
           4.6875000000000000e+00   6.5625000000000000e+00   0.0000000000000000e+00 -1 6 #xyz tv3 fid bid
           4.6875000000000000e+00   6.5625000000000000e+00   0.0000000000000000e+00 #xyz tv0
           4.6875000000000000e+00   7.5000000000000000e+00   0.0000000000000000e+00 #xyz tv1
           5.6668675393468462e+00   8.2500000000000000e+00  -2.1705098078424090e+00 #xyz tv2
           5.6250000000000000e+00   7.5000000000000000e+00   0.0000000000000000e+00 -1 6 #xyz tv3 fid bid
           4.6875000000000000e+00   6.5625000000000000e+00   0.0000000000000000e+00 #xyz tv0
           5.6668675393468462e+00   8.2500000000000000e+00  -2.1705098078424090e+00 #xyz tv1
           4.6875000000000000e+00   7.5000000000000000e+00   0.0000000000000000e+00 #xyz tv2
           3.4585193029583534e+00   6.0575748190478205e+00  -1.3662585573916206e+00 -1 6 #xyz tv3 fid bid
           3.7500000000000000e+00   7.5000000000000000e+00   0.0000000000000000e+00 #xyz tv0
           4.6875000000000000e+00   7.5000000000000000e+00   0.0000000000000000e+00 #xyz tv1
           4.6875000000000000e+00   6.5625000000000000e+00   0.0000000000000000e+00 8 -1 #xyz tv2 fid bid
           3.7500000000000000e+00   7.5000000000000000e+00   0.0000000000000000e+00 #xyz tv0
           4.6875000000000000e+00   7.5000000000000000e+00   0.0000000000000000e+00 #xyz tv1
           4.6875000000000000e+00   6.5625000000000000e+00   0.0000000000000000e+00 76 -1 #xyz tv2 fid bid
           3.7500000000000000e+00   7.5000000000000000e+00   0.0000000000000000e+00 #xyz tv0
           4.6875000000000000e+00   7.5000000000000000e+00   0.0000000000000000e+00 #xyz tv1
           4.6875000000000000e+00   6.5625000000000000e+00   0.0000000000000000e+00 112 -1 #xyz tv2 fid bid
           4.6875000000000000e+00   7.5000000000000000e+00   0.0000000000000000e+00 #xyz tv0
           5.6250000000000000e+00   7.5000000000000000e+00   0.0000000000000000e+00 #xyz tv1
           4.6875000000000000e+00   6.5625000000000000e+00   0.0000000000000000e+00 8 -1 #xyz tv2 fid bid
           4.6875000000000000e+00   7.5000000000000000e+00   0.0000000000000000e+00 #xyz tv0
           5.6250000000000000e+00   7.5000000000000000e+00   0.0000000000000000e+00 #xyz tv1
           4.6875000000000000e+00   6.5625000000000000e+00   0.0000000000000000e+00 76 -1 #xyz tv2 fid bid
           4.6875000000000000e+00   7.5000000000000000e+00   0.0000000000000000e+00 #xyz tv0
           5.6250000000000000e+00   7.5000000000000000e+00   0.0000000000000000e+00 #xyz tv1
           4.6875000000000000e+00   6.5625000000000000e+00   0.0000000000000000e+00 112 -1 #xyz tv2 fid bid
           4.6875000000000000e+00   7.5000000000000000e+00   0.0000000000000000e+00 #xyz ev0
           4.6875000000000000e+00   6.5625000000000000e+00   0.0000000000000000e+00 -1 6 #xyz ev1 fid bid
   0   0.000000000000e+00   0.000000000000e+00   0.000000000000e+00 #flag location
END_ERR 
G3dErrFileVersion 2025R1
FlagFileMetaData Begin
   Mesh Size - Setup1, Refinement, Pass #3, Freq. 1.000000e+10 :Title    
   Listing of mesh elements with poor quality. :ToolTip  
   hf3d :Author   
   1779612984 :TimeStamp
   mm :UnitName 
   1.0000000000000000e-03 :UnitConv
FlagFileMetaData End
BEGIN_ERR 
26 Small mesh segment detected on body : Substrate
 Small mesh segment detected on body : Substrate 
 Segment Statistics - Number of Segments : 1 --- Segment length(s) : 0.095250mm. The cutoff frequency for S-Matrix Only Solve is 18.142850278383MHz 
3 -1  10  78  # nfids, fids[]
2 6  -1  # nbids, bids[]
      5 4 1 0 #ntets ntri ned npts
          -7.5000000000000000e+00   7.5000000000000000e+00   0.0000000000000000e+00 #xyz tv0
          -7.5000000000000000e+00   6.5625000000000000e+00   0.0000000000000000e+00 #xyz tv1
          -7.5000000000000000e+00   6.5625000000000000e+00   9.5250000000000001e-02 #xyz tv2
          -7.0988124058945505e+00   6.9966837566804578e+00   2.7003255153189809e-01 -1 6 #xyz tv3 fid bid
          -7.5000000000000000e+00   6.5625000000000000e+00   9.5250000000000001e-02 #xyz tv0
          -7.5000000000000000e+00   6.5625000000000000e+00   0.0000000000000000e+00 #xyz tv1
          -6.5625000000000000e+00   6.5625000000000000e+00   0.0000000000000000e+00 #xyz tv2
          -7.0988124058945505e+00   6.9966837566804578e+00   2.7003255153189809e-01 -1 6 #xyz tv3 fid bid
          -8.2500000000000000e+00   8.2500000000000000e+00   1.7312155041882284e+00 #xyz tv0
          -7.5000000000000000e+00   7.5000000000000000e+00   0.0000000000000000e+00 #xyz tv1
          -7.5000000000000000e+00   6.5625000000000000e+00   0.0000000000000000e+00 #xyz tv2
          -7.5000000000000000e+00   6.5625000000000000e+00   9.5250000000000001e-02 -1 6 #xyz tv3 fid bid
          -7.5000000000000000e+00   6.5625000000000000e+00   9.5250000000000001e-02 #xyz tv0
          -7.5000000000000000e+00   5.6250000000000000e+00   0.0000000000000000e+00 #xyz tv1
          -6.5625000000000000e+00   6.5625000000000000e+00   0.0000000000000000e+00 #xyz tv2
          -7.5000000000000000e+00   6.5625000000000000e+00   0.0000000000000000e+00 -1 6 #xyz tv3 fid bid
          -7.5000000000000000e+00   5.6250000000000000e+00   0.0000000000000000e+00 #xyz tv0
          -8.2500000000000000e+00   8.2500000000000000e+00   1.7312155041882284e+00 #xyz tv1
          -7.5000000000000000e+00   6.5625000000000000e+00   0.0000000000000000e+00 #xyz tv2
          -7.5000000000000000e+00   6.5625000000000000e+00   9.5250000000000001e-02 -1 6 #xyz tv3 fid bid
          -7.5000000000000000e+00   6.5625000000000000e+00   9.5250000000000001e-02 #xyz tv0
          -7.5000000000000000e+00   7.5000000000000000e+00   0.0000000000000000e+00 #xyz tv1
          -7.5000000000000000e+00   6.5625000000000000e+00   0.0000000000000000e+00 10 -1 #xyz tv2 fid bid
          -7.5000000000000000e+00   6.5625000000000000e+00   9.5250000000000001e-02 #xyz tv0
          -7.5000000000000000e+00   7.5000000000000000e+00   0.0000000000000000e+00 #xyz tv1
          -7.5000000000000000e+00   6.5625000000000000e+00   0.0000000000000000e+00 78 -1 #xyz tv2 fid bid
          -7.5000000000000000e+00   5.6250000000000000e+00   0.0000000000000000e+00 #xyz tv0
          -7.5000000000000000e+00   6.5625000000000000e+00   9.5250000000000001e-02 #xyz tv1
          -7.5000000000000000e+00   6.5625000000000000e+00   0.0000000000000000e+00 10 -1 #xyz tv2 fid bid
          -7.5000000000000000e+00   5.6250000000000000e+00   0.0000000000000000e+00 #xyz tv0
          -7.5000000000000000e+00   6.5625000000000000e+00   9.5250000000000001e-02 #xyz tv1
          -7.5000000000000000e+00   6.5625000000000000e+00   0.0000000000000000e+00 78 -1 #xyz tv2 fid bid
          -7.5000000000000000e+00   6.5625000000000000e+00   0.0000000000000000e+00 #xyz ev0
          -7.5000000000000000e+00   6.5625000000000000e+00   9.5250000000000001e-02 -1 6 #xyz ev1 fid bid
   0   0.000000000000e+00   0.000000000000e+00   0.000000000000e+00 #flag location
END_ERR 
BEGIN_ERR 
26 Small mesh segment detected on body : Substrate
 Small mesh segment detected on body : Substrate 
 Segment Statistics - Number of Segments : 1 --- Segment length(s) : 0.937500mm. The cutoff frequency for S-Matrix Only Solve is 18.142850278383MHz 
4 -1  8  76  112  # nfids, fids[]
2 6  -1  # nbids, bids[]
      6 6 1 0 #ntets ntri ned npts
           3.7500000000000000e+00   7.5000000000000000e+00   0.0000000000000000e+00 #xyz tv0
           4.6875000000000000e+00   7.5000000000000000e+00   0.0000000000000000e+00 #xyz tv1
           4.6875000000000000e+00   6.5625000000000000e+00   0.0000000000000000e+00 #xyz tv2
           4.2706235255755152e+00   7.0344554654235907e+00   3.1553593060002078e-01 -1 6 #xyz tv3 fid bid
           4.6875000000000000e+00   6.5625000000000000e+00   0.0000000000000000e+00 #xyz tv0
           4.6875000000000000e+00   7.5000000000000000e+00   0.0000000000000000e+00 #xyz tv1
           4.6875000000000000e+00   7.5000000000000000e+00   1.9050000000000000e-01 #xyz tv2
           4.2706235255755152e+00   7.0344554654235907e+00   3.1553593060002078e-01 -1 6 #xyz tv3 fid bid
           4.6875000000000000e+00   7.5000000000000000e+00   1.9050000000000000e-01 #xyz tv0
           4.6875000000000000e+00   7.5000000000000000e+00   0.0000000000000000e+00 #xyz tv1
           4.6875000000000000e+00   6.5625000000000000e+00   0.0000000000000000e+00 #xyz tv2
           5.6250000000000000e+00   7.5000000000000000e+00   0.0000000000000000e+00 -1 6 #xyz tv3 fid bid
           3.4585193029583534e+00   6.0575748190478205e+00  -1.3662585573916206e+00 #xyz tv0
           3.7500000000000000e+00   7.5000000000000000e+00   0.0000000000000000e+00 #xyz tv1
           4.6875000000000000e+00   7.5000000000000000e+00   0.0000000000000000e+00 #xyz tv2
           4.6875000000000000e+00   6.5625000000000000e+00   0.0000000000000000e+00 -1 6 #xyz tv3 fid bid
           4.6875000000000000e+00   6.5625000000000000e+00   0.0000000000000000e+00 #xyz tv0
           4.6875000000000000e+00   7.5000000000000000e+00   0.0000000000000000e+00 #xyz tv1
           5.6668675393468462e+00   8.2500000000000000e+00  -2.1705098078424090e+00 #xyz tv2
           5.6250000000000000e+00   7.5000000000000000e+00   0.0000000000000000e+00 -1 6 #xyz tv3 fid bid
           4.6875000000000000e+00   6.5625000000000000e+00   0.0000000000000000e+00 #xyz tv0
           5.6668675393468462e+00   8.2500000000000000e+00  -2.1705098078424090e+00 #xyz tv1
           4.6875000000000000e+00   7.5000000000000000e+00   0.0000000000000000e+00 #xyz tv2
           3.4585193029583534e+00   6.0575748190478205e+00  -1.3662585573916206e+00 -1 6 #xyz tv3 fid bid
           3.7500000000000000e+00   7.5000000000000000e+00   0.0000000000000000e+00 #xyz tv0
           4.6875000000000000e+00   7.5000000000000000e+00   0.0000000000000000e+00 #xyz tv1
           4.6875000000000000e+00   6.5625000000000000e+00   0.0000000000000000e+00 8 -1 #xyz tv2 fid bid
           3.7500000000000000e+00   7.5000000000000000e+00   0.0000000000000000e+00 #xyz tv0
           4.6875000000000000e+00   7.5000000000000000e+00   0.0000000000000000e+00 #xyz tv1
           4.6875000000000000e+00   6.5625000000000000e+00   0.0000000000000000e+00 76 -1 #xyz tv2 fid bid
           3.7500000000000000e+00   7.5000000000000000e+00   0.0000000000000000e+00 #xyz tv0
           4.6875000000000000e+00   7.5000000000000000e+00   0.0000000000000000e+00 #xyz tv1
           4.6875000000000000e+00   6.5625000000000000e+00   0.0000000000000000e+00 112 -1 #xyz tv2 fid bid
           4.6875000000000000e+00   7.5000000000000000e+00   0.0000000000000000e+00 #xyz tv0
           5.6250000000000000e+00   7.5000000000000000e+00   0.0000000000000000e+00 #xyz tv1
           4.6875000000000000e+00   6.5625000000000000e+00   0.0000000000000000e+00 8 -1 #xyz tv2 fid bid
           4.6875000000000000e+00   7.5000000000000000e+00   0.0000000000000000e+00 #xyz tv0
           5.6250000000000000e+00   7.5000000000000000e+00   0.0000000000000000e+00 #xyz tv1
           4.6875000000000000e+00   6.5625000000000000e+00   0.0000000000000000e+00 76 -1 #xyz tv2 fid bid
           4.6875000000000000e+00   7.5000000000000000e+00   0.0000000000000000e+00 #xyz tv0
           5.6250000000000000e+00   7.5000000000000000e+00   0.0000000000000000e+00 #xyz tv1
           4.6875000000000000e+00   6.5625000000000000e+00   0.0000000000000000e+00 112 -1 #xyz tv2 fid bid
           4.6875000000000000e+00   7.5000000000000000e+00   0.0000000000000000e+00 #xyz ev0
           4.6875000000000000e+00   6.5625000000000000e+00   0.0000000000000000e+00 -1 6 #xyz ev1 fid bid
   0   0.000000000000e+00   0.000000000000e+00   0.000000000000e+00 #flag location
END_ERR 
BEGIN_ERR 
26 Small mesh segment detected on body : Substrate
 Small mesh segment detected on body : Substrate 
 Segment Statistics - Number of Segments : 1 --- Segment length(s) : 1.325825mm. The cutoff frequency for S-Matrix Only Solve is 18.142850278383MHz 
4 -1  8  76  112  # nfids, fids[]
2 6  -1  # nbids, bids[]
      4 6 1 0 #ntets ntri ned npts
           4.3029904858914865e+00  -7.0511817409652258e+00   3.2962881995251803e-01 #xyz tv0
           3.7500000000000000e+00  -7.5000000000000000e+00   0.0000000000000000e+00 #xyz tv1
           4.6875000000000000e+00  -7.5000000000000000e+00   0.0000000000000000e+00 #xyz tv2
           4.6875000000000000e+00  -6.5625000000000000e+00   0.0000000000000000e+00 -1 6 #xyz tv3 fid bid
           4.3029904858914865e+00  -7.0511817409652258e+00   3.2962881995251803e-01 #xyz tv0
           3.7500000000000000e+00  -6.5625000000000000e+00   0.0000000000000000e+00 #xyz tv1
           3.7500000000000000e+00  -7.5000000000000000e+00   0.0000000000000000e+00 #xyz tv2
           4.6875000000000000e+00  -6.5625000000000000e+00   0.0000000000000000e+00 -1 6 #xyz tv3 fid bid
           4.6875000000000000e+00  -7.5000000000000000e+00   0.0000000000000000e+00 #xyz tv0
           3.9721133298242099e+00  -8.2500000000000000e+00  -2.3746187512150811e+00 #xyz tv1
           4.6875000000000000e+00  -6.5625000000000000e+00   0.0000000000000000e+00 #xyz tv2
           3.7500000000000000e+00  -7.5000000000000000e+00   0.0000000000000000e+00 -1 6 #xyz tv3 fid bid
           3.7500000000000000e+00  -6.5625000000000000e+00   0.0000000000000000e+00 #xyz tv0
           4.6875000000000000e+00  -6.5625000000000000e+00   0.0000000000000000e+00 #xyz tv1
           3.9721133298242099e+00  -8.2500000000000000e+00  -2.3746187512150811e+00 #xyz tv2
           3.7500000000000000e+00  -7.5000000000000000e+00   0.0000000000000000e+00 -1 6 #xyz tv3 fid bid
           4.6875000000000000e+00  -7.5000000000000000e+00   0.0000000000000000e+00 #xyz tv0
           3.7500000000000000e+00  -7.5000000000000000e+00   0.0000000000000000e+00 #xyz tv1
           4.6875000000000000e+00  -6.5625000000000000e+00   0.0000000000000000e+00 8 -1 #xyz tv2 fid bid
           4.6875000000000000e+00  -7.5000000000000000e+00   0.0000000000000000e+00 #xyz tv0
           3.7500000000000000e+00  -7.5000000000000000e+00   0.0000000000000000e+00 #xyz tv1
           4.6875000000000000e+00  -6.5625000000000000e+00   0.0000000000000000e+00 76 -1 #xyz tv2 fid bid
           4.6875000000000000e+00  -7.5000000000000000e+00   0.0000000000000000e+00 #xyz tv0
           3.7500000000000000e+00  -7.5000000000000000e+00   0.0000000000000000e+00 #xyz tv1
           4.6875000000000000e+00  -6.5625000000000000e+00   0.0000000000000000e+00 112 -1 #xyz tv2 fid bid
           3.7500000000000000e+00  -7.5000000000000000e+00   0.0000000000000000e+00 #xyz tv0
           3.7500000000000000e+00  -6.5625000000000000e+00   0.0000000000000000e+00 #xyz tv1
           4.6875000000000000e+00  -6.5625000000000000e+00   0.0000000000000000e+00 8 -1 #xyz tv2 fid bid
           3.7500000000000000e+00  -7.5000000000000000e+00   0.0000000000000000e+00 #xyz tv0
           3.7500000000000000e+00  -6.5625000000000000e+00   0.0000000000000000e+00 #xyz tv1
           4.6875000000000000e+00  -6.5625000000000000e+00   0.0000000000000000e+00 76 -1 #xyz tv2 fid bid
           3.7500000000000000e+00  -7.5000000000000000e+00   0.0000000000000000e+00 #xyz tv0
           3.7500000000000000e+00  -6.5625000000000000e+00   0.0000000000000000e+00 #xyz tv1
           4.6875000000000000e+00  -6.5625000000000000e+00   0.0000000000000000e+00 112 -1 #xyz tv2 fid bid
           3.7500000000000000e+00  -7.5000000000000000e+00   0.0000000000000000e+00 #xyz ev0
           4.6875000000000000e+00  -6.5625000000000000e+00   0.0000000000000000e+00 -1 6 #xyz ev1 fid bid
   0   0.000000000000e+00   0.000000000000e+00   0.000000000000e+00 #flag location
END_ERR 
