G3dErrFileVersion 2025R1
FlagFileMetaData Begin
   Mesh Size - Setup1, Refinement, Pass #1, Freq. 1.100000e+10 :Title    
   Listing of mesh elements with poor quality. :ToolTip  
   hf3d :Author   
   1768245288 :TimeStamp
   mm :UnitName 
   1.0000000000000000e-03 :UnitConv
FlagFileMetaData End
BEGIN_ERR 
26 Small mesh segment detected on body : Substrate
 Small mesh segment detected on body : Substrate 
 Segment Statistics - Number of Segments : 1 --- Segment length(s) : 0.625000mm. The cutoff frequency for S-Matrix Only Solve is 18.142850278383MHz 
4 -1  8  76  112  # nfids, fids[]
2 6  -1  # nbids, bids[]
      5 6 1 0 #ntets ntri ned npts
           6.2500000000000000e-01  -5.0000000000000000e+00   9.5250000000000001e-02 #xyz tv0
           6.2500000000000000e-01  -5.0000000000000000e+00   0.0000000000000000e+00 #xyz tv1
           6.2500000000000000e-01  -4.3750000000000000e+00   0.0000000000000000e+00 #xyz tv2
           0.0000000000000000e+00  -5.0000000000000000e+00   0.0000000000000000e+00 -1 6 #xyz tv3 fid bid
           6.2500000000000000e-01  -5.0000000000000000e+00   9.5250000000000001e-02 #xyz tv0
           6.2500000000000000e-01  -4.3750000000000000e+00   0.0000000000000000e+00 #xyz tv1
           6.2500000000000000e-01  -5.0000000000000000e+00   0.0000000000000000e+00 #xyz tv2
           1.2500000000000000e+00  -5.0000000000000000e+00   1.9050000000000000e-01 -1 6 #xyz tv3 fid bid
           6.2500000000000000e-01  -5.0000000000000000e+00   0.0000000000000000e+00 #xyz tv0
           1.5821154391270329e+00  -4.5778696848621090e+00  -9.4194138378637038e-01 #xyz tv1
           6.2500000000000000e-01  -4.3750000000000000e+00   0.0000000000000000e+00 #xyz tv2
           0.0000000000000000e+00  -5.0000000000000000e+00   0.0000000000000000e+00 -1 6 #xyz tv3 fid bid
           6.2500000000000000e-01  -5.0000000000000000e+00   0.0000000000000000e+00 #xyz tv0
           1.2500000000000000e+00  -5.0000000000000000e+00   1.9050000000000000e-01 #xyz tv1
           6.2500000000000000e-01  -4.3750000000000000e+00   0.0000000000000000e+00 #xyz tv2
           1.2500000000000000e+00  -5.0000000000000000e+00   0.0000000000000000e+00 -1 6 #xyz tv3 fid bid
           6.2500000000000000e-01  -5.0000000000000000e+00   0.0000000000000000e+00 #xyz tv0
           6.2500000000000000e-01  -4.3750000000000000e+00   0.0000000000000000e+00 #xyz tv1
           1.5821154391270329e+00  -4.5778696848621090e+00  -9.4194138378637038e-01 #xyz tv2
           1.2500000000000000e+00  -5.0000000000000000e+00   0.0000000000000000e+00 -1 6 #xyz tv3 fid bid
           1.2500000000000000e+00  -5.0000000000000000e+00   0.0000000000000000e+00 #xyz tv0
           6.2500000000000000e-01  -5.0000000000000000e+00   0.0000000000000000e+00 #xyz tv1
           6.2500000000000000e-01  -4.3750000000000000e+00   0.0000000000000000e+00 8 -1 #xyz tv2 fid bid
           1.2500000000000000e+00  -5.0000000000000000e+00   0.0000000000000000e+00 #xyz tv0
           6.2500000000000000e-01  -5.0000000000000000e+00   0.0000000000000000e+00 #xyz tv1
           6.2500000000000000e-01  -4.3750000000000000e+00   0.0000000000000000e+00 76 -1 #xyz tv2 fid bid
           1.2500000000000000e+00  -5.0000000000000000e+00   0.0000000000000000e+00 #xyz tv0
           6.2500000000000000e-01  -5.0000000000000000e+00   0.0000000000000000e+00 #xyz tv1
           6.2500000000000000e-01  -4.3750000000000000e+00   0.0000000000000000e+00 112 -1 #xyz tv2 fid bid
           6.2500000000000000e-01  -5.0000000000000000e+00   0.0000000000000000e+00 #xyz tv0
           0.0000000000000000e+00  -5.0000000000000000e+00   0.0000000000000000e+00 #xyz tv1
           6.2500000000000000e-01  -4.3750000000000000e+00   0.0000000000000000e+00 8 -1 #xyz tv2 fid bid
           6.2500000000000000e-01  -5.0000000000000000e+00   0.0000000000000000e+00 #xyz tv0
           0.0000000000000000e+00  -5.0000000000000000e+00   0.0000000000000000e+00 #xyz tv1
           6.2500000000000000e-01  -4.3750000000000000e+00   0.0000000000000000e+00 76 -1 #xyz tv2 fid bid
           6.2500000000000000e-01  -5.0000000000000000e+00   0.0000000000000000e+00 #xyz tv0
           0.0000000000000000e+00  -5.0000000000000000e+00   0.0000000000000000e+00 #xyz tv1
           6.2500000000000000e-01  -4.3750000000000000e+00   0.0000000000000000e+00 112 -1 #xyz tv2 fid bid
           6.2500000000000000e-01  -5.0000000000000000e+00   0.0000000000000000e+00 #xyz ev0
           6.2500000000000000e-01  -4.3750000000000000e+00   0.0000000000000000e+00 -1 6 #xyz ev1 fid bid
   0   0.000000000000e+00   0.000000000000e+00   0.000000000000e+00 #flag location
END_ERR 
G3dErrFileVersion 2025R1
FlagFileMetaData Begin
   Mesh Size - Setup1, Refinement, Pass #2, Freq. 1.100000e+10 :Title    
   Listing of mesh elements with poor quality. :ToolTip  
   hf3d :Author   
   1768245293 :TimeStamp
   mm :UnitName 
   1.0000000000000000e-03 :UnitConv
FlagFileMetaData End
BEGIN_ERR 
26 Small mesh segment detected on body : Substrate
 Small mesh segment detected on body : Substrate 
 Segment Statistics - Number of Segments : 1 --- Segment length(s) : 0.625000mm. The cutoff frequency for S-Matrix Only Solve is 18.142850278383MHz 
4 -1  8  76  112  # nfids, fids[]
2 6  -1  # nbids, bids[]
      5 6 1 0 #ntets ntri ned npts
          -6.2500000000000000e-01   5.0000000000000000e+00   9.5250000000000001e-02 #xyz tv0
          -6.2500000000000000e-01   4.3750000000000000e+00   0.0000000000000000e+00 #xyz tv1
          -6.2500000000000000e-01   5.0000000000000000e+00   0.0000000000000000e+00 #xyz tv2
          -1.2500000000000000e+00   5.0000000000000000e+00   1.9050000000000000e-01 -1 6 #xyz tv3 fid bid
          -6.2500000000000000e-01   5.0000000000000000e+00   0.0000000000000000e+00 #xyz tv0
          -1.1582263131111699e+00   5.5000000000000000e+00  -7.0967201159813886e-01 #xyz tv1
          -6.2500000000000000e-01   4.3750000000000000e+00   0.0000000000000000e+00 #xyz tv2
           0.0000000000000000e+00   5.0000000000000000e+00   0.0000000000000000e+00 -1 6 #xyz tv3 fid bid
          -6.2500000000000000e-01   5.0000000000000000e+00   9.5250000000000001e-02 #xyz tv0
          -6.2500000000000000e-01   5.0000000000000000e+00   0.0000000000000000e+00 #xyz tv1
          -6.2500000000000000e-01   4.3750000000000000e+00   0.0000000000000000e+00 #xyz tv2
           0.0000000000000000e+00   5.0000000000000000e+00   0.0000000000000000e+00 -1 6 #xyz tv3 fid bid
          -6.2500000000000000e-01   5.0000000000000000e+00   0.0000000000000000e+00 #xyz tv0
          -1.2500000000000000e+00   5.0000000000000000e+00   1.9050000000000000e-01 #xyz tv1
          -6.2500000000000000e-01   4.3750000000000000e+00   0.0000000000000000e+00 #xyz tv2
          -1.2500000000000000e+00   5.0000000000000000e+00   0.0000000000000000e+00 -1 6 #xyz tv3 fid bid
          -6.2500000000000000e-01   5.0000000000000000e+00   0.0000000000000000e+00 #xyz tv0
          -6.2500000000000000e-01   4.3750000000000000e+00   0.0000000000000000e+00 #xyz tv1
          -1.1582263131111699e+00   5.5000000000000000e+00  -7.0967201159813886e-01 #xyz tv2
          -1.2500000000000000e+00   5.0000000000000000e+00   0.0000000000000000e+00 -1 6 #xyz tv3 fid bid
          -1.2500000000000000e+00   5.0000000000000000e+00   0.0000000000000000e+00 #xyz tv0
          -6.2500000000000000e-01   5.0000000000000000e+00   0.0000000000000000e+00 #xyz tv1
          -6.2500000000000000e-01   4.3750000000000000e+00   0.0000000000000000e+00 8 -1 #xyz tv2 fid bid
          -1.2500000000000000e+00   5.0000000000000000e+00   0.0000000000000000e+00 #xyz tv0
          -6.2500000000000000e-01   5.0000000000000000e+00   0.0000000000000000e+00 #xyz tv1
          -6.2500000000000000e-01   4.3750000000000000e+00   0.0000000000000000e+00 76 -1 #xyz tv2 fid bid
          -1.2500000000000000e+00   5.0000000000000000e+00   0.0000000000000000e+00 #xyz tv0
          -6.2500000000000000e-01   5.0000000000000000e+00   0.0000000000000000e+00 #xyz tv1
          -6.2500000000000000e-01   4.3750000000000000e+00   0.0000000000000000e+00 112 -1 #xyz tv2 fid bid
          -6.2500000000000000e-01   5.0000000000000000e+00   0.0000000000000000e+00 #xyz tv0
           0.0000000000000000e+00   5.0000000000000000e+00   0.0000000000000000e+00 #xyz tv1
          -6.2500000000000000e-01   4.3750000000000000e+00   0.0000000000000000e+00 8 -1 #xyz tv2 fid bid
          -6.2500000000000000e-01   5.0000000000000000e+00   0.0000000000000000e+00 #xyz tv0
           0.0000000000000000e+00   5.0000000000000000e+00   0.0000000000000000e+00 #xyz tv1
          -6.2500000000000000e-01   4.3750000000000000e+00   0.0000000000000000e+00 76 -1 #xyz tv2 fid bid
          -6.2500000000000000e-01   5.0000000000000000e+00   0.0000000000000000e+00 #xyz tv0
           0.0000000000000000e+00   5.0000000000000000e+00   0.0000000000000000e+00 #xyz tv1
          -6.2500000000000000e-01   4.3750000000000000e+00   0.0000000000000000e+00 112 -1 #xyz tv2 fid bid
          -6.2500000000000000e-01   5.0000000000000000e+00   0.0000000000000000e+00 #xyz ev0
          -6.2500000000000000e-01   4.3750000000000000e+00   0.0000000000000000e+00 -1 6 #xyz ev1 fid bid
   0   0.000000000000e+00   0.000000000000e+00   0.000000000000e+00 #flag location
END_ERR 
BEGIN_ERR 
26 Small mesh segment detected on body : Substrate
 Small mesh segment detected on body : Substrate 
 Segment Statistics - Number of Segments : 1 --- Segment length(s) : 0.625000mm. The cutoff frequency for S-Matrix Only Solve is 18.142850278383MHz 
4 -1  8  76  112  # nfids, fids[]
2 6  -1  # nbids, bids[]
      5 6 1 0 #ntets ntri ned npts
          -6.2500000000000000e-01  -5.0000000000000000e+00   9.5250000000000001e-02 #xyz tv0
          -6.2500000000000000e-01  -4.3750000000000000e+00   0.0000000000000000e+00 #xyz tv1
          -6.2500000000000000e-01  -5.0000000000000000e+00   0.0000000000000000e+00 #xyz tv2
           0.0000000000000000e+00  -5.0000000000000000e+00   0.0000000000000000e+00 -1 6 #xyz tv3 fid bid
          -6.2500000000000000e-01  -5.0000000000000000e+00   9.5250000000000001e-02 #xyz tv0
          -6.2500000000000000e-01  -5.0000000000000000e+00   0.0000000000000000e+00 #xyz tv1
          -6.2500000000000000e-01  -4.3750000000000000e+00   0.0000000000000000e+00 #xyz tv2
          -1.2500000000000000e+00  -5.0000000000000000e+00   1.9050000000000000e-01 -1 6 #xyz tv3 fid bid
          -6.2500000000000000e-01  -5.0000000000000000e+00   0.0000000000000000e+00 #xyz tv0
          -6.2500000000000000e-01  -4.3750000000000000e+00   0.0000000000000000e+00 #xyz tv1
          -3.8589067977442459e-01  -5.5000000000000000e+00  -2.1009708598115600e+00 #xyz tv2
           0.0000000000000000e+00  -5.0000000000000000e+00   0.0000000000000000e+00 -1 6 #xyz tv3 fid bid
          -6.2500000000000000e-01  -5.0000000000000000e+00   0.0000000000000000e+00 #xyz tv0
          -6.2500000000000000e-01  -4.3750000000000000e+00   0.0000000000000000e+00 #xyz tv1
          -1.2500000000000000e+00  -5.0000000000000000e+00   1.9050000000000000e-01 #xyz tv2
          -1.2500000000000000e+00  -5.0000000000000000e+00   0.0000000000000000e+00 -1 6 #xyz tv3 fid bid
          -6.2500000000000000e-01  -5.0000000000000000e+00   0.0000000000000000e+00 #xyz tv0
          -3.8589067977442459e-01  -5.5000000000000000e+00  -2.1009708598115600e+00 #xyz tv1
          -6.2500000000000000e-01  -4.3750000000000000e+00   0.0000000000000000e+00 #xyz tv2
          -1.2500000000000000e+00  -5.0000000000000000e+00   0.0000000000000000e+00 -1 6 #xyz tv3 fid bid
           0.0000000000000000e+00  -5.0000000000000000e+00   0.0000000000000000e+00 #xyz tv0
          -6.2500000000000000e-01  -5.0000000000000000e+00   0.0000000000000000e+00 #xyz tv1
          -6.2500000000000000e-01  -4.3750000000000000e+00   0.0000000000000000e+00 8 -1 #xyz tv2 fid bid
           0.0000000000000000e+00  -5.0000000000000000e+00   0.0000000000000000e+00 #xyz tv0
          -6.2500000000000000e-01  -5.0000000000000000e+00   0.0000000000000000e+00 #xyz tv1
          -6.2500000000000000e-01  -4.3750000000000000e+00   0.0000000000000000e+00 76 -1 #xyz tv2 fid bid
           0.0000000000000000e+00  -5.0000000000000000e+00   0.0000000000000000e+00 #xyz tv0
          -6.2500000000000000e-01  -5.0000000000000000e+00   0.0000000000000000e+00 #xyz tv1
          -6.2500000000000000e-01  -4.3750000000000000e+00   0.0000000000000000e+00 112 -1 #xyz tv2 fid bid
          -6.2500000000000000e-01  -5.0000000000000000e+00   0.0000000000000000e+00 #xyz tv0
          -1.2500000000000000e+00  -5.0000000000000000e+00   0.0000000000000000e+00 #xyz tv1
          -6.2500000000000000e-01  -4.3750000000000000e+00   0.0000000000000000e+00 8 -1 #xyz tv2 fid bid
          -6.2500000000000000e-01  -5.0000000000000000e+00   0.0000000000000000e+00 #xyz tv0
          -1.2500000000000000e+00  -5.0000000000000000e+00   0.0000000000000000e+00 #xyz tv1
          -6.2500000000000000e-01  -4.3750000000000000e+00   0.0000000000000000e+00 76 -1 #xyz tv2 fid bid
          -6.2500000000000000e-01  -5.0000000000000000e+00   0.0000000000000000e+00 #xyz tv0
          -1.2500000000000000e+00  -5.0000000000000000e+00   0.0000000000000000e+00 #xyz tv1
          -6.2500000000000000e-01  -4.3750000000000000e+00   0.0000000000000000e+00 112 -1 #xyz tv2 fid bid
          -6.2500000000000000e-01  -5.0000000000000000e+00   0.0000000000000000e+00 #xyz ev0
          -6.2500000000000000e-01  -4.3750000000000000e+00   0.0000000000000000e+00 -1 6 #xyz ev1 fid bid
   0   0.000000000000e+00   0.000000000000e+00   0.000000000000e+00 #flag location
END_ERR 
G3dErrFileVersion 2025R1
FlagFileMetaData Begin
   Mesh Size - Setup1, Refinement, Pass #3, Freq. 1.100000e+10 :Title    
   Listing of mesh elements with poor quality. :ToolTip  
   hf3d :Author   
   1768245300 :TimeStamp
   mm :UnitName 
   1.0000000000000000e-03 :UnitConv
FlagFileMetaData End
BEGIN_ERR 
26 Small mesh segment detected on body : Substrate
 Small mesh segment detected on body : Substrate 
 Segment Statistics - Number of Segments : 1 --- Segment length(s) : 0.625000mm. The cutoff frequency for S-Matrix Only Solve is 18.142850278383MHz 
4 -1  8  76  112  # nfids, fids[]
2 6  -1  # nbids, bids[]
      5 6 1 0 #ntets ntri ned npts
          -6.2500000000000000e-01   5.0000000000000000e+00   9.5250000000000001e-02 #xyz tv0
          -6.2500000000000000e-01   4.3750000000000000e+00   0.0000000000000000e+00 #xyz tv1
          -6.2500000000000000e-01   5.0000000000000000e+00   0.0000000000000000e+00 #xyz tv2
          -1.2500000000000000e+00   5.0000000000000000e+00   1.9050000000000000e-01 -1 6 #xyz tv3 fid bid
          -6.2500000000000000e-01   5.0000000000000000e+00   0.0000000000000000e+00 #xyz tv0
          -1.1582263131111699e+00   5.5000000000000000e+00  -7.0967201159813886e-01 #xyz tv1
          -6.2500000000000000e-01   4.3750000000000000e+00   0.0000000000000000e+00 #xyz tv2
           0.0000000000000000e+00   5.0000000000000000e+00   0.0000000000000000e+00 -1 6 #xyz tv3 fid bid
          -6.2500000000000000e-01   5.0000000000000000e+00   9.5250000000000001e-02 #xyz tv0
          -6.2500000000000000e-01   5.0000000000000000e+00   0.0000000000000000e+00 #xyz tv1
          -6.2500000000000000e-01   4.3750000000000000e+00   0.0000000000000000e+00 #xyz tv2
           0.0000000000000000e+00   5.0000000000000000e+00   0.0000000000000000e+00 -1 6 #xyz tv3 fid bid
          -6.2500000000000000e-01   5.0000000000000000e+00   0.0000000000000000e+00 #xyz tv0
          -1.2500000000000000e+00   5.0000000000000000e+00   1.9050000000000000e-01 #xyz tv1
          -6.2500000000000000e-01   4.3750000000000000e+00   0.0000000000000000e+00 #xyz tv2
          -1.2500000000000000e+00   5.0000000000000000e+00   0.0000000000000000e+00 -1 6 #xyz tv3 fid bid
          -6.2500000000000000e-01   5.0000000000000000e+00   0.0000000000000000e+00 #xyz tv0
          -6.2500000000000000e-01   4.3750000000000000e+00   0.0000000000000000e+00 #xyz tv1
          -1.1582263131111699e+00   5.5000000000000000e+00  -7.0967201159813886e-01 #xyz tv2
          -1.2500000000000000e+00   5.0000000000000000e+00   0.0000000000000000e+00 -1 6 #xyz tv3 fid bid
          -1.2500000000000000e+00   5.0000000000000000e+00   0.0000000000000000e+00 #xyz tv0
          -6.2500000000000000e-01   5.0000000000000000e+00   0.0000000000000000e+00 #xyz tv1
          -6.2500000000000000e-01   4.3750000000000000e+00   0.0000000000000000e+00 8 -1 #xyz tv2 fid bid
          -1.2500000000000000e+00   5.0000000000000000e+00   0.0000000000000000e+00 #xyz tv0
          -6.2500000000000000e-01   5.0000000000000000e+00   0.0000000000000000e+00 #xyz tv1
          -6.2500000000000000e-01   4.3750000000000000e+00   0.0000000000000000e+00 76 -1 #xyz tv2 fid bid
          -1.2500000000000000e+00   5.0000000000000000e+00   0.0000000000000000e+00 #xyz tv0
          -6.2500000000000000e-01   5.0000000000000000e+00   0.0000000000000000e+00 #xyz tv1
          -6.2500000000000000e-01   4.3750000000000000e+00   0.0000000000000000e+00 112 -1 #xyz tv2 fid bid
          -6.2500000000000000e-01   5.0000000000000000e+00   0.0000000000000000e+00 #xyz tv0
           0.0000000000000000e+00   5.0000000000000000e+00   0.0000000000000000e+00 #xyz tv1
          -6.2500000000000000e-01   4.3750000000000000e+00   0.0000000000000000e+00 8 -1 #xyz tv2 fid bid
          -6.2500000000000000e-01   5.0000000000000000e+00   0.0000000000000000e+00 #xyz tv0
           0.0000000000000000e+00   5.0000000000000000e+00   0.0000000000000000e+00 #xyz tv1
          -6.2500000000000000e-01   4.3750000000000000e+00   0.0000000000000000e+00 76 -1 #xyz tv2 fid bid
          -6.2500000000000000e-01   5.0000000000000000e+00   0.0000000000000000e+00 #xyz tv0
           0.0000000000000000e+00   5.0000000000000000e+00   0.0000000000000000e+00 #xyz tv1
          -6.2500000000000000e-01   4.3750000000000000e+00   0.0000000000000000e+00 112 -1 #xyz tv2 fid bid
          -6.2500000000000000e-01   5.0000000000000000e+00   0.0000000000000000e+00 #xyz ev0
          -6.2500000000000000e-01   4.3750000000000000e+00   0.0000000000000000e+00 -1 6 #xyz ev1 fid bid
   0   0.000000000000e+00   0.000000000000e+00   0.000000000000e+00 #flag location
END_ERR 
BEGIN_ERR 
26 Small mesh segment detected on body : Substrate
 Small mesh segment detected on body : Substrate 
 Segment Statistics - Number of Segments : 1 --- Segment length(s) : 0.625000mm. The cutoff frequency for S-Matrix Only Solve is 18.142850278383MHz 
4 -1  8  76  112  # nfids, fids[]
2 6  -1  # nbids, bids[]
      5 6 1 0 #ntets ntri ned npts
          -6.2500000000000000e-01  -5.0000000000000000e+00   9.5250000000000001e-02 #xyz tv0
          -6.2500000000000000e-01  -4.3750000000000000e+00   0.0000000000000000e+00 #xyz tv1
          -6.2500000000000000e-01  -5.0000000000000000e+00   0.0000000000000000e+00 #xyz tv2
           0.0000000000000000e+00  -5.0000000000000000e+00   0.0000000000000000e+00 -1 6 #xyz tv3 fid bid
          -6.2500000000000000e-01  -5.0000000000000000e+00   9.5250000000000001e-02 #xyz tv0
          -6.2500000000000000e-01  -5.0000000000000000e+00   0.0000000000000000e+00 #xyz tv1
          -6.2500000000000000e-01  -4.3750000000000000e+00   0.0000000000000000e+00 #xyz tv2
          -1.2500000000000000e+00  -5.0000000000000000e+00   1.9050000000000000e-01 -1 6 #xyz tv3 fid bid
          -6.2500000000000000e-01  -5.0000000000000000e+00   0.0000000000000000e+00 #xyz tv0
          -6.2500000000000000e-01  -4.3750000000000000e+00   0.0000000000000000e+00 #xyz tv1
          -3.8589067977442459e-01  -5.5000000000000000e+00  -2.1009708598115600e+00 #xyz tv2
           0.0000000000000000e+00  -5.0000000000000000e+00   0.0000000000000000e+00 -1 6 #xyz tv3 fid bid
          -6.2500000000000000e-01  -5.0000000000000000e+00   0.0000000000000000e+00 #xyz tv0
          -6.2500000000000000e-01  -4.3750000000000000e+00   0.0000000000000000e+00 #xyz tv1
          -1.2500000000000000e+00  -5.0000000000000000e+00   1.9050000000000000e-01 #xyz tv2
          -1.2500000000000000e+00  -5.0000000000000000e+00   0.0000000000000000e+00 -1 6 #xyz tv3 fid bid
          -6.2500000000000000e-01  -5.0000000000000000e+00   0.0000000000000000e+00 #xyz tv0
          -3.8589067977442459e-01  -5.5000000000000000e+00  -2.1009708598115600e+00 #xyz tv1
          -6.2500000000000000e-01  -4.3750000000000000e+00   0.0000000000000000e+00 #xyz tv2
          -1.2500000000000000e+00  -5.0000000000000000e+00   0.0000000000000000e+00 -1 6 #xyz tv3 fid bid
           0.0000000000000000e+00  -5.0000000000000000e+00   0.0000000000000000e+00 #xyz tv0
          -6.2500000000000000e-01  -5.0000000000000000e+00   0.0000000000000000e+00 #xyz tv1
          -6.2500000000000000e-01  -4.3750000000000000e+00   0.0000000000000000e+00 8 -1 #xyz tv2 fid bid
           0.0000000000000000e+00  -5.0000000000000000e+00   0.0000000000000000e+00 #xyz tv0
          -6.2500000000000000e-01  -5.0000000000000000e+00   0.0000000000000000e+00 #xyz tv1
          -6.2500000000000000e-01  -4.3750000000000000e+00   0.0000000000000000e+00 76 -1 #xyz tv2 fid bid
           0.0000000000000000e+00  -5.0000000000000000e+00   0.0000000000000000e+00 #xyz tv0
          -6.2500000000000000e-01  -5.0000000000000000e+00   0.0000000000000000e+00 #xyz tv1
          -6.2500000000000000e-01  -4.3750000000000000e+00   0.0000000000000000e+00 112 -1 #xyz tv2 fid bid
          -6.2500000000000000e-01  -5.0000000000000000e+00   0.0000000000000000e+00 #xyz tv0
          -1.2500000000000000e+00  -5.0000000000000000e+00   0.0000000000000000e+00 #xyz tv1
          -6.2500000000000000e-01  -4.3750000000000000e+00   0.0000000000000000e+00 8 -1 #xyz tv2 fid bid
          -6.2500000000000000e-01  -5.0000000000000000e+00   0.0000000000000000e+00 #xyz tv0
          -1.2500000000000000e+00  -5.0000000000000000e+00   0.0000000000000000e+00 #xyz tv1
          -6.2500000000000000e-01  -4.3750000000000000e+00   0.0000000000000000e+00 76 -1 #xyz tv2 fid bid
          -6.2500000000000000e-01  -5.0000000000000000e+00   0.0000000000000000e+00 #xyz tv0
          -1.2500000000000000e+00  -5.0000000000000000e+00   0.0000000000000000e+00 #xyz tv1
          -6.2500000000000000e-01  -4.3750000000000000e+00   0.0000000000000000e+00 112 -1 #xyz tv2 fid bid
          -6.2500000000000000e-01  -5.0000000000000000e+00   0.0000000000000000e+00 #xyz ev0
          -6.2500000000000000e-01  -4.3750000000000000e+00   0.0000000000000000e+00 -1 6 #xyz ev1 fid bid
   0   0.000000000000e+00   0.000000000000e+00   0.000000000000e+00 #flag location
END_ERR 
G3dErrFileVersion 2025R1
FlagFileMetaData Begin
   Mesh Size - Setup1, Refinement, Pass #4, Freq. 1.100000e+10 :Title    
   Listing of mesh elements with poor quality. :ToolTip  
   hf3d :Author   
   1768245313 :TimeStamp
   mm :UnitName 
   1.0000000000000000e-03 :UnitConv
FlagFileMetaData End
BEGIN_ERR 
26 Small mesh segment detected on body : Substrate
 Small mesh segment detected on body : Substrate 
 Segment Statistics - Number of Segments : 1 --- Segment length(s) : 0.093313mm. The cutoff frequency for S-Matrix Only Solve is 18.142850278383MHz 
1 -1  # nfids, fids[]
1 6  # nbids, bids[]
      6 0 1 0 #ntets ntri ned npts
           2.6925108803523741e+00   2.9030863464531893e+00   1.5240000000000000e+00 #xyz tv0
           2.9217708412789616e+00   2.8910936963289022e+00   1.5240000000000000e+00 #xyz tv1
           2.7503003951087122e+00   2.9151308783452698e+00   1.4517329635380856e+00 #xyz tv2
           2.7700000000000000e+00   2.7700000000000000e+00   1.5240000000000000e+00 -1 6 #xyz tv3 fid bid
           2.6925108803523741e+00   2.9030863464531893e+00   1.5240000000000000e+00 #xyz tv0
           2.7503003951087122e+00   2.9151308783452698e+00   1.4517329635380856e+00 #xyz tv1
           2.8237080139348434e+00   3.0406987848799525e+00   1.5240000000000000e+00 #xyz tv2
           2.6150217607047477e+00   3.0361726929063777e+00   1.5240000000000000e+00 -1 6 #xyz tv3 fid bid
           2.6925108803523741e+00   2.9030863464531893e+00   1.5240000000000000e+00 #xyz tv0
           2.7503003951087122e+00   2.9151308783452698e+00   1.4517329635380856e+00 #xyz tv1
           2.9217708412789616e+00   2.8910936963289022e+00   1.5240000000000000e+00 #xyz tv2
           2.8237080139348434e+00   3.0406987848799525e+00   1.5240000000000000e+00 -1 6 #xyz tv3 fid bid
           2.6981661593866262e+00   2.7951671819298127e+00   1.4369209761156858e+00 #xyz tv0
           2.6925108803523741e+00   2.9030863464531893e+00   1.5240000000000000e+00 #xyz tv1
           2.7503003951087122e+00   2.9151308783452698e+00   1.4517329635380856e+00 #xyz tv2
           2.7700000000000000e+00   2.7700000000000000e+00   1.5240000000000000e+00 -1 6 #xyz tv3 fid bid
           2.7503003951087122e+00   2.9151308783452698e+00   1.4517329635380856e+00 #xyz tv0
           2.6925108803523741e+00   2.9030863464531893e+00   1.5240000000000000e+00 #xyz tv1
           2.5317625830871977e+00   2.9050866107338340e+00   1.4369209761156858e+00 #xyz tv2
           2.6150217607047477e+00   3.0361726929063777e+00   1.5240000000000000e+00 -1 6 #xyz tv3 fid bid
           2.6981661593866262e+00   2.7951671819298127e+00   1.4369209761156858e+00 #xyz tv0
           2.5317625830871977e+00   2.9050866107338340e+00   1.4369209761156858e+00 #xyz tv1
           2.7503003951087122e+00   2.9151308783452698e+00   1.4517329635380856e+00 #xyz tv2
           2.6925108803523741e+00   2.9030863464531893e+00   1.5240000000000000e+00 -1 6 #xyz tv3 fid bid
           2.6925108803523741e+00   2.9030863464531893e+00   1.5240000000000000e+00 #xyz ev0
           2.7503003951087122e+00   2.9151308783452698e+00   1.4517329635380856e+00 -1 6 #xyz ev1 fid bid
   0   0.000000000000e+00   0.000000000000e+00   0.000000000000e+00 #flag location
END_ERR 
BEGIN_ERR 
26 Small mesh segment detected on body : Substrate
 Small mesh segment detected on body : Substrate 
 Segment Statistics - Number of Segments : 1 --- Segment length(s) : 0.094588mm. The cutoff frequency for S-Matrix Only Solve is 18.142850278383MHz 
1 -1  # nfids, fids[]
1 6  # nbids, bids[]
      5 0 1 0 #ntets ntri ned npts
           2.8442880188525028e+00   2.8598567785714248e+00   1.3263120733199520e+00 #xyz tv0
           2.8071440094262514e+00   2.8149283892857122e+00   1.4251560366599758e+00 #xyz tv1
           2.7503003951087122e+00   2.9151308783452698e+00   1.4517329635380856e+00 #xyz tv2
           2.8339980163936733e+00   2.9502777817256884e+00   1.4251560366599758e+00 -1 6 #xyz tv3 fid bid
           2.8339980163936733e+00   2.9502777817256884e+00   1.4251560366599758e+00 #xyz tv0
           2.7082174570003548e+00   3.0348300415808032e+00   1.3513728236955336e+00 #xyz tv1
           2.7503003951087122e+00   2.9151308783452698e+00   1.4517329635380856e+00 #xyz tv2
           2.8442880188525028e+00   2.8598567785714248e+00   1.3263120733199520e+00 -1 6 #xyz tv3 fid bid
           2.7503003951087122e+00   2.9151308783452698e+00   1.4517329635380856e+00 #xyz tv0
           2.8071440094262514e+00   2.8149283892857122e+00   1.4251560366599758e+00 #xyz tv1
           2.9217708412789616e+00   2.8910936963289022e+00   1.5240000000000000e+00 #xyz tv2
           2.8339980163936733e+00   2.9502777817256884e+00   1.4251560366599758e+00 -1 6 #xyz tv3 fid bid
           2.8339980163936733e+00   2.9502777817256884e+00   1.4251560366599758e+00 #xyz tv0
           2.7503003951087122e+00   2.9151308783452698e+00   1.4517329635380856e+00 #xyz tv1
           2.7082174570003548e+00   3.0348300415808032e+00   1.3513728236955336e+00 #xyz tv2
           2.8237080139348434e+00   3.0406987848799525e+00   1.5240000000000000e+00 -1 6 #xyz tv3 fid bid
           2.8339980163936733e+00   2.9502777817256884e+00   1.4251560366599758e+00 #xyz tv0
           2.9217708412789616e+00   2.8910936963289022e+00   1.5240000000000000e+00 #xyz tv1
           2.7503003951087122e+00   2.9151308783452698e+00   1.4517329635380856e+00 #xyz tv2
           2.8237080139348434e+00   3.0406987848799525e+00   1.5240000000000000e+00 -1 6 #xyz tv3 fid bid
           2.7503003951087122e+00   2.9151308783452698e+00   1.4517329635380856e+00 #xyz ev0
           2.8339980163936733e+00   2.9502777817256884e+00   1.4251560366599758e+00 -1 6 #xyz ev1 fid bid
   0   0.000000000000e+00   0.000000000000e+00   0.000000000000e+00 #flag location
END_ERR 
BEGIN_ERR 
26 Small mesh segment detected on body : Substrate
 Small mesh segment detected on body : Substrate 
 Segment Statistics - Number of Segments : 1 --- Segment length(s) : 0.095058mm. The cutoff frequency for S-Matrix Only Solve is 18.142850278383MHz 
1 -1  # nfids, fids[]
1 6  # nbids, bids[]
      6 0 1 0 #ntets ntri ned npts
          -5.1758959319301279e-01   2.7568870524975737e+00   1.3960439463714125e+00 #xyz tv0
          -6.9250000000000000e-01   2.7700000000000000e+00   1.5240000000000000e+00 #xyz tv1
          -6.5027975113486003e-01   2.8919994024392506e+00   1.3555124703178656e+00 #xyz tv2
          -5.8523115028633610e-01   2.9001936977003848e+00   1.4243418301691462e+00 -1 6 #xyz tv3 fid bid
          -5.8523115028633610e-01   2.9001936977003848e+00   1.4243418301691462e+00 #xyz tv0
          -6.9136431703980605e-01   2.9158949297137626e+00   1.5240000000000000e+00 #xyz tv1
          -6.9250000000000000e-01   2.7700000000000000e+00   1.5240000000000000e+00 #xyz tv2
          -6.5027975113486003e-01   2.8919994024392506e+00   1.3555124703178656e+00 -1 6 #xyz tv3 fid bid
          -5.1758959319301279e-01   2.7568870524975737e+00   1.3960439463714125e+00 #xyz tv0
          -6.5027975113486003e-01   2.8919994024392506e+00   1.3555124703178656e+00 #xyz tv1
          -4.3513397909148688e-01   2.9136278954403005e+00   1.2837826793605935e+00 #xyz tv2
          -5.8523115028633610e-01   2.9001936977003848e+00   1.4243418301691462e+00 -1 6 #xyz tv3 fid bid
          -5.8523115028633610e-01   2.9001936977003848e+00   1.4243418301691462e+00 #xyz tv0
          -6.8986076449220912e-01   3.0645604522882057e+00   1.5240000000000000e+00 #xyz tv1
          -6.9136431703980605e-01   2.9158949297137626e+00   1.5240000000000000e+00 #xyz tv2
          -6.5027975113486003e-01   2.8919994024392506e+00   1.3555124703178656e+00 -1 6 #xyz tv3 fid bid
          -5.8523115028633610e-01   2.9001936977003848e+00   1.4243418301691462e+00 #xyz tv0
          -4.3513397909148688e-01   2.9136278954403005e+00   1.2837826793605935e+00 #xyz tv1
          -6.1582009444684949e-01   3.1019890869250677e+00   1.2813206757195337e+00 #xyz tv2
          -6.5027975113486003e-01   2.8919994024392506e+00   1.3555124703178656e+00 -1 6 #xyz tv3 fid bid
          -5.8523115028633610e-01   2.9001936977003848e+00   1.4243418301691462e+00 #xyz tv0
          -6.1582009444684949e-01   3.1019890869250677e+00   1.2813206757195337e+00 #xyz tv1
          -6.8986076449220912e-01   3.0645604522882057e+00   1.5240000000000000e+00 #xyz tv2
          -6.5027975113486003e-01   2.8919994024392506e+00   1.3555124703178656e+00 -1 6 #xyz tv3 fid bid
          -6.5027975113486003e-01   2.8919994024392506e+00   1.3555124703178656e+00 #xyz ev0
          -5.8523115028633610e-01   2.9001936977003848e+00   1.4243418301691462e+00 -1 6 #xyz ev1 fid bid
   0   0.000000000000e+00   0.000000000000e+00   0.000000000000e+00 #flag location
END_ERR 
G3dErrFileVersion 2025R1
FlagFileMetaData Begin
   Mesh Size - Setup1, Refinement, Pass #5, Freq. 1.100000e+10 :Title    
   Listing of mesh elements with poor quality. :ToolTip  
   hf3d :Author   
   1768245328 :TimeStamp
   mm :UnitName 
   1.0000000000000000e-03 :UnitConv
FlagFileMetaData End
BEGIN_ERR 
26 Small mesh segment detected on body : Substrate
 Small mesh segment detected on body : Substrate 
 Segment Statistics - Number of Segments : 1 --- Segment length(s) : 0.053470mm. The cutoff frequency for S-Matrix Only Solve is 18.142850278383MHz 
1 -1  # nfids, fids[]
1 6  # nbids, bids[]
      5 0 1 0 #ntets ntri ned npts
           2.7312554401761875e+00   2.8365431732265951e+00   1.5240000000000000e+00 #xyz tv0
           2.7518995787329494e+00   2.8637042869841283e+00   1.4828282533881281e+00 #xyz tv1
           2.8128336248008221e+00   2.8885349352692673e+00   1.5240000000000000e+00 #xyz tv2
           2.6925108803523741e+00   2.9030863464531893e+00   1.5240000000000000e+00 -1 6 #xyz tv3 fid bid
           2.7312554401761875e+00   2.8365431732265951e+00   1.5240000000000000e+00 #xyz tv0
           2.8128336248008221e+00   2.8885349352692673e+00   1.5240000000000000e+00 #xyz tv1
           2.7518995787329494e+00   2.8637042869841283e+00   1.4828282533881281e+00 #xyz tv2
           2.7700000000000000e+00   2.7700000000000000e+00   1.5240000000000000e+00 -1 6 #xyz tv3 fid bid
           2.6507855867152639e+00   2.8441535641844831e+00   1.4389892481014348e+00 #xyz tv0
           2.7518995787329494e+00   2.8637042869841283e+00   1.4828282533881281e+00 #xyz tv1
           2.7312554401761875e+00   2.8365431732265951e+00   1.5240000000000000e+00 #xyz tv2
           2.6925108803523741e+00   2.9030863464531893e+00   1.5240000000000000e+00 -1 6 #xyz tv3 fid bid
           2.7312554401761875e+00   2.8365431732265951e+00   1.5240000000000000e+00 #xyz tv0
           2.7518995787329494e+00   2.8637042869841283e+00   1.4828282533881281e+00 #xyz tv1
           2.7191047822676859e+00   2.8037389935821366e+00   1.4417123613613361e+00 #xyz tv2
           2.7700000000000000e+00   2.7700000000000000e+00   1.5240000000000000e+00 -1 6 #xyz tv3 fid bid
           2.6507855867152639e+00   2.8441535641844831e+00   1.4389892481014348e+00 #xyz tv0
           2.7312554401761875e+00   2.8365431732265951e+00   1.5240000000000000e+00 #xyz tv1
           2.7518995787329494e+00   2.8637042869841283e+00   1.4828282533881281e+00 #xyz tv2
           2.7191047822676859e+00   2.8037389935821366e+00   1.4417123613613361e+00 -1 6 #xyz tv3 fid bid
           2.7312554401761875e+00   2.8365431732265951e+00   1.5240000000000000e+00 #xyz ev0
           2.7518995787329494e+00   2.8637042869841283e+00   1.4828282533881281e+00 -1 6 #xyz ev1 fid bid
   0   0.000000000000e+00   0.000000000000e+00   0.000000000000e+00 #flag location
END_ERR 
BEGIN_ERR 
26 Small mesh segment detected on body : Substrate
 Small mesh segment detected on body : Substrate 
 Segment Statistics - Number of Segments : 1 --- Segment length(s) : 0.057288mm. The cutoff frequency for S-Matrix Only Solve is 18.142850278383MHz 
1 -1  # nfids, fids[]
1 6  # nbids, bids[]
      4 0 1 0 #ntets ntri ned npts
           2.8250128016306877e+00   2.8258691092625980e+00   1.4988940306460372e+00 #xyz tv0
           2.8112882771135244e+00   2.8243222275150677e+00   1.4416565067762561e+00 #xyz tv1
           2.8822801198230064e+00   2.8274115624503224e+00   1.4988940306460372e+00 #xyz tv2
           2.8128336248008221e+00   2.8885349352692673e+00   1.5240000000000000e+00 -1 6 #xyz tv3 fid bid
           2.8250128016306877e+00   2.8258691092625980e+00   1.4988940306460372e+00 #xyz tv0
           2.8822801198230064e+00   2.8274115624503224e+00   1.4988940306460372e+00 #xyz tv1
           2.8958199182549431e+00   2.7482019042595240e+00   1.5240000000000000e+00 #xyz tv2
           2.8128336248008221e+00   2.8885349352692673e+00   1.5240000000000000e+00 -1 6 #xyz tv3 fid bid
           2.8250128016306877e+00   2.8258691092625980e+00   1.4988940306460372e+00 #xyz tv0
           2.8822801198230064e+00   2.8274115624503224e+00   1.4988940306460372e+00 #xyz tv1
           2.8112882771135244e+00   2.8243222275150677e+00   1.4416565067762561e+00 #xyz tv2
           2.8371919784605533e+00   2.7632032832559283e+00   1.4737880612920744e+00 -1 6 #xyz tv3 fid bid
           2.8250128016306877e+00   2.8258691092625980e+00   1.4988940306460372e+00 #xyz tv0
           2.8958199182549431e+00   2.7482019042595240e+00   1.5240000000000000e+00 #xyz tv1
           2.8822801198230064e+00   2.8274115624503224e+00   1.4988940306460372e+00 #xyz tv2
           2.8371919784605533e+00   2.7632032832559283e+00   1.4737880612920744e+00 -1 6 #xyz tv3 fid bid
           2.8250128016306877e+00   2.8258691092625980e+00   1.4988940306460372e+00 #xyz ev0
           2.8822801198230064e+00   2.8274115624503224e+00   1.4988940306460372e+00 -1 6 #xyz ev1 fid bid
   0   0.000000000000e+00   0.000000000000e+00   0.000000000000e+00 #flag location
END_ERR 
BEGIN_ERR 
26 Small mesh segment detected on body : Substrate
 Small mesh segment detected on body : Substrate 
 Segment Statistics - Number of Segments : 1 --- Segment length(s) : 0.058880mm. The cutoff frequency for S-Matrix Only Solve is 18.142850278383MHz 
1 -1  # nfids, fids[]
1 6  # nbids, bids[]
      5 0 1 0 #ntets ntri ned npts
           2.8128336248008221e+00   2.8885349352692673e+00   1.5240000000000000e+00 #xyz tv0
           2.8112882771135244e+00   2.8243222275150677e+00   1.4416565067762561e+00 #xyz tv1
           2.7518995787329494e+00   2.8637042869841283e+00   1.4828282533881281e+00 #xyz tv2
           2.8250128016306877e+00   2.8258691092625980e+00   1.4988940306460372e+00 -1 6 #xyz tv3 fid bid
           2.8112882771135244e+00   2.8243222275150677e+00   1.4416565067762561e+00 #xyz tv0
           2.7700000000000000e+00   2.7700000000000000e+00   1.5240000000000000e+00 #xyz tv1
           2.7518995787329494e+00   2.8637042869841283e+00   1.4828282533881281e+00 #xyz tv2
           2.8250128016306877e+00   2.8258691092625980e+00   1.4988940306460372e+00 -1 6 #xyz tv3 fid bid
           2.8250128016306877e+00   2.8258691092625980e+00   1.4988940306460372e+00 #xyz tv0
           2.8112882771135244e+00   2.8243222275150677e+00   1.4416565067762561e+00 #xyz tv1
           2.8822801198230064e+00   2.8274115624503224e+00   1.4988940306460372e+00 #xyz tv2
           2.8128336248008221e+00   2.8885349352692673e+00   1.5240000000000000e+00 -1 6 #xyz tv3 fid bid
           2.8250128016306877e+00   2.8258691092625980e+00   1.4988940306460372e+00 #xyz tv0
           2.8112882771135244e+00   2.8243222275150677e+00   1.4416565067762561e+00 #xyz tv1
           2.7700000000000000e+00   2.7700000000000000e+00   1.5240000000000000e+00 #xyz tv2
           2.8371919784605533e+00   2.7632032832559283e+00   1.4737880612920744e+00 -1 6 #xyz tv3 fid bid
           2.8250128016306877e+00   2.8258691092625980e+00   1.4988940306460372e+00 #xyz tv0
           2.8822801198230064e+00   2.8274115624503224e+00   1.4988940306460372e+00 #xyz tv1
           2.8112882771135244e+00   2.8243222275150677e+00   1.4416565067762561e+00 #xyz tv2
           2.8371919784605533e+00   2.7632032832559283e+00   1.4737880612920744e+00 -1 6 #xyz tv3 fid bid
           2.8250128016306877e+00   2.8258691092625980e+00   1.4988940306460372e+00 #xyz ev0
           2.8112882771135244e+00   2.8243222275150677e+00   1.4416565067762561e+00 -1 6 #xyz ev1 fid bid
   0   0.000000000000e+00   0.000000000000e+00   0.000000000000e+00 #flag location
END_ERR 
BEGIN_ERR 
26 Small mesh segment detected on body : Substrate
 Small mesh segment detected on body : Substrate 
 Segment Statistics - Number of Segments : 1 --- Segment length(s) : 0.059232mm. The cutoff frequency for S-Matrix Only Solve is 18.142850278383MHz 
1 -1  # nfids, fids[]
1 6  # nbids, bids[]
      5 0 1 0 #ntets ntri ned npts
           2.8177530473406076e+00   2.7065827560105391e+00   1.4247803053272299e+00 #xyz tv0
           2.7700000000000000e+00   2.7700000000000000e+00   1.5240000000000000e+00 #xyz tv1
           2.8354843586873519e+00   2.6673216704727531e+00   1.4654327316606954e+00 #xyz tv2
           2.7517906324354002e+00   2.6915014117102274e+00   1.4223216674221579e+00 -1 6 #xyz tv3 fid bid
           2.8177530473406076e+00   2.7065827560105391e+00   1.4247803053272299e+00 #xyz tv0
           2.8354843586873519e+00   2.6673216704727531e+00   1.4654327316606954e+00 #xyz tv1
           2.7700000000000000e+00   2.7700000000000000e+00   1.5240000000000000e+00 #xyz tv2
           2.8371919784605533e+00   2.7632032832559283e+00   1.4737880612920744e+00 -1 6 #xyz tv3 fid bid
