G3dErrFileVersion 2025R1
FlagFileMetaData Begin
   Mesh Size - Setup1, Refinement, Pass #1, Freq. 1.000000e+10 :Title    
   Listing of mesh elements with poor quality. :ToolTip  
   hf3d :Author   
   1779613130 :TimeStamp
   mm :UnitName 
   1.0000000000000000e-03 :UnitConv
FlagFileMetaData End
BEGIN_ERR 
26 Small mesh segment detected on body : Substrate
 Small mesh segment detected on body : Substrate 
 Segment Statistics - Number of Segments : 1 --- Segment length(s) : 0.937500mm. The cutoff frequency for S-Matrix Only Solve is 18.142850278383MHz 
4 -1  8  76  112  # nfids, fids[]
2 6  -1  # nbids, bids[]
      6 6 1 0 #ntets ntri ned npts
          -7.0665778161298674e+00   4.1967231479059217e+00   3.8288446300821483e-01 #xyz tv0
          -6.5625000000000000e+00   3.7500000000000000e+00   0.0000000000000000e+00 #xyz tv1
          -7.5000000000000000e+00   3.7500000000000000e+00   0.0000000000000000e+00 #xyz tv2
          -7.5000000000000000e+00   3.7500000000000000e+00   3.8100000000000001e-01 -1 6 #xyz tv3 fid bid
          -7.0330510159862989e+00   3.2300923127941044e+00   2.7983049948571004e-01 #xyz tv0
          -7.5000000000000000e+00   3.7500000000000000e+00   0.0000000000000000e+00 #xyz tv1
          -6.5625000000000000e+00   3.7500000000000000e+00   0.0000000000000000e+00 #xyz tv2
          -7.5000000000000000e+00   3.7500000000000000e+00   3.8100000000000001e-01 -1 6 #xyz tv3 fid bid
          -7.0665778161298674e+00   4.1967231479059217e+00   3.8288446300821483e-01 #xyz tv0
          -7.5000000000000000e+00   3.7500000000000000e+00   0.0000000000000000e+00 #xyz tv1
          -6.5625000000000000e+00   3.7500000000000000e+00   0.0000000000000000e+00 #xyz tv2
          -6.5625000000000000e+00   4.6875000000000000e+00   0.0000000000000000e+00 -1 6 #xyz tv3 fid bid
          -7.0330510159862989e+00   3.2300923127941044e+00   2.7983049948571004e-01 #xyz tv0
          -6.5625000000000000e+00   3.7500000000000000e+00   0.0000000000000000e+00 #xyz tv1
          -7.5000000000000000e+00   3.7500000000000000e+00   0.0000000000000000e+00 #xyz tv2
          -6.5625000000000000e+00   2.8125000000000000e+00   0.0000000000000000e+00 -1 6 #xyz tv3 fid bid
          -6.5625000000000000e+00   3.7500000000000000e+00   0.0000000000000000e+00 #xyz tv0
          -6.9375000000000000e+00   3.8085937500000000e+00  -2.7540000000000000e+00 #xyz tv1
          -6.5625000000000000e+00   4.6875000000000000e+00   0.0000000000000000e+00 #xyz tv2
          -7.5000000000000000e+00   3.7500000000000000e+00   0.0000000000000000e+00 -1 6 #xyz tv3 fid bid
          -6.5625000000000000e+00   3.7500000000000000e+00   0.0000000000000000e+00 #xyz tv0
          -6.5625000000000000e+00   2.8125000000000000e+00   0.0000000000000000e+00 #xyz tv1
          -6.9375000000000000e+00   3.8085937500000000e+00  -2.7540000000000000e+00 #xyz tv2
          -7.5000000000000000e+00   3.7500000000000000e+00   0.0000000000000000e+00 -1 6 #xyz tv3 fid bid
          -7.5000000000000000e+00   3.7500000000000000e+00   0.0000000000000000e+00 #xyz tv0
          -6.5625000000000000e+00   3.7500000000000000e+00   0.0000000000000000e+00 #xyz tv1
          -6.5625000000000000e+00   2.8125000000000000e+00   0.0000000000000000e+00 8 -1 #xyz tv2 fid bid
          -7.5000000000000000e+00   3.7500000000000000e+00   0.0000000000000000e+00 #xyz tv0
          -6.5625000000000000e+00   3.7500000000000000e+00   0.0000000000000000e+00 #xyz tv1
          -6.5625000000000000e+00   2.8125000000000000e+00   0.0000000000000000e+00 76 -1 #xyz tv2 fid bid
          -7.5000000000000000e+00   3.7500000000000000e+00   0.0000000000000000e+00 #xyz tv0
          -6.5625000000000000e+00   3.7500000000000000e+00   0.0000000000000000e+00 #xyz tv1
          -6.5625000000000000e+00   2.8125000000000000e+00   0.0000000000000000e+00 112 -1 #xyz tv2 fid bid
          -6.5625000000000000e+00   3.7500000000000000e+00   0.0000000000000000e+00 #xyz tv0
          -7.5000000000000000e+00   3.7500000000000000e+00   0.0000000000000000e+00 #xyz tv1
          -6.5625000000000000e+00   4.6875000000000000e+00   0.0000000000000000e+00 8 -1 #xyz tv2 fid bid
          -6.5625000000000000e+00   3.7500000000000000e+00   0.0000000000000000e+00 #xyz tv0
          -7.5000000000000000e+00   3.7500000000000000e+00   0.0000000000000000e+00 #xyz tv1
          -6.5625000000000000e+00   4.6875000000000000e+00   0.0000000000000000e+00 76 -1 #xyz tv2 fid bid
          -6.5625000000000000e+00   3.7500000000000000e+00   0.0000000000000000e+00 #xyz tv0
          -7.5000000000000000e+00   3.7500000000000000e+00   0.0000000000000000e+00 #xyz tv1
          -6.5625000000000000e+00   4.6875000000000000e+00   0.0000000000000000e+00 112 -1 #xyz tv2 fid bid
          -7.5000000000000000e+00   3.7500000000000000e+00   0.0000000000000000e+00 #xyz ev0
          -6.5625000000000000e+00   3.7500000000000000e+00   0.0000000000000000e+00 -1 6 #xyz ev1 fid bid
   0   0.000000000000e+00   0.000000000000e+00   0.000000000000e+00 #flag location
END_ERR 
BEGIN_ERR 
26 Small mesh segment detected on body : Substrate
 Small mesh segment detected on body : Substrate 
 Segment Statistics - Number of Segments : 1 --- Segment length(s) : 0.937500mm. The cutoff frequency for S-Matrix Only Solve is 18.142850278383MHz 
4 -1  8  76  112  # nfids, fids[]
2 6  -1  # nbids, bids[]
      5 6 1 0 #ntets ntri ned npts
           4.6875000000000000e+00  -7.5000000000000000e+00   1.9050000000000000e-01 #xyz tv0
           4.6875000000000000e+00  -6.5625000000000000e+00   0.0000000000000000e+00 #xyz tv1
           4.6875000000000000e+00  -7.5000000000000000e+00   0.0000000000000000e+00 #xyz tv2
           5.6250000000000000e+00  -7.5000000000000000e+00   0.0000000000000000e+00 -1 6 #xyz tv3 fid bid
           4.6875000000000000e+00  -7.5000000000000000e+00   1.9050000000000000e-01 #xyz tv0
           4.6875000000000000e+00  -7.5000000000000000e+00   0.0000000000000000e+00 #xyz tv1
           4.6875000000000000e+00  -6.5625000000000000e+00   0.0000000000000000e+00 #xyz tv2
           4.2397777562778174e+00  -7.1153690123903095e+00   2.9992507416584135e-01 -1 6 #xyz tv3 fid bid
           4.6875000000000000e+00  -6.5625000000000000e+00   0.0000000000000000e+00 #xyz tv0
           4.6875000000000000e+00  -7.5000000000000000e+00   0.0000000000000000e+00 #xyz tv1
           3.7500000000000000e+00  -7.5000000000000000e+00   0.0000000000000000e+00 #xyz tv2
           4.2397777562778174e+00  -7.1153690123903095e+00   2.9992507416584135e-01 -1 6 #xyz tv3 fid bid
           4.6875000000000000e+00  -7.5000000000000000e+00   0.0000000000000000e+00 #xyz tv0
           5.1639473232068500e+00  -5.9379405643982039e+00  -1.9143747068814676e+00 #xyz tv1
           4.6875000000000000e+00  -6.5625000000000000e+00   0.0000000000000000e+00 #xyz tv2
           3.7500000000000000e+00  -7.5000000000000000e+00   0.0000000000000000e+00 -1 6 #xyz tv3 fid bid
           4.6875000000000000e+00  -7.5000000000000000e+00   0.0000000000000000e+00 #xyz tv0
           4.6875000000000000e+00  -6.5625000000000000e+00   0.0000000000000000e+00 #xyz tv1
           5.1639473232068500e+00  -5.9379405643982039e+00  -1.9143747068814676e+00 #xyz tv2
           5.6250000000000000e+00  -7.5000000000000000e+00   0.0000000000000000e+00 -1 6 #xyz tv3 fid bid
           5.6250000000000000e+00  -7.5000000000000000e+00   0.0000000000000000e+00 #xyz tv0
           4.6875000000000000e+00  -7.5000000000000000e+00   0.0000000000000000e+00 #xyz tv1
           4.6875000000000000e+00  -6.5625000000000000e+00   0.0000000000000000e+00 8 -1 #xyz tv2 fid bid
           5.6250000000000000e+00  -7.5000000000000000e+00   0.0000000000000000e+00 #xyz tv0
           4.6875000000000000e+00  -7.5000000000000000e+00   0.0000000000000000e+00 #xyz tv1
           4.6875000000000000e+00  -6.5625000000000000e+00   0.0000000000000000e+00 76 -1 #xyz tv2 fid bid
           5.6250000000000000e+00  -7.5000000000000000e+00   0.0000000000000000e+00 #xyz tv0
           4.6875000000000000e+00  -7.5000000000000000e+00   0.0000000000000000e+00 #xyz tv1
           4.6875000000000000e+00  -6.5625000000000000e+00   0.0000000000000000e+00 112 -1 #xyz tv2 fid bid
           4.6875000000000000e+00  -7.5000000000000000e+00   0.0000000000000000e+00 #xyz tv0
           3.7500000000000000e+00  -7.5000000000000000e+00   0.0000000000000000e+00 #xyz tv1
           4.6875000000000000e+00  -6.5625000000000000e+00   0.0000000000000000e+00 8 -1 #xyz tv2 fid bid
           4.6875000000000000e+00  -7.5000000000000000e+00   0.0000000000000000e+00 #xyz tv0
           3.7500000000000000e+00  -7.5000000000000000e+00   0.0000000000000000e+00 #xyz tv1
           4.6875000000000000e+00  -6.5625000000000000e+00   0.0000000000000000e+00 76 -1 #xyz tv2 fid bid
           4.6875000000000000e+00  -7.5000000000000000e+00   0.0000000000000000e+00 #xyz tv0
           3.7500000000000000e+00  -7.5000000000000000e+00   0.0000000000000000e+00 #xyz tv1
           4.6875000000000000e+00  -6.5625000000000000e+00   0.0000000000000000e+00 112 -1 #xyz tv2 fid bid
           4.6875000000000000e+00  -7.5000000000000000e+00   0.0000000000000000e+00 #xyz ev0
           4.6875000000000000e+00  -6.5625000000000000e+00   0.0000000000000000e+00 -1 6 #xyz ev1 fid bid
   0   0.000000000000e+00   0.000000000000e+00   0.000000000000e+00 #flag location
END_ERR 
G3dErrFileVersion 2025R1
FlagFileMetaData Begin
   Mesh Size - Setup1, Refinement, Pass #2, Freq. 1.000000e+10 :Title    
   Listing of mesh elements with poor quality. :ToolTip  
   hf3d :Author   
   1779613135 :TimeStamp
   mm :UnitName 
   1.0000000000000000e-03 :UnitConv
FlagFileMetaData End
BEGIN_ERR 
26 Small mesh segment detected on body : Substrate
 Small mesh segment detected on body : Substrate 
 Segment Statistics - Number of Segments : 1 --- Segment length(s) : 0.937500mm. The cutoff frequency for S-Matrix Only Solve is 18.142850278383MHz 
4 -1  8  76  112  # nfids, fids[]
2 6  -1  # nbids, bids[]
      6 6 1 0 #ntets ntri ned npts
          -7.0665878901616619e+00   4.1967158149534685e+00   3.8290539587791222e-01 #xyz tv0
          -6.5625000000000000e+00   3.7500000000000000e+00   0.0000000000000000e+00 #xyz tv1
          -7.5000000000000000e+00   3.7500000000000000e+00   0.0000000000000000e+00 #xyz tv2
          -7.5000000000000000e+00   3.7500000000000000e+00   3.8100000000000001e-01 -1 6 #xyz tv3 fid bid
          -7.0330510159862989e+00   3.2300923127941044e+00   2.7983049948571004e-01 #xyz tv0
          -7.5000000000000000e+00   3.7500000000000000e+00   0.0000000000000000e+00 #xyz tv1
          -6.5625000000000000e+00   3.7500000000000000e+00   0.0000000000000000e+00 #xyz tv2
          -7.5000000000000000e+00   3.7500000000000000e+00   3.8100000000000001e-01 -1 6 #xyz tv3 fid bid
          -7.0665878901616619e+00   4.1967158149534685e+00   3.8290539587791222e-01 #xyz tv0
          -7.5000000000000000e+00   3.7500000000000000e+00   0.0000000000000000e+00 #xyz tv1
          -6.5625000000000000e+00   3.7500000000000000e+00   0.0000000000000000e+00 #xyz tv2
          -6.5625000000000000e+00   4.6875000000000000e+00   0.0000000000000000e+00 -1 6 #xyz tv3 fid bid
          -7.0330510159862989e+00   3.2300923127941044e+00   2.7983049948571004e-01 #xyz tv0
          -6.5625000000000000e+00   3.7500000000000000e+00   0.0000000000000000e+00 #xyz tv1
          -7.5000000000000000e+00   3.7500000000000000e+00   0.0000000000000000e+00 #xyz tv2
          -6.5625000000000000e+00   2.8125000000000000e+00   0.0000000000000000e+00 -1 6 #xyz tv3 fid bid
          -6.5625000000000000e+00   3.7500000000000000e+00   0.0000000000000000e+00 #xyz tv0
          -6.9375000000000000e+00   3.8085937500000000e+00  -2.7540000000000000e+00 #xyz tv1
          -6.5625000000000000e+00   4.6875000000000000e+00   0.0000000000000000e+00 #xyz tv2
          -7.5000000000000000e+00   3.7500000000000000e+00   0.0000000000000000e+00 -1 6 #xyz tv3 fid bid
          -6.5625000000000000e+00   3.7500000000000000e+00   0.0000000000000000e+00 #xyz tv0
          -6.5625000000000000e+00   2.8125000000000000e+00   0.0000000000000000e+00 #xyz tv1
          -6.9375000000000000e+00   3.8085937500000000e+00  -2.7540000000000000e+00 #xyz tv2
          -7.5000000000000000e+00   3.7500000000000000e+00   0.0000000000000000e+00 -1 6 #xyz tv3 fid bid
          -7.5000000000000000e+00   3.7500000000000000e+00   0.0000000000000000e+00 #xyz tv0
          -6.5625000000000000e+00   3.7500000000000000e+00   0.0000000000000000e+00 #xyz tv1
          -6.5625000000000000e+00   2.8125000000000000e+00   0.0000000000000000e+00 8 -1 #xyz tv2 fid bid
          -7.5000000000000000e+00   3.7500000000000000e+00   0.0000000000000000e+00 #xyz tv0
          -6.5625000000000000e+00   3.7500000000000000e+00   0.0000000000000000e+00 #xyz tv1
          -6.5625000000000000e+00   2.8125000000000000e+00   0.0000000000000000e+00 76 -1 #xyz tv2 fid bid
          -7.5000000000000000e+00   3.7500000000000000e+00   0.0000000000000000e+00 #xyz tv0
          -6.5625000000000000e+00   3.7500000000000000e+00   0.0000000000000000e+00 #xyz tv1
          -6.5625000000000000e+00   2.8125000000000000e+00   0.0000000000000000e+00 112 -1 #xyz tv2 fid bid
          -6.5625000000000000e+00   3.7500000000000000e+00   0.0000000000000000e+00 #xyz tv0
          -7.5000000000000000e+00   3.7500000000000000e+00   0.0000000000000000e+00 #xyz tv1
          -6.5625000000000000e+00   4.6875000000000000e+00   0.0000000000000000e+00 8 -1 #xyz tv2 fid bid
          -6.5625000000000000e+00   3.7500000000000000e+00   0.0000000000000000e+00 #xyz tv0
          -7.5000000000000000e+00   3.7500000000000000e+00   0.0000000000000000e+00 #xyz tv1
          -6.5625000000000000e+00   4.6875000000000000e+00   0.0000000000000000e+00 76 -1 #xyz tv2 fid bid
          -6.5625000000000000e+00   3.7500000000000000e+00   0.0000000000000000e+00 #xyz tv0
          -7.5000000000000000e+00   3.7500000000000000e+00   0.0000000000000000e+00 #xyz tv1
          -6.5625000000000000e+00   4.6875000000000000e+00   0.0000000000000000e+00 112 -1 #xyz tv2 fid bid
          -7.5000000000000000e+00   3.7500000000000000e+00   0.0000000000000000e+00 #xyz ev0
          -6.5625000000000000e+00   3.7500000000000000e+00   0.0000000000000000e+00 -1 6 #xyz ev1 fid bid
   0   0.000000000000e+00   0.000000000000e+00   0.000000000000e+00 #flag location
END_ERR 
BEGIN_ERR 
26 Small mesh segment detected on body : Substrate
 Small mesh segment detected on body : Substrate 
 Segment Statistics - Number of Segments : 1 --- Segment length(s) : 0.937500mm. The cutoff frequency for S-Matrix Only Solve is 18.142850278383MHz 
4 -1  8  76  112  # nfids, fids[]
2 6  -1  # nbids, bids[]
      5 6 1 0 #ntets ntri ned npts
           4.6875000000000000e+00  -7.5000000000000000e+00   1.9050000000000000e-01 #xyz tv0
           4.6875000000000000e+00  -6.5625000000000000e+00   0.0000000000000000e+00 #xyz tv1
           4.6875000000000000e+00  -7.5000000000000000e+00   0.0000000000000000e+00 #xyz tv2
           5.6250000000000000e+00  -7.5000000000000000e+00   0.0000000000000000e+00 -1 6 #xyz tv3 fid bid
           4.6875000000000000e+00  -7.5000000000000000e+00   1.9050000000000000e-01 #xyz tv0
           4.6875000000000000e+00  -7.5000000000000000e+00   0.0000000000000000e+00 #xyz tv1
           4.6875000000000000e+00  -6.5625000000000000e+00   0.0000000000000000e+00 #xyz tv2
           4.2397777562778174e+00  -7.1153690123903104e+00   2.9992507416584135e-01 -1 6 #xyz tv3 fid bid
           4.6875000000000000e+00  -6.5625000000000000e+00   0.0000000000000000e+00 #xyz tv0
           4.6875000000000000e+00  -7.5000000000000000e+00   0.0000000000000000e+00 #xyz tv1
           3.7500000000000000e+00  -7.5000000000000000e+00   0.0000000000000000e+00 #xyz tv2
           4.2397777562778174e+00  -7.1153690123903104e+00   2.9992507416584135e-01 -1 6 #xyz tv3 fid bid
           4.6875000000000000e+00  -7.5000000000000000e+00   0.0000000000000000e+00 #xyz tv0
           5.1639473232068509e+00  -5.9379405643982048e+00  -1.9143747068814676e+00 #xyz tv1
           4.6875000000000000e+00  -6.5625000000000000e+00   0.0000000000000000e+00 #xyz tv2
           3.7500000000000000e+00  -7.5000000000000000e+00   0.0000000000000000e+00 -1 6 #xyz tv3 fid bid
           4.6875000000000000e+00  -7.5000000000000000e+00   0.0000000000000000e+00 #xyz tv0
           4.6875000000000000e+00  -6.5625000000000000e+00   0.0000000000000000e+00 #xyz tv1
           5.1639473232068509e+00  -5.9379405643982048e+00  -1.9143747068814676e+00 #xyz tv2
           5.6250000000000000e+00  -7.5000000000000000e+00   0.0000000000000000e+00 -1 6 #xyz tv3 fid bid
           5.6250000000000000e+00  -7.5000000000000000e+00   0.0000000000000000e+00 #xyz tv0
           4.6875000000000000e+00  -7.5000000000000000e+00   0.0000000000000000e+00 #xyz tv1
           4.6875000000000000e+00  -6.5625000000000000e+00   0.0000000000000000e+00 8 -1 #xyz tv2 fid bid
           5.6250000000000000e+00  -7.5000000000000000e+00   0.0000000000000000e+00 #xyz tv0
           4.6875000000000000e+00  -7.5000000000000000e+00   0.0000000000000000e+00 #xyz tv1
           4.6875000000000000e+00  -6.5625000000000000e+00   0.0000000000000000e+00 76 -1 #xyz tv2 fid bid
           5.6250000000000000e+00  -7.5000000000000000e+00   0.0000000000000000e+00 #xyz tv0
           4.6875000000000000e+00  -7.5000000000000000e+00   0.0000000000000000e+00 #xyz tv1
           4.6875000000000000e+00  -6.5625000000000000e+00   0.0000000000000000e+00 112 -1 #xyz tv2 fid bid
           4.6875000000000000e+00  -7.5000000000000000e+00   0.0000000000000000e+00 #xyz tv0
           3.7500000000000000e+00  -7.5000000000000000e+00   0.0000000000000000e+00 #xyz tv1
           4.6875000000000000e+00  -6.5625000000000000e+00   0.0000000000000000e+00 8 -1 #xyz tv2 fid bid
           4.6875000000000000e+00  -7.5000000000000000e+00   0.0000000000000000e+00 #xyz tv0
           3.7500000000000000e+00  -7.5000000000000000e+00   0.0000000000000000e+00 #xyz tv1
           4.6875000000000000e+00  -6.5625000000000000e+00   0.0000000000000000e+00 76 -1 #xyz tv2 fid bid
           4.6875000000000000e+00  -7.5000000000000000e+00   0.0000000000000000e+00 #xyz tv0
           3.7500000000000000e+00  -7.5000000000000000e+00   0.0000000000000000e+00 #xyz tv1
           4.6875000000000000e+00  -6.5625000000000000e+00   0.0000000000000000e+00 112 -1 #xyz tv2 fid bid
           4.6875000000000000e+00  -7.5000000000000000e+00   0.0000000000000000e+00 #xyz ev0
           4.6875000000000000e+00  -6.5625000000000000e+00   0.0000000000000000e+00 -1 6 #xyz ev1 fid bid
   0   0.000000000000e+00   0.000000000000e+00   0.000000000000e+00 #flag location
END_ERR 
G3dErrFileVersion 2025R1
FlagFileMetaData Begin
   Mesh Size - Setup1, Refinement, Pass #3, Freq. 1.000000e+10 :Title    
   Listing of mesh elements with poor quality. :ToolTip  
   hf3d :Author   
   1779613141 :TimeStamp
   mm :UnitName 
   1.0000000000000000e-03 :UnitConv
FlagFileMetaData End
BEGIN_ERR 
26 Small mesh segment detected on body : Substrate
 Small mesh segment detected on body : Substrate 
 Segment Statistics - Number of Segments : 1 --- Segment length(s) : 0.937500mm. The cutoff frequency for S-Matrix Only Solve is 18.142850278383MHz 
4 -1  8  76  112  # nfids, fids[]
2 6  -1  # nbids, bids[]
      6 6 1 0 #ntets ntri ned npts
          -7.0665923047474735e+00   4.1967159681370729e+00   3.8291191086116733e-01 #xyz tv0
          -6.5625000000000000e+00   3.7500000000000000e+00   0.0000000000000000e+00 #xyz tv1
          -7.5000000000000000e+00   3.7500000000000000e+00   0.0000000000000000e+00 #xyz tv2
          -7.5000000000000000e+00   3.7500000000000000e+00   3.8100000000000001e-01 -1 6 #xyz tv3 fid bid
          -7.0330510159862989e+00   3.2300923127941044e+00   2.7983049948571004e-01 #xyz tv0
          -7.5000000000000000e+00   3.7500000000000000e+00   0.0000000000000000e+00 #xyz tv1
          -6.5625000000000000e+00   3.7500000000000000e+00   0.0000000000000000e+00 #xyz tv2
          -7.5000000000000000e+00   3.7500000000000000e+00   3.8100000000000001e-01 -1 6 #xyz tv3 fid bid
          -7.0665923047474735e+00   4.1967159681370729e+00   3.8291191086116733e-01 #xyz tv0
          -7.5000000000000000e+00   3.7500000000000000e+00   0.0000000000000000e+00 #xyz tv1
          -6.5625000000000000e+00   3.7500000000000000e+00   0.0000000000000000e+00 #xyz tv2
          -6.5625000000000000e+00   4.6875000000000000e+00   0.0000000000000000e+00 -1 6 #xyz tv3 fid bid
          -7.0330510159862989e+00   3.2300923127941044e+00   2.7983049948571004e-01 #xyz tv0
          -6.5625000000000000e+00   3.7500000000000000e+00   0.0000000000000000e+00 #xyz tv1
          -7.5000000000000000e+00   3.7500000000000000e+00   0.0000000000000000e+00 #xyz tv2
          -6.5625000000000000e+00   2.8125000000000000e+00   0.0000000000000000e+00 -1 6 #xyz tv3 fid bid
          -6.5625000000000000e+00   3.7500000000000000e+00   0.0000000000000000e+00 #xyz tv0
          -6.9375000000000000e+00   3.8085937500000000e+00  -2.7540000000000000e+00 #xyz tv1
          -6.5625000000000000e+00   4.6875000000000000e+00   0.0000000000000000e+00 #xyz tv2
          -7.5000000000000000e+00   3.7500000000000000e+00   0.0000000000000000e+00 -1 6 #xyz tv3 fid bid
          -6.5625000000000000e+00   3.7500000000000000e+00   0.0000000000000000e+00 #xyz tv0
          -6.5625000000000000e+00   2.8125000000000000e+00   0.0000000000000000e+00 #xyz tv1
          -6.9375000000000000e+00   3.8085937500000000e+00  -2.7540000000000000e+00 #xyz tv2
          -7.5000000000000000e+00   3.7500000000000000e+00   0.0000000000000000e+00 -1 6 #xyz tv3 fid bid
          -7.5000000000000000e+00   3.7500000000000000e+00   0.0000000000000000e+00 #xyz tv0
          -6.5625000000000000e+00   3.7500000000000000e+00   0.0000000000000000e+00 #xyz tv1
          -6.5625000000000000e+00   2.8125000000000000e+00   0.0000000000000000e+00 8 -1 #xyz tv2 fid bid
          -7.5000000000000000e+00   3.7500000000000000e+00   0.0000000000000000e+00 #xyz tv0
          -6.5625000000000000e+00   3.7500000000000000e+00   0.0000000000000000e+00 #xyz tv1
          -6.5625000000000000e+00   2.8125000000000000e+00   0.0000000000000000e+00 76 -1 #xyz tv2 fid bid
          -7.5000000000000000e+00   3.7500000000000000e+00   0.0000000000000000e+00 #xyz tv0
          -6.5625000000000000e+00   3.7500000000000000e+00   0.0000000000000000e+00 #xyz tv1
          -6.5625000000000000e+00   2.8125000000000000e+00   0.0000000000000000e+00 112 -1 #xyz tv2 fid bid
          -6.5625000000000000e+00   3.7500000000000000e+00   0.0000000000000000e+00 #xyz tv0
          -7.5000000000000000e+00   3.7500000000000000e+00   0.0000000000000000e+00 #xyz tv1
          -6.5625000000000000e+00   4.6875000000000000e+00   0.0000000000000000e+00 8 -1 #xyz tv2 fid bid
          -6.5625000000000000e+00   3.7500000000000000e+00   0.0000000000000000e+00 #xyz tv0
          -7.5000000000000000e+00   3.7500000000000000e+00   0.0000000000000000e+00 #xyz tv1
          -6.5625000000000000e+00   4.6875000000000000e+00   0.0000000000000000e+00 76 -1 #xyz tv2 fid bid
          -6.5625000000000000e+00   3.7500000000000000e+00   0.0000000000000000e+00 #xyz tv0
          -7.5000000000000000e+00   3.7500000000000000e+00   0.0000000000000000e+00 #xyz tv1
          -6.5625000000000000e+00   4.6875000000000000e+00   0.0000000000000000e+00 112 -1 #xyz tv2 fid bid
          -7.5000000000000000e+00   3.7500000000000000e+00   0.0000000000000000e+00 #xyz ev0
          -6.5625000000000000e+00   3.7500000000000000e+00   0.0000000000000000e+00 -1 6 #xyz ev1 fid bid
   0   0.000000000000e+00   0.000000000000e+00   0.000000000000e+00 #flag location
END_ERR 
BEGIN_ERR 
26 Small mesh segment detected on body : Substrate
 Small mesh segment detected on body : Substrate 
 Segment Statistics - Number of Segments : 1 --- Segment length(s) : 0.937500mm. The cutoff frequency for S-Matrix Only Solve is 18.142850278383MHz 
4 -1  8  76  112  # nfids, fids[]
2 6  -1  # nbids, bids[]
      5 6 1 0 #ntets ntri ned npts
           4.6875000000000000e+00  -7.5000000000000000e+00   1.9050000000000000e-01 #xyz tv0
           4.6875000000000000e+00  -6.5625000000000000e+00   0.0000000000000000e+00 #xyz tv1
           4.6875000000000000e+00  -7.5000000000000000e+00   0.0000000000000000e+00 #xyz tv2
           5.6250000000000000e+00  -7.5000000000000000e+00   0.0000000000000000e+00 -1 6 #xyz tv3 fid bid
           4.6875000000000000e+00  -7.5000000000000000e+00   1.9050000000000000e-01 #xyz tv0
           4.6875000000000000e+00  -7.5000000000000000e+00   0.0000000000000000e+00 #xyz tv1
           4.6875000000000000e+00  -6.5625000000000000e+00   0.0000000000000000e+00 #xyz tv2
           4.2397777562778174e+00  -7.1153690123903113e+00   2.9992507416584135e-01 -1 6 #xyz tv3 fid bid
           4.6875000000000000e+00  -6.5625000000000000e+00   0.0000000000000000e+00 #xyz tv0
           4.6875000000000000e+00  -7.5000000000000000e+00   0.0000000000000000e+00 #xyz tv1
           3.7500000000000000e+00  -7.5000000000000000e+00   0.0000000000000000e+00 #xyz tv2
           4.2397777562778174e+00  -7.1153690123903113e+00   2.9992507416584135e-01 -1 6 #xyz tv3 fid bid
           4.6875000000000000e+00  -7.5000000000000000e+00   0.0000000000000000e+00 #xyz tv0
           5.1639473232068518e+00  -5.9379405643982057e+00  -1.9143747068814676e+00 #xyz tv1
           4.6875000000000000e+00  -6.5625000000000000e+00   0.0000000000000000e+00 #xyz tv2
           3.7500000000000000e+00  -7.5000000000000000e+00   0.0000000000000000e+00 -1 6 #xyz tv3 fid bid
           4.6875000000000000e+00  -7.5000000000000000e+00   0.0000000000000000e+00 #xyz tv0
           4.6875000000000000e+00  -6.5625000000000000e+00   0.0000000000000000e+00 #xyz tv1
           5.1639473232068518e+00  -5.9379405643982057e+00  -1.9143747068814676e+00 #xyz tv2
           5.6250000000000000e+00  -7.5000000000000000e+00   0.0000000000000000e+00 -1 6 #xyz tv3 fid bid
           5.6250000000000000e+00  -7.5000000000000000e+00   0.0000000000000000e+00 #xyz tv0
           4.6875000000000000e+00  -7.5000000000000000e+00   0.0000000000000000e+00 #xyz tv1
           4.6875000000000000e+00  -6.5625000000000000e+00   0.0000000000000000e+00 8 -1 #xyz tv2 fid bid
           5.6250000000000000e+00  -7.5000000000000000e+00   0.0000000000000000e+00 #xyz tv0
           4.6875000000000000e+00  -7.5000000000000000e+00   0.0000000000000000e+00 #xyz tv1
           4.6875000000000000e+00  -6.5625000000000000e+00   0.0000000000000000e+00 76 -1 #xyz tv2 fid bid
           5.6250000000000000e+00  -7.5000000000000000e+00   0.0000000000000000e+00 #xyz tv0
           4.6875000000000000e+00  -7.5000000000000000e+00   0.0000000000000000e+00 #xyz tv1
           4.6875000000000000e+00  -6.5625000000000000e+00   0.0000000000000000e+00 112 -1 #xyz tv2 fid bid
           4.6875000000000000e+00  -7.5000000000000000e+00   0.0000000000000000e+00 #xyz tv0
           3.7500000000000000e+00  -7.5000000000000000e+00   0.0000000000000000e+00 #xyz tv1
           4.6875000000000000e+00  -6.5625000000000000e+00   0.0000000000000000e+00 8 -1 #xyz tv2 fid bid
           4.6875000000000000e+00  -7.5000000000000000e+00   0.0000000000000000e+00 #xyz tv0
           3.7500000000000000e+00  -7.5000000000000000e+00   0.0000000000000000e+00 #xyz tv1
           4.6875000000000000e+00  -6.5625000000000000e+00   0.0000000000000000e+00 76 -1 #xyz tv2 fid bid
           4.6875000000000000e+00  -7.5000000000000000e+00   0.0000000000000000e+00 #xyz tv0
           3.7500000000000000e+00  -7.5000000000000000e+00   0.0000000000000000e+00 #xyz tv1
           4.6875000000000000e+00  -6.5625000000000000e+00   0.0000000000000000e+00 112 -1 #xyz tv2 fid bid
           4.6875000000000000e+00  -7.5000000000000000e+00   0.0000000000000000e+00 #xyz ev0
           4.6875000000000000e+00  -6.5625000000000000e+00   0.0000000000000000e+00 -1 6 #xyz ev1 fid bid
   0   0.000000000000e+00   0.000000000000e+00   0.000000000000e+00 #flag location
END_ERR 
BEGIN_ERR 
26 Small mesh segment detected on body : Substrate
 Small mesh segment detected on body : Substrate 
 Segment Statistics - Number of Segments : 1 --- Segment length(s) : 1.325825mm. The cutoff frequency for S-Matrix Only Solve is 18.142850278383MHz 
4 -1  8  76  112  # nfids, fids[]
2 6  -1  # nbids, bids[]
      4 6 1 0 #ntets ntri ned npts
           4.2397777562778174e+00  -7.1153690123903113e+00   2.9992507416584135e-01 #xyz tv0
           3.7500000000000000e+00  -6.5625000000000000e+00   0.0000000000000000e+00 #xyz tv1
           3.7500000000000000e+00  -7.5000000000000000e+00   0.0000000000000000e+00 #xyz tv2
           4.6875000000000000e+00  -6.5625000000000000e+00   0.0000000000000000e+00 -1 6 #xyz tv3 fid bid
           4.6875000000000000e+00  -6.5625000000000000e+00   0.0000000000000000e+00 #xyz tv0
           4.6875000000000000e+00  -7.5000000000000000e+00   0.0000000000000000e+00 #xyz tv1
           3.7500000000000000e+00  -7.5000000000000000e+00   0.0000000000000000e+00 #xyz tv2
           4.2397777562778174e+00  -7.1153690123903113e+00   2.9992507416584135e-01 -1 6 #xyz tv3 fid bid
           4.6875000000000000e+00  -7.5000000000000000e+00   0.0000000000000000e+00 #xyz tv0
           5.1639473232068518e+00  -5.9379405643982057e+00  -1.9143747068814676e+00 #xyz tv1
           4.6875000000000000e+00  -6.5625000000000000e+00   0.0000000000000000e+00 #xyz tv2
           3.7500000000000000e+00  -7.5000000000000000e+00   0.0000000000000000e+00 -1 6 #xyz tv3 fid bid
           3.7500000000000000e+00  -6.5625000000000000e+00   0.0000000000000000e+00 #xyz tv0
           4.6875000000000000e+00  -6.5625000000000000e+00   0.0000000000000000e+00 #xyz tv1
           5.1639473232068518e+00  -5.9379405643982057e+00  -1.9143747068814676e+00 #xyz tv2
           3.7500000000000000e+00  -7.5000000000000000e+00   0.0000000000000000e+00 -1 6 #xyz tv3 fid bid
           4.6875000000000000e+00  -7.5000000000000000e+00   0.0000000000000000e+00 #xyz tv0
           3.7500000000000000e+00  -7.5000000000000000e+00   0.0000000000000000e+00 #xyz tv1
           4.6875000000000000e+00  -6.5625000000000000e+00   0.0000000000000000e+00 8 -1 #xyz tv2 fid bid
           4.6875000000000000e+00  -7.5000000000000000e+00   0.0000000000000000e+00 #xyz tv0
           3.7500000000000000e+00  -7.5000000000000000e+00   0.0000000000000000e+00 #xyz tv1
           4.6875000000000000e+00  -6.5625000000000000e+00   0.0000000000000000e+00 76 -1 #xyz tv2 fid bid
           4.6875000000000000e+00  -7.5000000000000000e+00   0.0000000000000000e+00 #xyz tv0
           3.7500000000000000e+00  -7.5000000000000000e+00   0.0000000000000000e+00 #xyz tv1
           4.6875000000000000e+00  -6.5625000000000000e+00   0.0000000000000000e+00 112 -1 #xyz tv2 fid bid
           3.7500000000000000e+00  -7.5000000000000000e+00   0.0000000000000000e+00 #xyz tv0
           3.7500000000000000e+00  -6.5625000000000000e+00   0.0000000000000000e+00 #xyz tv1
           4.6875000000000000e+00  -6.5625000000000000e+00   0.0000000000000000e+00 8 -1 #xyz tv2 fid bid
           3.7500000000000000e+00  -7.5000000000000000e+00   0.0000000000000000e+00 #xyz tv0
           3.7500000000000000e+00  -6.5625000000000000e+00   0.0000000000000000e+00 #xyz tv1
           4.6875000000000000e+00  -6.5625000000000000e+00   0.0000000000000000e+00 76 -1 #xyz tv2 fid bid
           3.7500000000000000e+00  -7.5000000000000000e+00   0.0000000000000000e+00 #xyz tv0
           3.7500000000000000e+00  -6.5625000000000000e+00   0.0000000000000000e+00 #xyz tv1
           4.6875000000000000e+00  -6.5625000000000000e+00   0.0000000000000000e+00 112 -1 #xyz tv2 fid bid
           3.7500000000000000e+00  -7.5000000000000000e+00   0.0000000000000000e+00 #xyz ev0
           4.6875000000000000e+00  -6.5625000000000000e+00   0.0000000000000000e+00 -1 6 #xyz ev1 fid bid
   0   0.000000000000e+00   0.000000000000e+00   0.000000000000e+00 #flag location
END_ERR 
