G3dErrFileVersion 2025R1
FlagFileMetaData Begin
   Mesh Size - Setup1, Refinement, Pass #1, Freq. 1.100000e+10 :Title    
   Listing of mesh elements with poor quality. :ToolTip  
   hf3d :Author   
   1779015063 :TimeStamp
   mm :UnitName 
   1.0000000000000000e-03 :UnitConv
FlagFileMetaData End
BEGIN_ERR 
26 Small mesh segment detected on body : Substrate
 Small mesh segment detected on body : Substrate 
 Segment Statistics - Number of Segments : 1 --- Segment length(s) : 0.625000mm. The cutoff frequency for S-Matrix Only Solve is 18.142850278383MHz 
4 -1  8  76  112  # nfids, fids[]
2 6  -1  # nbids, bids[]
      5 6 1 0 #ntets ntri ned npts
          -6.2500000000000000e-01  -5.0000000000000000e+00   9.5250000000000001e-02 #xyz tv0
          -6.2500000000000000e-01  -4.3750000000000000e+00   0.0000000000000000e+00 #xyz tv1
          -6.2500000000000000e-01  -5.0000000000000000e+00   0.0000000000000000e+00 #xyz tv2
           0.0000000000000000e+00  -5.0000000000000000e+00   0.0000000000000000e+00 -1 6 #xyz tv3 fid bid
          -6.2500000000000000e-01  -5.0000000000000000e+00   9.5250000000000001e-02 #xyz tv0
          -6.2500000000000000e-01  -5.0000000000000000e+00   0.0000000000000000e+00 #xyz tv1
          -6.2500000000000000e-01  -4.3750000000000000e+00   0.0000000000000000e+00 #xyz tv2
          -1.2500000000000000e+00  -5.0000000000000000e+00   1.9050000000000000e-01 -1 6 #xyz tv3 fid bid
          -6.2500000000000000e-01  -5.0000000000000000e+00   0.0000000000000000e+00 #xyz tv0
          -6.2500000000000000e-01  -4.3750000000000000e+00   0.0000000000000000e+00 #xyz tv1
          -1.5277777777777776e-01  -5.5000000000000000e+00  -1.8537430085234756e+00 #xyz tv2
           0.0000000000000000e+00  -5.0000000000000000e+00   0.0000000000000000e+00 -1 6 #xyz tv3 fid bid
          -6.2500000000000000e-01  -5.0000000000000000e+00   0.0000000000000000e+00 #xyz tv0
          -6.2500000000000000e-01  -4.3750000000000000e+00   0.0000000000000000e+00 #xyz tv1
          -1.2500000000000000e+00  -5.0000000000000000e+00   1.9050000000000000e-01 #xyz tv2
          -1.2500000000000000e+00  -5.0000000000000000e+00   0.0000000000000000e+00 -1 6 #xyz tv3 fid bid
          -6.2500000000000000e-01  -5.0000000000000000e+00   0.0000000000000000e+00 #xyz tv0
          -1.5277777777777776e-01  -5.5000000000000000e+00  -1.8537430085234756e+00 #xyz tv1
          -6.2500000000000000e-01  -4.3750000000000000e+00   0.0000000000000000e+00 #xyz tv2
          -1.2500000000000000e+00  -5.0000000000000000e+00   0.0000000000000000e+00 -1 6 #xyz tv3 fid bid
           0.0000000000000000e+00  -5.0000000000000000e+00   0.0000000000000000e+00 #xyz tv0
          -6.2500000000000000e-01  -5.0000000000000000e+00   0.0000000000000000e+00 #xyz tv1
          -6.2500000000000000e-01  -4.3750000000000000e+00   0.0000000000000000e+00 8 -1 #xyz tv2 fid bid
           0.0000000000000000e+00  -5.0000000000000000e+00   0.0000000000000000e+00 #xyz tv0
          -6.2500000000000000e-01  -5.0000000000000000e+00   0.0000000000000000e+00 #xyz tv1
          -6.2500000000000000e-01  -4.3750000000000000e+00   0.0000000000000000e+00 76 -1 #xyz tv2 fid bid
           0.0000000000000000e+00  -5.0000000000000000e+00   0.0000000000000000e+00 #xyz tv0
          -6.2500000000000000e-01  -5.0000000000000000e+00   0.0000000000000000e+00 #xyz tv1
          -6.2500000000000000e-01  -4.3750000000000000e+00   0.0000000000000000e+00 112 -1 #xyz tv2 fid bid
          -6.2500000000000000e-01  -5.0000000000000000e+00   0.0000000000000000e+00 #xyz tv0
          -1.2500000000000000e+00  -5.0000000000000000e+00   0.0000000000000000e+00 #xyz tv1
          -6.2500000000000000e-01  -4.3750000000000000e+00   0.0000000000000000e+00 8 -1 #xyz tv2 fid bid
          -6.2500000000000000e-01  -5.0000000000000000e+00   0.0000000000000000e+00 #xyz tv0
          -1.2500000000000000e+00  -5.0000000000000000e+00   0.0000000000000000e+00 #xyz tv1
          -6.2500000000000000e-01  -4.3750000000000000e+00   0.0000000000000000e+00 76 -1 #xyz tv2 fid bid
          -6.2500000000000000e-01  -5.0000000000000000e+00   0.0000000000000000e+00 #xyz tv0
          -1.2500000000000000e+00  -5.0000000000000000e+00   0.0000000000000000e+00 #xyz tv1
          -6.2500000000000000e-01  -4.3750000000000000e+00   0.0000000000000000e+00 112 -1 #xyz tv2 fid bid
          -6.2500000000000000e-01  -5.0000000000000000e+00   0.0000000000000000e+00 #xyz ev0
          -6.2500000000000000e-01  -4.3750000000000000e+00   0.0000000000000000e+00 -1 6 #xyz ev1 fid bid
   0   0.000000000000e+00   0.000000000000e+00   0.000000000000e+00 #flag location
END_ERR 
G3dErrFileVersion 2025R1
FlagFileMetaData Begin
   Mesh Size - Setup1, Refinement, Pass #2, Freq. 1.100000e+10 :Title    
   Listing of mesh elements with poor quality. :ToolTip  
   hf3d :Author   
   1779015068 :TimeStamp
   mm :UnitName 
   1.0000000000000000e-03 :UnitConv
FlagFileMetaData End
BEGIN_ERR 
26 Small mesh segment detected on body : Substrate
 Small mesh segment detected on body : Substrate 
 Segment Statistics - Number of Segments : 1 --- Segment length(s) : 0.625000mm. The cutoff frequency for S-Matrix Only Solve is 18.142850278383MHz 
4 -1  8  76  112  # nfids, fids[]
2 6  -1  # nbids, bids[]
      5 6 1 0 #ntets ntri ned npts
          -6.2500000000000000e-01  -5.0000000000000000e+00   9.5250000000000001e-02 #xyz tv0
          -6.2500000000000000e-01  -4.3750000000000000e+00   0.0000000000000000e+00 #xyz tv1
          -6.2500000000000000e-01  -5.0000000000000000e+00   0.0000000000000000e+00 #xyz tv2
           0.0000000000000000e+00  -5.0000000000000000e+00   0.0000000000000000e+00 -1 6 #xyz tv3 fid bid
          -6.2500000000000000e-01  -5.0000000000000000e+00   9.5250000000000001e-02 #xyz tv0
          -6.2500000000000000e-01  -5.0000000000000000e+00   0.0000000000000000e+00 #xyz tv1
          -6.2500000000000000e-01  -4.3750000000000000e+00   0.0000000000000000e+00 #xyz tv2
          -1.2500000000000000e+00  -5.0000000000000000e+00   1.9050000000000000e-01 -1 6 #xyz tv3 fid bid
          -6.2500000000000000e-01  -5.0000000000000000e+00   0.0000000000000000e+00 #xyz tv0
          -6.2500000000000000e-01  -4.3750000000000000e+00   0.0000000000000000e+00 #xyz tv1
          -1.5277777777777776e-01  -5.5000000000000000e+00  -1.8537430085234756e+00 #xyz tv2
           0.0000000000000000e+00  -5.0000000000000000e+00   0.0000000000000000e+00 -1 6 #xyz tv3 fid bid
          -6.2500000000000000e-01  -5.0000000000000000e+00   0.0000000000000000e+00 #xyz tv0
          -6.2500000000000000e-01  -4.3750000000000000e+00   0.0000000000000000e+00 #xyz tv1
          -1.2500000000000000e+00  -5.0000000000000000e+00   1.9050000000000000e-01 #xyz tv2
          -1.2500000000000000e+00  -5.0000000000000000e+00   0.0000000000000000e+00 -1 6 #xyz tv3 fid bid
          -6.2500000000000000e-01  -5.0000000000000000e+00   0.0000000000000000e+00 #xyz tv0
          -1.5277777777777776e-01  -5.5000000000000000e+00  -1.8537430085234756e+00 #xyz tv1
          -6.2500000000000000e-01  -4.3750000000000000e+00   0.0000000000000000e+00 #xyz tv2
          -1.2500000000000000e+00  -5.0000000000000000e+00   0.0000000000000000e+00 -1 6 #xyz tv3 fid bid
           0.0000000000000000e+00  -5.0000000000000000e+00   0.0000000000000000e+00 #xyz tv0
          -6.2500000000000000e-01  -5.0000000000000000e+00   0.0000000000000000e+00 #xyz tv1
          -6.2500000000000000e-01  -4.3750000000000000e+00   0.0000000000000000e+00 8 -1 #xyz tv2 fid bid
           0.0000000000000000e+00  -5.0000000000000000e+00   0.0000000000000000e+00 #xyz tv0
          -6.2500000000000000e-01  -5.0000000000000000e+00   0.0000000000000000e+00 #xyz tv1
          -6.2500000000000000e-01  -4.3750000000000000e+00   0.0000000000000000e+00 76 -1 #xyz tv2 fid bid
           0.0000000000000000e+00  -5.0000000000000000e+00   0.0000000000000000e+00 #xyz tv0
          -6.2500000000000000e-01  -5.0000000000000000e+00   0.0000000000000000e+00 #xyz tv1
          -6.2500000000000000e-01  -4.3750000000000000e+00   0.0000000000000000e+00 112 -1 #xyz tv2 fid bid
          -6.2500000000000000e-01  -5.0000000000000000e+00   0.0000000000000000e+00 #xyz tv0
          -1.2500000000000000e+00  -5.0000000000000000e+00   0.0000000000000000e+00 #xyz tv1
          -6.2500000000000000e-01  -4.3750000000000000e+00   0.0000000000000000e+00 8 -1 #xyz tv2 fid bid
          -6.2500000000000000e-01  -5.0000000000000000e+00   0.0000000000000000e+00 #xyz tv0
          -1.2500000000000000e+00  -5.0000000000000000e+00   0.0000000000000000e+00 #xyz tv1
          -6.2500000000000000e-01  -4.3750000000000000e+00   0.0000000000000000e+00 76 -1 #xyz tv2 fid bid
          -6.2500000000000000e-01  -5.0000000000000000e+00   0.0000000000000000e+00 #xyz tv0
          -1.2500000000000000e+00  -5.0000000000000000e+00   0.0000000000000000e+00 #xyz tv1
          -6.2500000000000000e-01  -4.3750000000000000e+00   0.0000000000000000e+00 112 -1 #xyz tv2 fid bid
          -6.2500000000000000e-01  -5.0000000000000000e+00   0.0000000000000000e+00 #xyz ev0
          -6.2500000000000000e-01  -4.3750000000000000e+00   0.0000000000000000e+00 -1 6 #xyz ev1 fid bid
   0   0.000000000000e+00   0.000000000000e+00   0.000000000000e+00 #flag location
END_ERR 
G3dErrFileVersion 2025R1
FlagFileMetaData Begin
   Mesh Size - Setup1, Refinement, Pass #3, Freq. 1.100000e+10 :Title    
   Listing of mesh elements with poor quality. :ToolTip  
   hf3d :Author   
   1779015073 :TimeStamp
   mm :UnitName 
   1.0000000000000000e-03 :UnitConv
FlagFileMetaData End
BEGIN_ERR 
26 Small mesh segment detected on body : Substrate
 Small mesh segment detected on body : Substrate 
 Segment Statistics - Number of Segments : 1 --- Segment length(s) : 0.095250mm. The cutoff frequency for S-Matrix Only Solve is 18.142850278383MHz 
3 -1  9  77  # nfids, fids[]
2 6  -1  # nbids, bids[]
      5 4 1 0 #ntets ntri ned npts
          -1.8750000000000000e+00  -5.0000000000000000e+00   9.5250000000000001e-02 #xyz tv0
          -1.2500000000000000e+00  -5.0000000000000000e+00   0.0000000000000000e+00 #xyz tv1
          -1.8750000000000000e+00  -4.3750000000000000e+00   0.0000000000000000e+00 #xyz tv2
          -1.8750000000000000e+00  -5.0000000000000000e+00   0.0000000000000000e+00 -1 6 #xyz tv3 fid bid
          -1.8750000000000000e+00  -5.0000000000000000e+00   9.5250000000000001e-02 #xyz tv0
          -1.8750000000000000e+00  -5.0000000000000000e+00   0.0000000000000000e+00 #xyz tv1
          -1.8750000000000000e+00  -4.3750000000000000e+00   0.0000000000000000e+00 #xyz tv2
          -2.5000000000000000e+00  -5.0000000000000000e+00   0.0000000000000000e+00 -1 6 #xyz tv3 fid bid
          -1.8750000000000000e+00  -5.0000000000000000e+00   9.5250000000000001e-02 #xyz tv0
          -2.7466992455418382e-01  -5.5000000000000000e+00   2.2191033671804122e-01 #xyz tv1
          -1.2500000000000000e+00  -5.0000000000000000e+00   0.0000000000000000e+00 #xyz tv2
          -1.8750000000000000e+00  -5.0000000000000000e+00   0.0000000000000000e+00 -1 6 #xyz tv3 fid bid
          -2.7466992455418382e-01  -5.5000000000000000e+00   2.2191033671804122e-01 #xyz tv0
          -1.8750000000000000e+00  -5.0000000000000000e+00   9.5250000000000001e-02 #xyz tv1
          -2.7935516213229707e+00  -5.5000000000000000e+00  -9.1986710071876510e-01 #xyz tv2
          -1.8750000000000000e+00  -5.0000000000000000e+00   0.0000000000000000e+00 -1 6 #xyz tv3 fid bid
          -2.7935516213229707e+00  -5.5000000000000000e+00  -9.1986710071876510e-01 #xyz tv0
          -1.8750000000000000e+00  -5.0000000000000000e+00   9.5250000000000001e-02 #xyz tv1
          -2.5000000000000000e+00  -5.0000000000000000e+00   0.0000000000000000e+00 #xyz tv2
          -1.8750000000000000e+00  -5.0000000000000000e+00   0.0000000000000000e+00 -1 6 #xyz tv3 fid bid
          -1.8750000000000000e+00  -5.0000000000000000e+00   9.5250000000000001e-02 #xyz tv0
          -2.5000000000000000e+00  -5.0000000000000000e+00   0.0000000000000000e+00 #xyz tv1
          -1.8750000000000000e+00  -5.0000000000000000e+00   0.0000000000000000e+00 9 -1 #xyz tv2 fid bid
          -1.8750000000000000e+00  -5.0000000000000000e+00   9.5250000000000001e-02 #xyz tv0
          -2.5000000000000000e+00  -5.0000000000000000e+00   0.0000000000000000e+00 #xyz tv1
          -1.8750000000000000e+00  -5.0000000000000000e+00   0.0000000000000000e+00 77 -1 #xyz tv2 fid bid
          -1.2500000000000000e+00  -5.0000000000000000e+00   0.0000000000000000e+00 #xyz tv0
          -1.8750000000000000e+00  -5.0000000000000000e+00   9.5250000000000001e-02 #xyz tv1
          -1.8750000000000000e+00  -5.0000000000000000e+00   0.0000000000000000e+00 9 -1 #xyz tv2 fid bid
          -1.2500000000000000e+00  -5.0000000000000000e+00   0.0000000000000000e+00 #xyz tv0
          -1.8750000000000000e+00  -5.0000000000000000e+00   9.5250000000000001e-02 #xyz tv1
          -1.8750000000000000e+00  -5.0000000000000000e+00   0.0000000000000000e+00 77 -1 #xyz tv2 fid bid
          -1.8750000000000000e+00  -5.0000000000000000e+00   0.0000000000000000e+00 #xyz ev0
          -1.8750000000000000e+00  -5.0000000000000000e+00   9.5250000000000001e-02 -1 6 #xyz ev1 fid bid
   0   0.000000000000e+00   0.000000000000e+00   0.000000000000e+00 #flag location
END_ERR 
BEGIN_ERR 
26 Small mesh segment detected on body : Substrate
 Small mesh segment detected on body : Substrate 
 Segment Statistics - Number of Segments : 1 --- Segment length(s) : 0.625000mm. The cutoff frequency for S-Matrix Only Solve is 18.142850278383MHz 
4 -1  8  76  112  # nfids, fids[]
2 6  -1  # nbids, bids[]
      5 6 1 0 #ntets ntri ned npts
           5.0000000000000000e+00   6.2500000000000000e-01   9.5250000000000001e-02 #xyz tv0
           5.0000000000000000e+00   6.2500000000000000e-01   0.0000000000000000e+00 #xyz tv1
           4.3750000000000000e+00   6.2500000000000000e-01   0.0000000000000000e+00 #xyz tv2
           5.0000000000000000e+00   0.0000000000000000e+00   0.0000000000000000e+00 -1 6 #xyz tv3 fid bid
           5.0000000000000000e+00   6.2500000000000000e-01   9.5250000000000001e-02 #xyz tv0
           5.0000000000000000e+00   1.2500000000000000e+00   0.0000000000000000e+00 #xyz tv1
           4.3750000000000000e+00   6.2500000000000000e-01   0.0000000000000000e+00 #xyz tv2
           5.0000000000000000e+00   6.2500000000000000e-01   0.0000000000000000e+00 -1 6 #xyz tv3 fid bid
           4.3750000000000000e+00   6.2500000000000000e-01   0.0000000000000000e+00 #xyz tv0
           5.0000000000000000e+00   6.2500000000000000e-01   0.0000000000000000e+00 #xyz tv1
           5.5000000000000000e+00   1.4795719526771389e-02  -2.2129292574209893e+00 #xyz tv2
           5.0000000000000000e+00   0.0000000000000000e+00   0.0000000000000000e+00 -1 6 #xyz tv3 fid bid
           5.0000000000000000e+00   6.2500000000000000e-01   0.0000000000000000e+00 #xyz tv0
           4.3750000000000000e+00   6.2500000000000000e-01   0.0000000000000000e+00 #xyz tv1
           5.5000000000000000e+00   9.7060964422661100e-01  -7.0314474018080664e-01 #xyz tv2
           5.0000000000000000e+00   1.2500000000000000e+00   0.0000000000000000e+00 -1 6 #xyz tv3 fid bid
           4.3750000000000000e+00   6.2500000000000000e-01   0.0000000000000000e+00 #xyz tv0
           5.5000000000000000e+00   1.4795719526771389e-02  -2.2129292574209893e+00 #xyz tv1
           5.0000000000000000e+00   6.2500000000000000e-01   0.0000000000000000e+00 #xyz tv2
           5.5000000000000000e+00   9.7060964422661100e-01  -7.0314474018080664e-01 -1 6 #xyz tv3 fid bid
           5.0000000000000000e+00   1.2500000000000000e+00   0.0000000000000000e+00 #xyz tv0
           5.0000000000000000e+00   6.2500000000000000e-01   0.0000000000000000e+00 #xyz tv1
           4.3750000000000000e+00   6.2500000000000000e-01   0.0000000000000000e+00 8 -1 #xyz tv2 fid bid
           5.0000000000000000e+00   1.2500000000000000e+00   0.0000000000000000e+00 #xyz tv0
           5.0000000000000000e+00   6.2500000000000000e-01   0.0000000000000000e+00 #xyz tv1
           4.3750000000000000e+00   6.2500000000000000e-01   0.0000000000000000e+00 76 -1 #xyz tv2 fid bid
           5.0000000000000000e+00   1.2500000000000000e+00   0.0000000000000000e+00 #xyz tv0
           5.0000000000000000e+00   6.2500000000000000e-01   0.0000000000000000e+00 #xyz tv1
           4.3750000000000000e+00   6.2500000000000000e-01   0.0000000000000000e+00 112 -1 #xyz tv2 fid bid
           5.0000000000000000e+00   6.2500000000000000e-01   0.0000000000000000e+00 #xyz tv0
           5.0000000000000000e+00   0.0000000000000000e+00   0.0000000000000000e+00 #xyz tv1
           4.3750000000000000e+00   6.2500000000000000e-01   0.0000000000000000e+00 8 -1 #xyz tv2 fid bid
           5.0000000000000000e+00   6.2500000000000000e-01   0.0000000000000000e+00 #xyz tv0
           5.0000000000000000e+00   0.0000000000000000e+00   0.0000000000000000e+00 #xyz tv1
           4.3750000000000000e+00   6.2500000000000000e-01   0.0000000000000000e+00 76 -1 #xyz tv2 fid bid
           5.0000000000000000e+00   6.2500000000000000e-01   0.0000000000000000e+00 #xyz tv0
           5.0000000000000000e+00   0.0000000000000000e+00   0.0000000000000000e+00 #xyz tv1
           4.3750000000000000e+00   6.2500000000000000e-01   0.0000000000000000e+00 112 -1 #xyz tv2 fid bid
           5.0000000000000000e+00   6.2500000000000000e-01   0.0000000000000000e+00 #xyz ev0
           4.3750000000000000e+00   6.2500000000000000e-01   0.0000000000000000e+00 -1 6 #xyz ev1 fid bid
   0   0.000000000000e+00   0.000000000000e+00   0.000000000000e+00 #flag location
END_ERR 
