G3dErrFileVersion 2025R1
FlagFileMetaData Begin
   Mesh Size - Setup1, Refinement, Pass #1, Freq. 1.100000e+10 :Title    
   Listing of mesh elements with poor quality. :ToolTip  
   hf3d :Author   
   1768245711 :TimeStamp
   mm :UnitName 
   1.0000000000000000e-03 :UnitConv
FlagFileMetaData End
BEGIN_ERR 
26 Small mesh segment detected on body : Substrate
 Small mesh segment detected on body : Substrate 
 Segment Statistics - Number of Segments : 1 --- Segment length(s) : 0.883883mm. The cutoff frequency for S-Matrix Only Solve is 18.142850278383MHz 
4 -1  8  76  112  # nfids, fids[]
2 6  -1  # nbids, bids[]
      5 6 1 0 #ntets ntri ned npts
          -1.2500000000000000e+00  -4.3750000000000000e+00   0.0000000000000000e+00 #xyz tv0
          -1.2500000000000000e+00  -5.0000000000000000e+00   1.9050000000000000e-01 #xyz tv1
          -6.2500000000000000e-01  -4.3750000000000000e+00   0.0000000000000000e+00 #xyz tv2
          -1.2500000000000000e+00  -5.0000000000000000e+00   0.0000000000000000e+00 -1 6 #xyz tv3 fid bid
          -6.2500000000000000e-01  -5.0000000000000000e+00   9.5250000000000001e-02 #xyz tv0
          -1.2500000000000000e+00  -5.0000000000000000e+00   0.0000000000000000e+00 #xyz tv1
          -6.2500000000000000e-01  -4.3750000000000000e+00   0.0000000000000000e+00 #xyz tv2
          -1.2500000000000000e+00  -5.0000000000000000e+00   1.9050000000000000e-01 -1 6 #xyz tv3 fid bid
          -1.3352001771328657e+00  -3.8189596667720171e+00  -1.2540425137026936e+00 #xyz tv0
          -6.2500000000000000e-01  -4.3750000000000000e+00   0.0000000000000000e+00 #xyz tv1
          -1.2500000000000000e+00  -5.0000000000000000e+00   0.0000000000000000e+00 #xyz tv2
          -1.2500000000000000e+00  -4.3750000000000000e+00   0.0000000000000000e+00 -1 6 #xyz tv3 fid bid
          -6.2500000000000000e-01  -5.0000000000000000e+00   9.5250000000000001e-02 #xyz tv0
          -6.2500000000000000e-01  -4.3750000000000000e+00   0.0000000000000000e+00 #xyz tv1
          -1.2500000000000000e+00  -5.0000000000000000e+00   0.0000000000000000e+00 #xyz tv2
          -6.2500000000000000e-01  -5.0000000000000000e+00   0.0000000000000000e+00 -1 6 #xyz tv3 fid bid
          -1.3352001771328657e+00  -3.8189596667720171e+00  -1.2540425137026936e+00 #xyz tv0
          -6.2500000000000000e-01  -4.3750000000000000e+00   0.0000000000000000e+00 #xyz tv1
          -6.2500000000000000e-01  -5.0000000000000000e+00   0.0000000000000000e+00 #xyz tv2
          -1.2500000000000000e+00  -5.0000000000000000e+00   0.0000000000000000e+00 -1 6 #xyz tv3 fid bid
          -6.2500000000000000e-01  -5.0000000000000000e+00   0.0000000000000000e+00 #xyz tv0
          -1.2500000000000000e+00  -5.0000000000000000e+00   0.0000000000000000e+00 #xyz tv1
          -6.2500000000000000e-01  -4.3750000000000000e+00   0.0000000000000000e+00 8 -1 #xyz tv2 fid bid
          -6.2500000000000000e-01  -5.0000000000000000e+00   0.0000000000000000e+00 #xyz tv0
          -1.2500000000000000e+00  -5.0000000000000000e+00   0.0000000000000000e+00 #xyz tv1
          -6.2500000000000000e-01  -4.3750000000000000e+00   0.0000000000000000e+00 76 -1 #xyz tv2 fid bid
          -6.2500000000000000e-01  -5.0000000000000000e+00   0.0000000000000000e+00 #xyz tv0
          -1.2500000000000000e+00  -5.0000000000000000e+00   0.0000000000000000e+00 #xyz tv1
          -6.2500000000000000e-01  -4.3750000000000000e+00   0.0000000000000000e+00 112 -1 #xyz tv2 fid bid
          -1.2500000000000000e+00  -5.0000000000000000e+00   0.0000000000000000e+00 #xyz tv0
          -1.2500000000000000e+00  -4.3750000000000000e+00   0.0000000000000000e+00 #xyz tv1
          -6.2500000000000000e-01  -4.3750000000000000e+00   0.0000000000000000e+00 8 -1 #xyz tv2 fid bid
          -1.2500000000000000e+00  -5.0000000000000000e+00   0.0000000000000000e+00 #xyz tv0
          -1.2500000000000000e+00  -4.3750000000000000e+00   0.0000000000000000e+00 #xyz tv1
          -6.2500000000000000e-01  -4.3750000000000000e+00   0.0000000000000000e+00 76 -1 #xyz tv2 fid bid
          -1.2500000000000000e+00  -5.0000000000000000e+00   0.0000000000000000e+00 #xyz tv0
          -1.2500000000000000e+00  -4.3750000000000000e+00   0.0000000000000000e+00 #xyz tv1
          -6.2500000000000000e-01  -4.3750000000000000e+00   0.0000000000000000e+00 112 -1 #xyz tv2 fid bid
          -1.2500000000000000e+00  -5.0000000000000000e+00   0.0000000000000000e+00 #xyz ev0
          -6.2500000000000000e-01  -4.3750000000000000e+00   0.0000000000000000e+00 -1 6 #xyz ev1 fid bid
   0   0.000000000000e+00   0.000000000000e+00   0.000000000000e+00 #flag location
END_ERR 
G3dErrFileVersion 2025R1
FlagFileMetaData Begin
   Mesh Size - Setup1, Refinement, Pass #2, Freq. 1.100000e+10 :Title    
   Listing of mesh elements with poor quality. :ToolTip  
   hf3d :Author   
   1768245716 :TimeStamp
   mm :UnitName 
   1.0000000000000000e-03 :UnitConv
FlagFileMetaData End
BEGIN_ERR 
26 Small mesh segment detected on body : Substrate
 Small mesh segment detected on body : Substrate 
 Segment Statistics - Number of Segments : 1 --- Segment length(s) : 0.883883mm. The cutoff frequency for S-Matrix Only Solve is 18.142850278383MHz 
4 -1  8  76  112  # nfids, fids[]
2 6  -1  # nbids, bids[]
      5 6 1 0 #ntets ntri ned npts
          -1.2500000000000000e+00  -4.3750000000000000e+00   0.0000000000000000e+00 #xyz tv0
          -1.2500000000000000e+00  -5.0000000000000000e+00   1.9050000000000000e-01 #xyz tv1
          -6.2500000000000000e-01  -4.3750000000000000e+00   0.0000000000000000e+00 #xyz tv2
          -1.2500000000000000e+00  -5.0000000000000000e+00   0.0000000000000000e+00 -1 6 #xyz tv3 fid bid
          -6.2500000000000000e-01  -5.0000000000000000e+00   9.5250000000000001e-02 #xyz tv0
          -1.2500000000000000e+00  -5.0000000000000000e+00   0.0000000000000000e+00 #xyz tv1
          -6.2500000000000000e-01  -4.3750000000000000e+00   0.0000000000000000e+00 #xyz tv2
          -1.2500000000000000e+00  -5.0000000000000000e+00   1.9050000000000000e-01 -1 6 #xyz tv3 fid bid
          -1.3352001771328657e+00  -3.8189596667720171e+00  -1.2540425137026936e+00 #xyz tv0
          -6.2500000000000000e-01  -4.3750000000000000e+00   0.0000000000000000e+00 #xyz tv1
          -1.2500000000000000e+00  -5.0000000000000000e+00   0.0000000000000000e+00 #xyz tv2
          -1.2500000000000000e+00  -4.3750000000000000e+00   0.0000000000000000e+00 -1 6 #xyz tv3 fid bid
          -6.2500000000000000e-01  -5.0000000000000000e+00   9.5250000000000001e-02 #xyz tv0
          -6.2500000000000000e-01  -4.3750000000000000e+00   0.0000000000000000e+00 #xyz tv1
          -1.2500000000000000e+00  -5.0000000000000000e+00   0.0000000000000000e+00 #xyz tv2
          -6.2500000000000000e-01  -5.0000000000000000e+00   0.0000000000000000e+00 -1 6 #xyz tv3 fid bid
          -1.3352001771328657e+00  -3.8189596667720171e+00  -1.2540425137026936e+00 #xyz tv0
          -6.2500000000000000e-01  -4.3750000000000000e+00   0.0000000000000000e+00 #xyz tv1
          -6.2500000000000000e-01  -5.0000000000000000e+00   0.0000000000000000e+00 #xyz tv2
          -1.2500000000000000e+00  -5.0000000000000000e+00   0.0000000000000000e+00 -1 6 #xyz tv3 fid bid
          -6.2500000000000000e-01  -5.0000000000000000e+00   0.0000000000000000e+00 #xyz tv0
          -1.2500000000000000e+00  -5.0000000000000000e+00   0.0000000000000000e+00 #xyz tv1
          -6.2500000000000000e-01  -4.3750000000000000e+00   0.0000000000000000e+00 8 -1 #xyz tv2 fid bid
          -6.2500000000000000e-01  -5.0000000000000000e+00   0.0000000000000000e+00 #xyz tv0
          -1.2500000000000000e+00  -5.0000000000000000e+00   0.0000000000000000e+00 #xyz tv1
          -6.2500000000000000e-01  -4.3750000000000000e+00   0.0000000000000000e+00 76 -1 #xyz tv2 fid bid
          -6.2500000000000000e-01  -5.0000000000000000e+00   0.0000000000000000e+00 #xyz tv0
          -1.2500000000000000e+00  -5.0000000000000000e+00   0.0000000000000000e+00 #xyz tv1
          -6.2500000000000000e-01  -4.3750000000000000e+00   0.0000000000000000e+00 112 -1 #xyz tv2 fid bid
          -1.2500000000000000e+00  -5.0000000000000000e+00   0.0000000000000000e+00 #xyz tv0
          -1.2500000000000000e+00  -4.3750000000000000e+00   0.0000000000000000e+00 #xyz tv1
          -6.2500000000000000e-01  -4.3750000000000000e+00   0.0000000000000000e+00 8 -1 #xyz tv2 fid bid
          -1.2500000000000000e+00  -5.0000000000000000e+00   0.0000000000000000e+00 #xyz tv0
          -1.2500000000000000e+00  -4.3750000000000000e+00   0.0000000000000000e+00 #xyz tv1
          -6.2500000000000000e-01  -4.3750000000000000e+00   0.0000000000000000e+00 76 -1 #xyz tv2 fid bid
          -1.2500000000000000e+00  -5.0000000000000000e+00   0.0000000000000000e+00 #xyz tv0
          -1.2500000000000000e+00  -4.3750000000000000e+00   0.0000000000000000e+00 #xyz tv1
          -6.2500000000000000e-01  -4.3750000000000000e+00   0.0000000000000000e+00 112 -1 #xyz tv2 fid bid
          -1.2500000000000000e+00  -5.0000000000000000e+00   0.0000000000000000e+00 #xyz ev0
          -6.2500000000000000e-01  -4.3750000000000000e+00   0.0000000000000000e+00 -1 6 #xyz ev1 fid bid
   0   0.000000000000e+00   0.000000000000e+00   0.000000000000e+00 #flag location
END_ERR 
G3dErrFileVersion 2025R1
FlagFileMetaData Begin
   Mesh Size - Setup1, Refinement, Pass #3, Freq. 1.100000e+10 :Title    
   Listing of mesh elements with poor quality. :ToolTip  
   hf3d :Author   
   1768245723 :TimeStamp
   mm :UnitName 
   1.0000000000000000e-03 :UnitConv
FlagFileMetaData End
BEGIN_ERR 
26 Small mesh segment detected on body : Substrate
 Small mesh segment detected on body : Substrate 
 Segment Statistics - Number of Segments : 1 --- Segment length(s) : 0.883883mm. The cutoff frequency for S-Matrix Only Solve is 18.142850278383MHz 
4 -1  8  76  112  # nfids, fids[]
2 6  -1  # nbids, bids[]
      5 6 1 0 #ntets ntri ned npts
          -1.2500000000000000e+00  -4.3750000000000000e+00   0.0000000000000000e+00 #xyz tv0
          -1.2500000000000000e+00  -5.0000000000000000e+00   1.9050000000000000e-01 #xyz tv1
          -6.2500000000000000e-01  -4.3750000000000000e+00   0.0000000000000000e+00 #xyz tv2
          -1.2500000000000000e+00  -5.0000000000000000e+00   0.0000000000000000e+00 -1 6 #xyz tv3 fid bid
          -6.2500000000000000e-01  -5.0000000000000000e+00   9.5250000000000001e-02 #xyz tv0
          -1.2500000000000000e+00  -5.0000000000000000e+00   0.0000000000000000e+00 #xyz tv1
          -6.2500000000000000e-01  -4.3750000000000000e+00   0.0000000000000000e+00 #xyz tv2
          -1.2500000000000000e+00  -5.0000000000000000e+00   1.9050000000000000e-01 -1 6 #xyz tv3 fid bid
          -1.3352001771328657e+00  -3.8189596667720171e+00  -1.2540425137026936e+00 #xyz tv0
          -6.2500000000000000e-01  -4.3750000000000000e+00   0.0000000000000000e+00 #xyz tv1
          -1.2500000000000000e+00  -5.0000000000000000e+00   0.0000000000000000e+00 #xyz tv2
          -1.2500000000000000e+00  -4.3750000000000000e+00   0.0000000000000000e+00 -1 6 #xyz tv3 fid bid
          -6.2500000000000000e-01  -5.0000000000000000e+00   9.5250000000000001e-02 #xyz tv0
          -6.2500000000000000e-01  -4.3750000000000000e+00   0.0000000000000000e+00 #xyz tv1
          -1.2500000000000000e+00  -5.0000000000000000e+00   0.0000000000000000e+00 #xyz tv2
          -6.2500000000000000e-01  -5.0000000000000000e+00   0.0000000000000000e+00 -1 6 #xyz tv3 fid bid
          -1.3352001771328657e+00  -3.8189596667720171e+00  -1.2540425137026936e+00 #xyz tv0
          -6.2500000000000000e-01  -4.3750000000000000e+00   0.0000000000000000e+00 #xyz tv1
          -6.2500000000000000e-01  -5.0000000000000000e+00   0.0000000000000000e+00 #xyz tv2
          -1.2500000000000000e+00  -5.0000000000000000e+00   0.0000000000000000e+00 -1 6 #xyz tv3 fid bid
          -6.2500000000000000e-01  -5.0000000000000000e+00   0.0000000000000000e+00 #xyz tv0
          -1.2500000000000000e+00  -5.0000000000000000e+00   0.0000000000000000e+00 #xyz tv1
          -6.2500000000000000e-01  -4.3750000000000000e+00   0.0000000000000000e+00 8 -1 #xyz tv2 fid bid
          -6.2500000000000000e-01  -5.0000000000000000e+00   0.0000000000000000e+00 #xyz tv0
          -1.2500000000000000e+00  -5.0000000000000000e+00   0.0000000000000000e+00 #xyz tv1
          -6.2500000000000000e-01  -4.3750000000000000e+00   0.0000000000000000e+00 76 -1 #xyz tv2 fid bid
          -6.2500000000000000e-01  -5.0000000000000000e+00   0.0000000000000000e+00 #xyz tv0
          -1.2500000000000000e+00  -5.0000000000000000e+00   0.0000000000000000e+00 #xyz tv1
          -6.2500000000000000e-01  -4.3750000000000000e+00   0.0000000000000000e+00 112 -1 #xyz tv2 fid bid
          -1.2500000000000000e+00  -5.0000000000000000e+00   0.0000000000000000e+00 #xyz tv0
          -1.2500000000000000e+00  -4.3750000000000000e+00   0.0000000000000000e+00 #xyz tv1
          -6.2500000000000000e-01  -4.3750000000000000e+00   0.0000000000000000e+00 8 -1 #xyz tv2 fid bid
          -1.2500000000000000e+00  -5.0000000000000000e+00   0.0000000000000000e+00 #xyz tv0
          -1.2500000000000000e+00  -4.3750000000000000e+00   0.0000000000000000e+00 #xyz tv1
          -6.2500000000000000e-01  -4.3750000000000000e+00   0.0000000000000000e+00 76 -1 #xyz tv2 fid bid
          -1.2500000000000000e+00  -5.0000000000000000e+00   0.0000000000000000e+00 #xyz tv0
          -1.2500000000000000e+00  -4.3750000000000000e+00   0.0000000000000000e+00 #xyz tv1
          -6.2500000000000000e-01  -4.3750000000000000e+00   0.0000000000000000e+00 112 -1 #xyz tv2 fid bid
          -1.2500000000000000e+00  -5.0000000000000000e+00   0.0000000000000000e+00 #xyz ev0
          -6.2500000000000000e-01  -4.3750000000000000e+00   0.0000000000000000e+00 -1 6 #xyz ev1 fid bid
   0   0.000000000000e+00   0.000000000000e+00   0.000000000000e+00 #flag location
END_ERR 
BEGIN_ERR 
26 Small mesh segment detected on body : Substrate
 Small mesh segment detected on body : Substrate 
 Segment Statistics - Number of Segments : 1 --- Segment length(s) : 0.625000mm. The cutoff frequency for S-Matrix Only Solve is 18.142850278383MHz 
4 -1  8  76  112  # nfids, fids[]
2 6  -1  # nbids, bids[]
      5 6 1 0 #ntets ntri ned npts
          -1.8750000000000000e+00  -5.0000000000000000e+00   4.7625000000000001e-01 #xyz tv0
          -1.2500000000000000e+00  -4.3750000000000000e+00   0.0000000000000000e+00 #xyz tv1
          -1.2500000000000000e+00  -5.0000000000000000e+00   0.0000000000000000e+00 #xyz tv2
          -1.2500000000000000e+00  -5.0000000000000000e+00   1.9050000000000000e-01 -1 6 #xyz tv3 fid bid
          -1.8750000000000000e+00  -5.0000000000000000e+00   4.7625000000000001e-01 #xyz tv0
          -1.2500000000000000e+00  -5.0000000000000000e+00   0.0000000000000000e+00 #xyz tv1
          -1.2500000000000000e+00  -4.3750000000000000e+00   0.0000000000000000e+00 #xyz tv2
          -1.8750000000000000e+00  -4.3750000000000000e+00   0.0000000000000000e+00 -1 6 #xyz tv3 fid bid
          -1.2500000000000000e+00  -4.3750000000000000e+00   0.0000000000000000e+00 #xyz tv0
          -1.2500000000000000e+00  -5.0000000000000000e+00   1.9050000000000000e-01 #xyz tv1
          -6.2500000000000000e-01  -4.3750000000000000e+00   0.0000000000000000e+00 #xyz tv2
          -1.2500000000000000e+00  -5.0000000000000000e+00   0.0000000000000000e+00 -1 6 #xyz tv3 fid bid
          -1.3352001771328657e+00  -3.8189596667720171e+00  -1.2540425137026936e+00 #xyz tv0
          -1.2500000000000000e+00  -5.0000000000000000e+00   0.0000000000000000e+00 #xyz tv1
          -1.8750000000000000e+00  -4.3750000000000000e+00   0.0000000000000000e+00 #xyz tv2
          -1.2500000000000000e+00  -4.3750000000000000e+00   0.0000000000000000e+00 -1 6 #xyz tv3 fid bid
          -1.3352001771328657e+00  -3.8189596667720171e+00  -1.2540425137026936e+00 #xyz tv0
          -6.2500000000000000e-01  -4.3750000000000000e+00   0.0000000000000000e+00 #xyz tv1
          -1.2500000000000000e+00  -5.0000000000000000e+00   0.0000000000000000e+00 #xyz tv2
          -1.2500000000000000e+00  -4.3750000000000000e+00   0.0000000000000000e+00 -1 6 #xyz tv3 fid bid
          -1.2500000000000000e+00  -5.0000000000000000e+00   0.0000000000000000e+00 #xyz tv0
          -1.2500000000000000e+00  -4.3750000000000000e+00   0.0000000000000000e+00 #xyz tv1
          -6.2500000000000000e-01  -4.3750000000000000e+00   0.0000000000000000e+00 8 -1 #xyz tv2 fid bid
          -1.2500000000000000e+00  -5.0000000000000000e+00   0.0000000000000000e+00 #xyz tv0
          -1.2500000000000000e+00  -4.3750000000000000e+00   0.0000000000000000e+00 #xyz tv1
          -6.2500000000000000e-01  -4.3750000000000000e+00   0.0000000000000000e+00 76 -1 #xyz tv2 fid bid
          -1.2500000000000000e+00  -5.0000000000000000e+00   0.0000000000000000e+00 #xyz tv0
          -1.2500000000000000e+00  -4.3750000000000000e+00   0.0000000000000000e+00 #xyz tv1
          -6.2500000000000000e-01  -4.3750000000000000e+00   0.0000000000000000e+00 112 -1 #xyz tv2 fid bid
          -1.2500000000000000e+00  -4.3750000000000000e+00   0.0000000000000000e+00 #xyz tv0
          -1.2500000000000000e+00  -5.0000000000000000e+00   0.0000000000000000e+00 #xyz tv1
          -1.8750000000000000e+00  -4.3750000000000000e+00   0.0000000000000000e+00 8 -1 #xyz tv2 fid bid
          -1.2500000000000000e+00  -4.3750000000000000e+00   0.0000000000000000e+00 #xyz tv0
          -1.2500000000000000e+00  -5.0000000000000000e+00   0.0000000000000000e+00 #xyz tv1
          -1.8750000000000000e+00  -4.3750000000000000e+00   0.0000000000000000e+00 76 -1 #xyz tv2 fid bid
          -1.2500000000000000e+00  -4.3750000000000000e+00   0.0000000000000000e+00 #xyz tv0
          -1.2500000000000000e+00  -5.0000000000000000e+00   0.0000000000000000e+00 #xyz tv1
          -1.8750000000000000e+00  -4.3750000000000000e+00   0.0000000000000000e+00 112 -1 #xyz tv2 fid bid
          -1.2500000000000000e+00  -5.0000000000000000e+00   0.0000000000000000e+00 #xyz ev0
          -1.2500000000000000e+00  -4.3750000000000000e+00   0.0000000000000000e+00 -1 6 #xyz ev1 fid bid
   0   0.000000000000e+00   0.000000000000e+00   0.000000000000e+00 #flag location
END_ERR 
G3dErrFileVersion 2025R1
FlagFileMetaData Begin
   Mesh Size - Setup1, Refinement, Pass #4, Freq. 1.100000e+10 :Title    
   Listing of mesh elements with poor quality. :ToolTip  
   hf3d :Author   
   1768245732 :TimeStamp
   mm :UnitName 
   1.0000000000000000e-03 :UnitConv
FlagFileMetaData End
BEGIN_ERR 
26 Small mesh segment detected on body : Substrate
 Small mesh segment detected on body : Substrate 
 Segment Statistics - Number of Segments : 1 --- Segment length(s) : 0.883883mm. The cutoff frequency for S-Matrix Only Solve is 18.142850278383MHz 
4 -1  8  76  112  # nfids, fids[]
2 6  -1  # nbids, bids[]
      5 6 1 0 #ntets ntri ned npts
          -1.2500000000000000e+00  -4.3750000000000000e+00   0.0000000000000000e+00 #xyz tv0
          -1.2500000000000000e+00  -5.0000000000000000e+00   1.9050000000000000e-01 #xyz tv1
          -6.2500000000000000e-01  -4.3750000000000000e+00   0.0000000000000000e+00 #xyz tv2
          -1.2500000000000000e+00  -5.0000000000000000e+00   0.0000000000000000e+00 -1 6 #xyz tv3 fid bid
          -6.2500000000000000e-01  -5.0000000000000000e+00   9.5250000000000001e-02 #xyz tv0
          -1.2500000000000000e+00  -5.0000000000000000e+00   0.0000000000000000e+00 #xyz tv1
          -6.2500000000000000e-01  -4.3750000000000000e+00   0.0000000000000000e+00 #xyz tv2
          -1.2500000000000000e+00  -5.0000000000000000e+00   1.9050000000000000e-01 -1 6 #xyz tv3 fid bid
          -1.3352001771328657e+00  -3.8189596667720171e+00  -1.2540425137026936e+00 #xyz tv0
          -6.2500000000000000e-01  -4.3750000000000000e+00   0.0000000000000000e+00 #xyz tv1
          -1.2500000000000000e+00  -5.0000000000000000e+00   0.0000000000000000e+00 #xyz tv2
          -1.2500000000000000e+00  -4.3750000000000000e+00   0.0000000000000000e+00 -1 6 #xyz tv3 fid bid
          -6.2500000000000000e-01  -5.0000000000000000e+00   9.5250000000000001e-02 #xyz tv0
          -6.2500000000000000e-01  -4.3750000000000000e+00   0.0000000000000000e+00 #xyz tv1
          -1.2500000000000000e+00  -5.0000000000000000e+00   0.0000000000000000e+00 #xyz tv2
          -6.2500000000000000e-01  -5.0000000000000000e+00   0.0000000000000000e+00 -1 6 #xyz tv3 fid bid
          -1.3352001771328657e+00  -3.8189596667720171e+00  -1.2540425137026936e+00 #xyz tv0
          -6.2500000000000000e-01  -4.3750000000000000e+00   0.0000000000000000e+00 #xyz tv1
          -6.2500000000000000e-01  -5.0000000000000000e+00   0.0000000000000000e+00 #xyz tv2
          -1.2500000000000000e+00  -5.0000000000000000e+00   0.0000000000000000e+00 -1 6 #xyz tv3 fid bid
          -6.2500000000000000e-01  -5.0000000000000000e+00   0.0000000000000000e+00 #xyz tv0
          -1.2500000000000000e+00  -5.0000000000000000e+00   0.0000000000000000e+00 #xyz tv1
          -6.2500000000000000e-01  -4.3750000000000000e+00   0.0000000000000000e+00 8 -1 #xyz tv2 fid bid
          -6.2500000000000000e-01  -5.0000000000000000e+00   0.0000000000000000e+00 #xyz tv0
          -1.2500000000000000e+00  -5.0000000000000000e+00   0.0000000000000000e+00 #xyz tv1
          -6.2500000000000000e-01  -4.3750000000000000e+00   0.0000000000000000e+00 76 -1 #xyz tv2 fid bid
          -6.2500000000000000e-01  -5.0000000000000000e+00   0.0000000000000000e+00 #xyz tv0
          -1.2500000000000000e+00  -5.0000000000000000e+00   0.0000000000000000e+00 #xyz tv1
          -6.2500000000000000e-01  -4.3750000000000000e+00   0.0000000000000000e+00 112 -1 #xyz tv2 fid bid
          -1.2500000000000000e+00  -5.0000000000000000e+00   0.0000000000000000e+00 #xyz tv0
          -1.2500000000000000e+00  -4.3750000000000000e+00   0.0000000000000000e+00 #xyz tv1
          -6.2500000000000000e-01  -4.3750000000000000e+00   0.0000000000000000e+00 8 -1 #xyz tv2 fid bid
          -1.2500000000000000e+00  -5.0000000000000000e+00   0.0000000000000000e+00 #xyz tv0
          -1.2500000000000000e+00  -4.3750000000000000e+00   0.0000000000000000e+00 #xyz tv1
          -6.2500000000000000e-01  -4.3750000000000000e+00   0.0000000000000000e+00 76 -1 #xyz tv2 fid bid
          -1.2500000000000000e+00  -5.0000000000000000e+00   0.0000000000000000e+00 #xyz tv0
          -1.2500000000000000e+00  -4.3750000000000000e+00   0.0000000000000000e+00 #xyz tv1
          -6.2500000000000000e-01  -4.3750000000000000e+00   0.0000000000000000e+00 112 -1 #xyz tv2 fid bid
          -1.2500000000000000e+00  -5.0000000000000000e+00   0.0000000000000000e+00 #xyz ev0
          -6.2500000000000000e-01  -4.3750000000000000e+00   0.0000000000000000e+00 -1 6 #xyz ev1 fid bid
   0   0.000000000000e+00   0.000000000000e+00   0.000000000000e+00 #flag location
END_ERR 
BEGIN_ERR 
26 Small mesh segment detected on body : Substrate
 Small mesh segment detected on body : Substrate 
 Segment Statistics - Number of Segments : 1 --- Segment length(s) : 0.625000mm. The cutoff frequency for S-Matrix Only Solve is 18.142850278383MHz 
4 -1  8  76  112  # nfids, fids[]
2 6  -1  # nbids, bids[]
      5 6 1 0 #ntets ntri ned npts
          -1.8750000000000000e+00  -5.0000000000000000e+00   4.7625000000000001e-01 #xyz tv0
          -1.2500000000000000e+00  -4.3750000000000000e+00   0.0000000000000000e+00 #xyz tv1
          -1.2500000000000000e+00  -5.0000000000000000e+00   0.0000000000000000e+00 #xyz tv2
          -1.2500000000000000e+00  -5.0000000000000000e+00   1.9050000000000000e-01 -1 6 #xyz tv3 fid bid
          -1.8750000000000000e+00  -5.0000000000000000e+00   4.7625000000000001e-01 #xyz tv0
          -1.2500000000000000e+00  -5.0000000000000000e+00   0.0000000000000000e+00 #xyz tv1
          -1.2500000000000000e+00  -4.3750000000000000e+00   0.0000000000000000e+00 #xyz tv2
          -1.8750000000000000e+00  -4.3750000000000000e+00   0.0000000000000000e+00 -1 6 #xyz tv3 fid bid
          -1.2500000000000000e+00  -4.3750000000000000e+00   0.0000000000000000e+00 #xyz tv0
          -1.2500000000000000e+00  -5.0000000000000000e+00   1.9050000000000000e-01 #xyz tv1
          -6.2500000000000000e-01  -4.3750000000000000e+00   0.0000000000000000e+00 #xyz tv2
          -1.2500000000000000e+00  -5.0000000000000000e+00   0.0000000000000000e+00 -1 6 #xyz tv3 fid bid
          -1.3352001771328657e+00  -3.8189596667720171e+00  -1.2540425137026936e+00 #xyz tv0
          -1.2500000000000000e+00  -5.0000000000000000e+00   0.0000000000000000e+00 #xyz tv1
          -1.8750000000000000e+00  -4.3750000000000000e+00   0.0000000000000000e+00 #xyz tv2
          -1.2500000000000000e+00  -4.3750000000000000e+00   0.0000000000000000e+00 -1 6 #xyz tv3 fid bid
          -1.3352001771328657e+00  -3.8189596667720171e+00  -1.2540425137026936e+00 #xyz tv0
          -6.2500000000000000e-01  -4.3750000000000000e+00   0.0000000000000000e+00 #xyz tv1
          -1.2500000000000000e+00  -5.0000000000000000e+00   0.0000000000000000e+00 #xyz tv2
          -1.2500000000000000e+00  -4.3750000000000000e+00   0.0000000000000000e+00 -1 6 #xyz tv3 fid bid
          -1.2500000000000000e+00  -5.0000000000000000e+00   0.0000000000000000e+00 #xyz tv0
          -1.2500000000000000e+00  -4.3750000000000000e+00   0.0000000000000000e+00 #xyz tv1
          -6.2500000000000000e-01  -4.3750000000000000e+00   0.0000000000000000e+00 8 -1 #xyz tv2 fid bid
          -1.2500000000000000e+00  -5.0000000000000000e+00   0.0000000000000000e+00 #xyz tv0
          -1.2500000000000000e+00  -4.3750000000000000e+00   0.0000000000000000e+00 #xyz tv1
          -6.2500000000000000e-01  -4.3750000000000000e+00   0.0000000000000000e+00 76 -1 #xyz tv2 fid bid
          -1.2500000000000000e+00  -5.0000000000000000e+00   0.0000000000000000e+00 #xyz tv0
          -1.2500000000000000e+00  -4.3750000000000000e+00   0.0000000000000000e+00 #xyz tv1
          -6.2500000000000000e-01  -4.3750000000000000e+00   0.0000000000000000e+00 112 -1 #xyz tv2 fid bid
          -1.2500000000000000e+00  -4.3750000000000000e+00   0.0000000000000000e+00 #xyz tv0
          -1.2500000000000000e+00  -5.0000000000000000e+00   0.0000000000000000e+00 #xyz tv1
          -1.8750000000000000e+00  -4.3750000000000000e+00   0.0000000000000000e+00 8 -1 #xyz tv2 fid bid
          -1.2500000000000000e+00  -4.3750000000000000e+00   0.0000000000000000e+00 #xyz tv0
          -1.2500000000000000e+00  -5.0000000000000000e+00   0.0000000000000000e+00 #xyz tv1
          -1.8750000000000000e+00  -4.3750000000000000e+00   0.0000000000000000e+00 76 -1 #xyz tv2 fid bid
          -1.2500000000000000e+00  -4.3750000000000000e+00   0.0000000000000000e+00 #xyz tv0
          -1.2500000000000000e+00  -5.0000000000000000e+00   0.0000000000000000e+00 #xyz tv1
          -1.8750000000000000e+00  -4.3750000000000000e+00   0.0000000000000000e+00 112 -1 #xyz tv2 fid bid
          -1.2500000000000000e+00  -5.0000000000000000e+00   0.0000000000000000e+00 #xyz ev0
          -1.2500000000000000e+00  -4.3750000000000000e+00   0.0000000000000000e+00 -1 6 #xyz ev1 fid bid
   0   0.000000000000e+00   0.000000000000e+00   0.000000000000e+00 #flag location
END_ERR 
G3dErrFileVersion 2025R1
FlagFileMetaData Begin
   Mesh Size - Setup1, Refinement, Pass #5, Freq. 1.100000e+10 :Title    
   Listing of mesh elements with poor quality. :ToolTip  
   hf3d :Author   
   1768245746 :TimeStamp
   mm :UnitName 
   1.0000000000000000e-03 :UnitConv
FlagFileMetaData End
BEGIN_ERR 
26 Small mesh segment detected on body : Simulation_Box
 Small mesh segment detected on body : Simulation_Box 
 Segment Statistics - Number of Segments : 1 --- Segment length(s) : 0.074491mm. The cutoff frequency for S-Matrix Only Solve is 18.142850278383MHz 
1 -1  # nfids, fids[]
1 74  # nbids, bids[]
      4 0 1 0 #ntets ntri ned npts
          -3.6617317898340533e+00   3.3716675736296442e+00   1.7259408749672136e+00 #xyz tv0
          -3.4050000000000007e+00   3.4050000000000007e+00   1.5240000000000000e+00 #xyz tv1
          -3.5190943867577360e+00   3.5149285738535343e+00   1.5949967513971002e+00 #xyz tv2
          -3.5347877613737566e+00   3.4987381714758858e+00   1.5240000000000000e+00 -1 74 #xyz tv3 fid bid
          -3.5190943867577360e+00   3.5149285738535343e+00   1.5949967513971002e+00 #xyz tv0
          -3.6617317898340533e+00   3.3716675736296442e+00   1.7259408749672136e+00 #xyz tv1
          -3.5347877613737566e+00   3.4987381714758858e+00   1.5240000000000000e+00 #xyz tv2
          -3.6579573017345735e+00   3.5623695480426676e+00   1.5240000000000000e+00 -1 74 #xyz tv3 fid bid
          -3.4050000000000007e+00   3.4050000000000007e+00   1.5240000000000000e+00 #xyz tv0
          -3.4488420117270362e+00   3.5820168852635810e+00   1.5240000000000000e+00 #xyz tv1
          -3.5190943867577360e+00   3.5149285738535343e+00   1.5949967513971002e+00 #xyz tv2
          -3.5347877613737566e+00   3.4987381714758858e+00   1.5240000000000000e+00 -1 74 #xyz tv3 fid bid
          -3.5190943867577360e+00   3.5149285738535343e+00   1.5949967513971002e+00 #xyz tv0
          -3.5347877613737566e+00   3.4987381714758858e+00   1.5240000000000000e+00 #xyz tv1
          -3.4488420117270362e+00   3.5820168852635810e+00   1.5240000000000000e+00 #xyz tv2
          -3.6579573017345735e+00   3.5623695480426676e+00   1.5240000000000000e+00 -1 74 #xyz tv3 fid bid
          -3.5190943867577360e+00   3.5149285738535343e+00   1.5949967513971002e+00 #xyz ev0
          -3.5347877613737566e+00   3.4987381714758858e+00   1.5240000000000000e+00 -1 74 #xyz ev1 fid bid
   0   0.000000000000e+00   0.000000000000e+00   0.000000000000e+00 #flag location
END_ERR 
BEGIN_ERR 
26 Small mesh segment detected on body : Substrate
 Small mesh segment detected on body : Substrate 
 Segment Statistics - Number of Segments : 1 --- Segment length(s) : 0.086203mm. The cutoff frequency for S-Matrix Only Solve is 18.142850278383MHz 
1 -1  # nfids, fids[]
1 6  # nbids, bids[]
      4 0 1 0 #ntets ntri ned npts
          -3.5733368079847292e+00  -3.5212976751577698e+00   1.4219089804249623e+00 #xyz tv0
          -3.4888696393308836e+00  -3.5213600656483002e+00   1.4391222966057367e+00 #xyz tv1
          -3.5532565305728219e+00  -3.4170719223692725e+00   1.4166691299991903e+00 #xyz tv2
          -3.5078724128778962e+00  -3.5267578279819558e+00   1.3360179431130570e+00 -1 6 #xyz tv3 fid bid
          -3.5733368079847292e+00  -3.5212976751577698e+00   1.4219089804249623e+00 #xyz tv0
          -3.5532565305728219e+00  -3.4170719223692725e+00   1.4166691299991903e+00 #xyz tv1
          -3.4888696393308836e+00  -3.5213600656483002e+00   1.4391222966057367e+00 #xyz tv2
          -3.5975091263250984e+00  -3.4852889627494918e+00   1.5240000000000000e+00 -1 6 #xyz tv3 fid bid
          -3.5733368079847292e+00  -3.5212976751577698e+00   1.4219089804249623e+00 #xyz tv0
          -3.5487713481555252e+00  -3.7055210822893310e+00   1.5240000000000000e+00 #xyz tv1
          -3.4888696393308836e+00  -3.5213600656483002e+00   1.4391222966057367e+00 #xyz tv2
          -3.5078724128778962e+00  -3.5267578279819558e+00   1.3360179431130570e+00 -1 6 #xyz tv3 fid bid
          -3.5733368079847292e+00  -3.5212976751577698e+00   1.4219089804249623e+00 #xyz tv0
          -3.4888696393308836e+00  -3.5213600656483002e+00   1.4391222966057367e+00 #xyz tv1
          -3.5487713481555252e+00  -3.7055210822893310e+00   1.5240000000000000e+00 #xyz tv2
          -3.5975091263250984e+00  -3.4852889627494918e+00   1.5240000000000000e+00 -1 6 #xyz tv3 fid bid
          -3.5733368079847292e+00  -3.5212976751577698e+00   1.4219089804249623e+00 #xyz ev0
          -3.4888696393308836e+00  -3.5213600656483002e+00   1.4391222966057367e+00 -1 6 #xyz ev1 fid bid
   0   0.000000000000e+00   0.000000000000e+00   0.000000000000e+00 #flag location
END_ERR 
BEGIN_ERR 
26 Small mesh segment detected on body : Substrate
 Small mesh segment detected on body : Substrate 
 Segment Statistics - Number of Segments : 1 --- Segment length(s) : 0.086656mm. The cutoff frequency for S-Matrix Only Solve is 18.142850278383MHz 
1 -1  # nfids, fids[]
1 6  # nbids, bids[]
      7 0 1 0 #ntets ntri ned npts
          -3.2847568166525178e+00   3.4569166252860124e+00   1.4472958991441756e+00 #xyz tv0
          -3.3488244211705802e+00   3.3688343252902997e+00   1.4391076162277598e+00 #xyz tv1
          -3.3106303790863487e+00   3.3446449002760508e+00   1.3651791445202388e+00 #xyz tv2
          -3.3577464456217787e+00   3.5159992405750282e+00   1.3888136377344336e+00 -1 6 #xyz tv3 fid bid
          -3.2847568166525178e+00   3.4569166252860124e+00   1.4472958991441756e+00 #xyz tv0
          -3.3106303790863487e+00   3.3446449002760508e+00   1.3651791445202388e+00 #xyz tv1
          -3.3488244211705802e+00   3.3688343252902997e+00   1.4391076162277598e+00 #xyz tv2
          -3.1921875000000002e+00   3.4050000000000007e+00   1.5240000000000000e+00 -1 6 #xyz tv3 fid bid
          -3.3488244211705802e+00   3.3688343252902997e+00   1.4391076162277598e+00 #xyz tv0
          -3.3577464456217787e+00   3.5159992405750282e+00   1.3888136377344336e+00 #xyz tv1
          -3.4782713584123863e+00   3.4038220445855893e+00   1.3751474169847493e+00 #xyz tv2
          -3.3106303790863487e+00   3.3446449002760508e+00   1.3651791445202388e+00 -1 6 #xyz tv3 fid bid
          -3.3488244211705802e+00   3.3688343252902997e+00   1.4391076162277598e+00 #xyz tv0
          -3.1930342281588562e+00   3.1928664038504513e+00   1.5240000000000000e+00 #xyz tv1
          -3.1921875000000002e+00   3.4050000000000007e+00   1.5240000000000000e+00 #xyz tv2
          -3.3106303790863487e+00   3.3446449002760508e+00   1.3651791445202388e+00 -1 6 #xyz tv3 fid bid
          -3.3488244211705802e+00   3.3688343252902997e+00   1.4391076162277598e+00 #xyz tv0
          -3.4782713584123863e+00   3.4038220445855893e+00   1.3751474169847493e+00 #xyz tv1
          -3.4889331031136290e+00   3.3215101064245114e+00   1.4385881571166377e+00 #xyz tv2
          -3.3106303790863487e+00   3.3446449002760508e+00   1.3651791445202388e+00 -1 6 #xyz tv3 fid bid
          -3.3488244211705802e+00   3.3688343252902997e+00   1.4391076162277598e+00 #xyz tv0
          -3.4050000000000007e+00   3.1913691902160646e+00   1.5240000000000000e+00 #xyz tv1
          -3.1930342281588562e+00   3.1928664038504513e+00   1.5240000000000000e+00 #xyz tv2
          -3.3106303790863487e+00   3.3446449002760508e+00   1.3651791445202388e+00 -1 6 #xyz tv3 fid bid
          -3.3488244211705802e+00   3.3688343252902997e+00   1.4391076162277598e+00 #xyz tv0
          -3.4889331031136290e+00   3.3215101064245114e+00   1.4385881571166377e+00 #xyz tv1
          -3.4050000000000007e+00   3.1913691902160646e+00   1.5240000000000000e+00 #xyz tv2
          -3.3106303790863487e+00   3.3446449002760508e+00   1.3651791445202388e+00 -1 6 #xyz tv3 fid bid
          -3.3106303790863487e+00   3.3446449002760508e+00   1.3651791445202388e+00 #xyz ev0
          -3.3488244211705802e+00   3.3688343252902997e+00   1.4391076162277598e+00 -1 6 #xyz ev1 fid bid
   0   0.000000000000e+00   0.000000000000e+00   0.000000000000e+00 #flag location
END_ERR 
G3dErrFileVersion 2025R1
FlagFileMetaData Begin
   Mesh Size - Setup1, Refinement, Pass #6, Freq. 1.100000e+10 :Title    
   Listing of mesh elements with poor quality. :ToolTip  
   hf3d :Author   
   1768245761 :TimeStamp
   mm :UnitName 
   1.0000000000000000e-03 :UnitConv
FlagFileMetaData End
BEGIN_ERR 
26 Small mesh segment detected on body : Substrate
 Small mesh segment detected on body : Substrate 
 Segment Statistics - Number of Segments : 1 --- Segment length(s) : 0.046470mm. The cutoff frequency for S-Matrix Only Solve is 18.142850278383MHz 
1 -1  # nfids, fids[]
1 6  # nbids, bids[]
      6 0 1 0 #ntets ntri ned npts
          -3.4914852628683208e+00  -3.4525341379918757e+00   1.5240000000000000e+00 #xyz tv0
          -3.4056206100595952e+00  -3.4540618720313887e+00   1.4400001615957989e+00 #xyz tv1
          -3.4410091586104761e+00  -3.3882849287389067e+00   1.4540316430841047e+00 #xyz tv2
          -3.5015648681923466e+00  -3.4696754173904401e+00   1.4820000807978995e+00 -1 6 #xyz tv3 fid bid
          -3.4914852628683208e+00  -3.4525341379918757e+00   1.5240000000000000e+00 #xyz tv0
          -3.4410091586104761e+00  -3.3882849287389067e+00   1.4540316430841047e+00 #xyz tv1
          -3.5495640316733463e+00  -3.4074700603425230e+00   1.4279660493135680e+00 #xyz tv2
          -3.5015648681923466e+00  -3.4696754173904401e+00   1.4820000807978995e+00 -1 6 #xyz tv3 fid bid
          -3.4914852628683208e+00  -3.4525341379918757e+00   1.5240000000000000e+00 #xyz tv0
          -3.3820919640072207e+00  -3.5381796555003624e+00   1.5240000000000000e+00 #xyz tv1
          -3.4056206100595952e+00  -3.4540618720313887e+00   1.4400001615957989e+00 #xyz tv2
          -3.5015648681923466e+00  -3.4696754173904401e+00   1.4820000807978995e+00 -1 6 #xyz tv3 fid bid
          -3.4914852628683208e+00  -3.4525341379918757e+00   1.5240000000000000e+00 #xyz tv0
          -3.5495640316733463e+00  -3.4074700603425230e+00   1.4279660493135680e+00 #xyz tv1
          -3.5975091263250984e+00  -3.4852889627494923e+00   1.5240000000000000e+00 #xyz tv2
          -3.5015648681923466e+00  -3.4696754173904401e+00   1.4820000807978995e+00 -1 6 #xyz tv3 fid bid
          -3.4914852628683208e+00  -3.4525341379918757e+00   1.5240000000000000e+00 #xyz tv0
          -3.3820919640072207e+00  -3.5381796555003624e+00   1.5240000000000000e+00 #xyz tv1
          -3.5015648681923466e+00  -3.4696754173904401e+00   1.4820000807978995e+00 #xyz tv2
          -3.4675798747057089e+00  -3.5662824340066503e+00   1.5240000000000000e+00 -1 6 #xyz tv3 fid bid
          -3.4914852628683208e+00  -3.4525341379918757e+00   1.5240000000000000e+00 #xyz tv0
          -3.4675798747057089e+00  -3.5662824340066503e+00   1.5240000000000000e+00 #xyz tv1
          -3.5015648681923466e+00  -3.4696754173904401e+00   1.4820000807978995e+00 #xyz tv2
          -3.5975091263250984e+00  -3.4852889627494923e+00   1.5240000000000000e+00 -1 6 #xyz tv3 fid bid
          -3.5015648681923466e+00  -3.4696754173904401e+00   1.4820000807978995e+00 #xyz ev0
          -3.4914852628683208e+00  -3.4525341379918757e+00   1.5240000000000000e+00 -1 6 #xyz ev1 fid bid
   0   0.000000000000e+00   0.000000000000e+00   0.000000000000e+00 #flag location
END_ERR 
BEGIN_ERR 
26 Small mesh segment detected on body : Simulation_Box
 Small mesh segment detected on body : Simulation_Box 
 Segment Statistics - Number of Segments : 1 --- Segment length(s) : 0.063823mm. The cutoff frequency for S-Matrix Only Solve is 18.142850278383MHz 
1 -1  # nfids, fids[]
1 74  # nbids, bids[]
      4 0 1 0 #ntets ntri ned npts
          -3.4920949802635741e+00  -3.4876622085802724e+00   1.5772820362671314e+00 #xyz tv0
          -3.4001806840332991e+00  -3.4608875193915303e+00   1.5868289783313569e+00 #xyz tv1
          -3.4914852628683208e+00  -3.4525341379918757e+00   1.5240000000000000e+00 #xyz tv2
          -3.4675798747057089e+00  -3.5662824340066503e+00   1.5240000000000000e+00 -1 74 #xyz tv3 fid bid
          -3.4920949802635741e+00  -3.4876622085802724e+00   1.5772820362671314e+00 #xyz tv0
          -3.4914852628683208e+00  -3.4525341379918757e+00   1.5240000000000000e+00 #xyz tv1
          -3.4001806840332991e+00  -3.4608875193915303e+00   1.5868289783313569e+00 #xyz tv2
          -3.5245595748469896e+00  -3.4087237309156686e+00   1.6219063093004080e+00 -1 74 #xyz tv3 fid bid
          -3.4920949802635741e+00  -3.4876622085802724e+00   1.5772820362671314e+00 #xyz tv0
          -3.4914852628683208e+00  -3.4525341379918757e+00   1.5240000000000000e+00 #xyz tv1
          -3.5975091263250984e+00  -3.4852889627494923e+00   1.5240000000000000e+00 #xyz tv2
          -3.4675798747057089e+00  -3.5662824340066503e+00   1.5240000000000000e+00 -1 74 #xyz tv3 fid bid
          -3.4920949802635741e+00  -3.4876622085802724e+00   1.5772820362671314e+00 #xyz tv0
