G3dErrFileVersion 2025R1
FlagFileMetaData Begin
   Mesh Size - Setup1, Refinement, Pass #1, Freq. 1.000000e+10 :Title    
   Listing of mesh elements with poor quality. :ToolTip  
   hf3d :Author   
   1779613619 :TimeStamp
   mm :UnitName 
   1.0000000000000000e-03 :UnitConv
FlagFileMetaData End
BEGIN_ERR 
26 Small mesh segment detected on body : Substrate
 Small mesh segment detected on body : Substrate 
 Segment Statistics - Number of Segments : 1 --- Segment length(s) : 1.325825mm. The cutoff frequency for S-Matrix Only Solve is 18.142850278383MHz 
4 -1  8  76  112  # nfids, fids[]
2 6  -1  # nbids, bids[]
      4 6 1 0 #ntets ntri ned npts
           3.2411203260849768e+00   7.1198408074655148e+00   2.3205742783131661e-01 #xyz tv0
           3.7500000000000000e+00   6.5625000000000000e+00   0.0000000000000000e+00 #xyz tv1
           3.7500000000000000e+00   7.5000000000000000e+00   0.0000000000000000e+00 #xyz tv2
           2.8125000000000000e+00   6.5625000000000000e+00   0.0000000000000000e+00 -1 6 #xyz tv3 fid bid
           2.3927796346971295e+00   7.5750000000000002e+00  -2.2893701967871882e+00 #xyz tv0
           2.8125000000000000e+00   6.5625000000000000e+00   0.0000000000000000e+00 #xyz tv1
           2.8125000000000000e+00   7.5000000000000000e+00   0.0000000000000000e+00 #xyz tv2
           3.7500000000000000e+00   7.5000000000000000e+00   0.0000000000000000e+00 -1 6 #xyz tv3 fid bid
           2.3927796346971295e+00   7.5750000000000002e+00  -2.2893701967871882e+00 #xyz tv0
           3.7500000000000000e+00   7.5000000000000000e+00   0.0000000000000000e+00 #xyz tv1
           3.7500000000000000e+00   6.5625000000000000e+00   0.0000000000000000e+00 #xyz tv2
           2.8125000000000000e+00   6.5625000000000000e+00   0.0000000000000000e+00 -1 6 #xyz tv3 fid bid
           3.2411203260849768e+00   7.1198408074655148e+00   2.3205742783131661e-01 #xyz tv0
           3.7500000000000000e+00   7.5000000000000000e+00   0.0000000000000000e+00 #xyz tv1
           2.8125000000000000e+00   7.5000000000000000e+00   0.0000000000000000e+00 #xyz tv2
           2.8125000000000000e+00   6.5625000000000000e+00   0.0000000000000000e+00 -1 6 #xyz tv3 fid bid
           2.8125000000000000e+00   7.5000000000000000e+00   0.0000000000000000e+00 #xyz tv0
           3.7500000000000000e+00   7.5000000000000000e+00   0.0000000000000000e+00 #xyz tv1
           2.8125000000000000e+00   6.5625000000000000e+00   0.0000000000000000e+00 8 -1 #xyz tv2 fid bid
           2.8125000000000000e+00   7.5000000000000000e+00   0.0000000000000000e+00 #xyz tv0
           3.7500000000000000e+00   7.5000000000000000e+00   0.0000000000000000e+00 #xyz tv1
           2.8125000000000000e+00   6.5625000000000000e+00   0.0000000000000000e+00 76 -1 #xyz tv2 fid bid
           2.8125000000000000e+00   7.5000000000000000e+00   0.0000000000000000e+00 #xyz tv0
           3.7500000000000000e+00   7.5000000000000000e+00   0.0000000000000000e+00 #xyz tv1
           2.8125000000000000e+00   6.5625000000000000e+00   0.0000000000000000e+00 112 -1 #xyz tv2 fid bid
           3.7500000000000000e+00   7.5000000000000000e+00   0.0000000000000000e+00 #xyz tv0
           3.7500000000000000e+00   6.5625000000000000e+00   0.0000000000000000e+00 #xyz tv1
           2.8125000000000000e+00   6.5625000000000000e+00   0.0000000000000000e+00 8 -1 #xyz tv2 fid bid
           3.7500000000000000e+00   7.5000000000000000e+00   0.0000000000000000e+00 #xyz tv0
           3.7500000000000000e+00   6.5625000000000000e+00   0.0000000000000000e+00 #xyz tv1
           2.8125000000000000e+00   6.5625000000000000e+00   0.0000000000000000e+00 76 -1 #xyz tv2 fid bid
           3.7500000000000000e+00   7.5000000000000000e+00   0.0000000000000000e+00 #xyz tv0
           3.7500000000000000e+00   6.5625000000000000e+00   0.0000000000000000e+00 #xyz tv1
           2.8125000000000000e+00   6.5625000000000000e+00   0.0000000000000000e+00 112 -1 #xyz tv2 fid bid
           3.7500000000000000e+00   7.5000000000000000e+00   0.0000000000000000e+00 #xyz ev0
           2.8125000000000000e+00   6.5625000000000000e+00   0.0000000000000000e+00 -1 6 #xyz ev1 fid bid
   0   0.000000000000e+00   0.000000000000e+00   0.000000000000e+00 #flag location
END_ERR 
BEGIN_ERR 
26 Small mesh segment detected on body : Substrate
 Small mesh segment detected on body : Substrate 
 Segment Statistics - Number of Segments : 1 --- Segment length(s) : 0.937500mm. The cutoff frequency for S-Matrix Only Solve is 18.142850278383MHz 
4 -1  8  76  112  # nfids, fids[]
2 6  -1  # nbids, bids[]
      7 6 1 0 #ntets ntri ned npts
           4.2525761094628276e+00   7.1671726503704889e+00   2.2766938137145437e-01 #xyz tv0
           3.7500000000000000e+00   6.5625000000000000e+00   0.0000000000000000e+00 #xyz tv1
           3.7500000000000000e+00   7.5000000000000000e+00   0.0000000000000000e+00 #xyz tv2
           3.7500000000000000e+00   7.5000000000000000e+00   3.8100000000000001e-01 -1 6 #xyz tv3 fid bid
           4.2525761094628276e+00   7.1671726503704889e+00   2.2766938137145437e-01 #xyz tv0
           3.7500000000000000e+00   7.5000000000000000e+00   0.0000000000000000e+00 #xyz tv1
           3.7500000000000000e+00   6.5625000000000000e+00   0.0000000000000000e+00 #xyz tv2
           4.6875000000000000e+00   6.5625000000000000e+00   0.0000000000000000e+00 -1 6 #xyz tv3 fid bid
           3.2411203260849768e+00   7.1198408074655148e+00   2.3205742783131661e-01 #xyz tv0
           3.7500000000000000e+00   7.5000000000000000e+00   0.0000000000000000e+00 #xyz tv1
           3.7500000000000000e+00   6.5625000000000000e+00   0.0000000000000000e+00 #xyz tv2
           3.7500000000000000e+00   7.5000000000000000e+00   3.8100000000000001e-01 -1 6 #xyz tv3 fid bid
           2.3927796346971295e+00   7.5750000000000002e+00  -2.2893701967871882e+00 #xyz tv0
           3.7500000000000000e+00   6.5625000000000000e+00   0.0000000000000000e+00 #xyz tv1
           3.7500000000000000e+00   7.5000000000000000e+00   0.0000000000000000e+00 #xyz tv2
           3.4648083412567878e+00   8.2500000000000000e+00  -3.1642280310485642e+00 -1 6 #xyz tv3 fid bid
           3.7500000000000000e+00   6.5625000000000000e+00   0.0000000000000000e+00 #xyz tv0
           3.4648083412567878e+00   8.2500000000000000e+00  -3.1642280310485642e+00 #xyz tv1
           4.6875000000000000e+00   6.5625000000000000e+00   0.0000000000000000e+00 #xyz tv2
           3.7500000000000000e+00   7.5000000000000000e+00   0.0000000000000000e+00 -1 6 #xyz tv3 fid bid
           3.2411203260849768e+00   7.1198408074655148e+00   2.3205742783131661e-01 #xyz tv0
           3.7500000000000000e+00   6.5625000000000000e+00   0.0000000000000000e+00 #xyz tv1
           3.7500000000000000e+00   7.5000000000000000e+00   0.0000000000000000e+00 #xyz tv2
           2.8125000000000000e+00   6.5625000000000000e+00   0.0000000000000000e+00 -1 6 #xyz tv3 fid bid
           2.3927796346971295e+00   7.5750000000000002e+00  -2.2893701967871882e+00 #xyz tv0
           3.7500000000000000e+00   7.5000000000000000e+00   0.0000000000000000e+00 #xyz tv1
           3.7500000000000000e+00   6.5625000000000000e+00   0.0000000000000000e+00 #xyz tv2
           2.8125000000000000e+00   6.5625000000000000e+00   0.0000000000000000e+00 -1 6 #xyz tv3 fid bid
           3.7500000000000000e+00   7.5000000000000000e+00   0.0000000000000000e+00 #xyz tv0
           3.7500000000000000e+00   6.5625000000000000e+00   0.0000000000000000e+00 #xyz tv1
           2.8125000000000000e+00   6.5625000000000000e+00   0.0000000000000000e+00 8 -1 #xyz tv2 fid bid
           3.7500000000000000e+00   7.5000000000000000e+00   0.0000000000000000e+00 #xyz tv0
           3.7500000000000000e+00   6.5625000000000000e+00   0.0000000000000000e+00 #xyz tv1
           2.8125000000000000e+00   6.5625000000000000e+00   0.0000000000000000e+00 76 -1 #xyz tv2 fid bid
           3.7500000000000000e+00   7.5000000000000000e+00   0.0000000000000000e+00 #xyz tv0
           3.7500000000000000e+00   6.5625000000000000e+00   0.0000000000000000e+00 #xyz tv1
           2.8125000000000000e+00   6.5625000000000000e+00   0.0000000000000000e+00 112 -1 #xyz tv2 fid bid
           3.7500000000000000e+00   6.5625000000000000e+00   0.0000000000000000e+00 #xyz tv0
           3.7500000000000000e+00   7.5000000000000000e+00   0.0000000000000000e+00 #xyz tv1
           4.6875000000000000e+00   6.5625000000000000e+00   0.0000000000000000e+00 8 -1 #xyz tv2 fid bid
           3.7500000000000000e+00   6.5625000000000000e+00   0.0000000000000000e+00 #xyz tv0
           3.7500000000000000e+00   7.5000000000000000e+00   0.0000000000000000e+00 #xyz tv1
           4.6875000000000000e+00   6.5625000000000000e+00   0.0000000000000000e+00 76 -1 #xyz tv2 fid bid
           3.7500000000000000e+00   6.5625000000000000e+00   0.0000000000000000e+00 #xyz tv0
           3.7500000000000000e+00   7.5000000000000000e+00   0.0000000000000000e+00 #xyz tv1
           4.6875000000000000e+00   6.5625000000000000e+00   0.0000000000000000e+00 112 -1 #xyz tv2 fid bid
           3.7500000000000000e+00   7.5000000000000000e+00   0.0000000000000000e+00 #xyz ev0
           3.7500000000000000e+00   6.5625000000000000e+00   0.0000000000000000e+00 -1 6 #xyz ev1 fid bid
   0   0.000000000000e+00   0.000000000000e+00   0.000000000000e+00 #flag location
END_ERR 
G3dErrFileVersion 2025R1
FlagFileMetaData Begin
   Mesh Size - Setup1, Refinement, Pass #2, Freq. 1.000000e+10 :Title    
   Listing of mesh elements with poor quality. :ToolTip  
   hf3d :Author   
   1779613624 :TimeStamp
   mm :UnitName 
   1.0000000000000000e-03 :UnitConv
FlagFileMetaData End
BEGIN_ERR 
26 Small mesh segment detected on body : Substrate
 Small mesh segment detected on body : Substrate 
 Segment Statistics - Number of Segments : 1 --- Segment length(s) : 1.325825mm. The cutoff frequency for S-Matrix Only Solve is 18.142850278383MHz 
4 -1  8  76  112  # nfids, fids[]
2 6  -1  # nbids, bids[]
      4 6 1 0 #ntets ntri ned npts
           3.2411196109806539e+00   7.1198414947460371e+00   2.3205852523069248e-01 #xyz tv0
           3.7500000000000000e+00   6.5625000000000000e+00   0.0000000000000000e+00 #xyz tv1
           3.7500000000000000e+00   7.5000000000000000e+00   0.0000000000000000e+00 #xyz tv2
           2.8125000000000000e+00   6.5625000000000000e+00   0.0000000000000000e+00 -1 6 #xyz tv3 fid bid
           2.3927796346971300e+00   7.5750000000000002e+00  -2.2893701967871882e+00 #xyz tv0
           2.8125000000000000e+00   6.5625000000000000e+00   0.0000000000000000e+00 #xyz tv1
           2.8125000000000000e+00   7.5000000000000000e+00   0.0000000000000000e+00 #xyz tv2
           3.7500000000000000e+00   7.5000000000000000e+00   0.0000000000000000e+00 -1 6 #xyz tv3 fid bid
           2.3927796346971300e+00   7.5750000000000002e+00  -2.2893701967871882e+00 #xyz tv0
           3.7500000000000000e+00   7.5000000000000000e+00   0.0000000000000000e+00 #xyz tv1
           3.7500000000000000e+00   6.5625000000000000e+00   0.0000000000000000e+00 #xyz tv2
           2.8125000000000000e+00   6.5625000000000000e+00   0.0000000000000000e+00 -1 6 #xyz tv3 fid bid
           3.2411196109806539e+00   7.1198414947460371e+00   2.3205852523069248e-01 #xyz tv0
           3.7500000000000000e+00   7.5000000000000000e+00   0.0000000000000000e+00 #xyz tv1
           2.8125000000000000e+00   7.5000000000000000e+00   0.0000000000000000e+00 #xyz tv2
           2.8125000000000000e+00   6.5625000000000000e+00   0.0000000000000000e+00 -1 6 #xyz tv3 fid bid
           2.8125000000000000e+00   7.5000000000000000e+00   0.0000000000000000e+00 #xyz tv0
           3.7500000000000000e+00   7.5000000000000000e+00   0.0000000000000000e+00 #xyz tv1
           2.8125000000000000e+00   6.5625000000000000e+00   0.0000000000000000e+00 8 -1 #xyz tv2 fid bid
           2.8125000000000000e+00   7.5000000000000000e+00   0.0000000000000000e+00 #xyz tv0
           3.7500000000000000e+00   7.5000000000000000e+00   0.0000000000000000e+00 #xyz tv1
           2.8125000000000000e+00   6.5625000000000000e+00   0.0000000000000000e+00 76 -1 #xyz tv2 fid bid
           2.8125000000000000e+00   7.5000000000000000e+00   0.0000000000000000e+00 #xyz tv0
           3.7500000000000000e+00   7.5000000000000000e+00   0.0000000000000000e+00 #xyz tv1
           2.8125000000000000e+00   6.5625000000000000e+00   0.0000000000000000e+00 112 -1 #xyz tv2 fid bid
           3.7500000000000000e+00   7.5000000000000000e+00   0.0000000000000000e+00 #xyz tv0
           3.7500000000000000e+00   6.5625000000000000e+00   0.0000000000000000e+00 #xyz tv1
           2.8125000000000000e+00   6.5625000000000000e+00   0.0000000000000000e+00 8 -1 #xyz tv2 fid bid
           3.7500000000000000e+00   7.5000000000000000e+00   0.0000000000000000e+00 #xyz tv0
           3.7500000000000000e+00   6.5625000000000000e+00   0.0000000000000000e+00 #xyz tv1
           2.8125000000000000e+00   6.5625000000000000e+00   0.0000000000000000e+00 76 -1 #xyz tv2 fid bid
           3.7500000000000000e+00   7.5000000000000000e+00   0.0000000000000000e+00 #xyz tv0
           3.7500000000000000e+00   6.5625000000000000e+00   0.0000000000000000e+00 #xyz tv1
           2.8125000000000000e+00   6.5625000000000000e+00   0.0000000000000000e+00 112 -1 #xyz tv2 fid bid
           3.7500000000000000e+00   7.5000000000000000e+00   0.0000000000000000e+00 #xyz ev0
           2.8125000000000000e+00   6.5625000000000000e+00   0.0000000000000000e+00 -1 6 #xyz ev1 fid bid
   0   0.000000000000e+00   0.000000000000e+00   0.000000000000e+00 #flag location
END_ERR 
BEGIN_ERR 
26 Small mesh segment detected on body : Substrate
 Small mesh segment detected on body : Substrate 
 Segment Statistics - Number of Segments : 1 --- Segment length(s) : 0.937500mm. The cutoff frequency for S-Matrix Only Solve is 18.142850278383MHz 
4 -1  8  76  112  # nfids, fids[]
2 6  -1  # nbids, bids[]
      7 6 1 0 #ntets ntri ned npts
           4.2525764476792345e+00   7.1671743739512719e+00   2.2766982050587087e-01 #xyz tv0
           3.7500000000000000e+00   6.5625000000000000e+00   0.0000000000000000e+00 #xyz tv1
           3.7500000000000000e+00   7.5000000000000000e+00   0.0000000000000000e+00 #xyz tv2
           3.7500000000000000e+00   7.5000000000000000e+00   3.8100000000000001e-01 -1 6 #xyz tv3 fid bid
           4.2525764476792345e+00   7.1671743739512719e+00   2.2766982050587087e-01 #xyz tv0
           3.7500000000000000e+00   7.5000000000000000e+00   0.0000000000000000e+00 #xyz tv1
           3.7500000000000000e+00   6.5625000000000000e+00   0.0000000000000000e+00 #xyz tv2
           4.6875000000000000e+00   6.5625000000000000e+00   0.0000000000000000e+00 -1 6 #xyz tv3 fid bid
           3.2411196109806539e+00   7.1198414947460371e+00   2.3205852523069248e-01 #xyz tv0
           3.7500000000000000e+00   7.5000000000000000e+00   0.0000000000000000e+00 #xyz tv1
           3.7500000000000000e+00   6.5625000000000000e+00   0.0000000000000000e+00 #xyz tv2
           3.7500000000000000e+00   7.5000000000000000e+00   3.8100000000000001e-01 -1 6 #xyz tv3 fid bid
           2.3927796346971300e+00   7.5750000000000002e+00  -2.2893701967871882e+00 #xyz tv0
           3.7500000000000000e+00   6.5625000000000000e+00   0.0000000000000000e+00 #xyz tv1
           3.7500000000000000e+00   7.5000000000000000e+00   0.0000000000000000e+00 #xyz tv2
           3.3297248910615989e+00   8.2500000000000000e+00  -3.0387081695151976e+00 -1 6 #xyz tv3 fid bid
           3.7500000000000000e+00   6.5625000000000000e+00   0.0000000000000000e+00 #xyz tv0
           3.3297248910615989e+00   8.2500000000000000e+00  -3.0387081695151976e+00 #xyz tv1
           4.6875000000000000e+00   6.5625000000000000e+00   0.0000000000000000e+00 #xyz tv2
           3.7500000000000000e+00   7.5000000000000000e+00   0.0000000000000000e+00 -1 6 #xyz tv3 fid bid
           3.2411196109806539e+00   7.1198414947460371e+00   2.3205852523069248e-01 #xyz tv0
           3.7500000000000000e+00   6.5625000000000000e+00   0.0000000000000000e+00 #xyz tv1
           3.7500000000000000e+00   7.5000000000000000e+00   0.0000000000000000e+00 #xyz tv2
           2.8125000000000000e+00   6.5625000000000000e+00   0.0000000000000000e+00 -1 6 #xyz tv3 fid bid
           2.3927796346971300e+00   7.5750000000000002e+00  -2.2893701967871882e+00 #xyz tv0
           3.7500000000000000e+00   7.5000000000000000e+00   0.0000000000000000e+00 #xyz tv1
           3.7500000000000000e+00   6.5625000000000000e+00   0.0000000000000000e+00 #xyz tv2
           2.8125000000000000e+00   6.5625000000000000e+00   0.0000000000000000e+00 -1 6 #xyz tv3 fid bid
           3.7500000000000000e+00   7.5000000000000000e+00   0.0000000000000000e+00 #xyz tv0
           3.7500000000000000e+00   6.5625000000000000e+00   0.0000000000000000e+00 #xyz tv1
           2.8125000000000000e+00   6.5625000000000000e+00   0.0000000000000000e+00 8 -1 #xyz tv2 fid bid
           3.7500000000000000e+00   7.5000000000000000e+00   0.0000000000000000e+00 #xyz tv0
           3.7500000000000000e+00   6.5625000000000000e+00   0.0000000000000000e+00 #xyz tv1
           2.8125000000000000e+00   6.5625000000000000e+00   0.0000000000000000e+00 76 -1 #xyz tv2 fid bid
           3.7500000000000000e+00   7.5000000000000000e+00   0.0000000000000000e+00 #xyz tv0
           3.7500000000000000e+00   6.5625000000000000e+00   0.0000000000000000e+00 #xyz tv1
           2.8125000000000000e+00   6.5625000000000000e+00   0.0000000000000000e+00 112 -1 #xyz tv2 fid bid
           3.7500000000000000e+00   6.5625000000000000e+00   0.0000000000000000e+00 #xyz tv0
           3.7500000000000000e+00   7.5000000000000000e+00   0.0000000000000000e+00 #xyz tv1
           4.6875000000000000e+00   6.5625000000000000e+00   0.0000000000000000e+00 8 -1 #xyz tv2 fid bid
           3.7500000000000000e+00   6.5625000000000000e+00   0.0000000000000000e+00 #xyz tv0
           3.7500000000000000e+00   7.5000000000000000e+00   0.0000000000000000e+00 #xyz tv1
           4.6875000000000000e+00   6.5625000000000000e+00   0.0000000000000000e+00 76 -1 #xyz tv2 fid bid
           3.7500000000000000e+00   6.5625000000000000e+00   0.0000000000000000e+00 #xyz tv0
           3.7500000000000000e+00   7.5000000000000000e+00   0.0000000000000000e+00 #xyz tv1
           4.6875000000000000e+00   6.5625000000000000e+00   0.0000000000000000e+00 112 -1 #xyz tv2 fid bid
           3.7500000000000000e+00   7.5000000000000000e+00   0.0000000000000000e+00 #xyz ev0
           3.7500000000000000e+00   6.5625000000000000e+00   0.0000000000000000e+00 -1 6 #xyz ev1 fid bid
   0   0.000000000000e+00   0.000000000000e+00   0.000000000000e+00 #flag location
END_ERR 
G3dErrFileVersion 2025R1
FlagFileMetaData Begin
   Mesh Size - Setup1, Refinement, Pass #3, Freq. 1.000000e+10 :Title    
   Listing of mesh elements with poor quality. :ToolTip  
   hf3d :Author   
   1779613633 :TimeStamp
   mm :UnitName 
   1.0000000000000000e-03 :UnitConv
FlagFileMetaData End
BEGIN_ERR 
26 Small mesh segment detected on body : Substrate
 Small mesh segment detected on body : Substrate 
 Segment Statistics - Number of Segments : 1 --- Segment length(s) : 1.325825mm. The cutoff frequency for S-Matrix Only Solve is 18.142850278383MHz 
4 -1  8  76  112  # nfids, fids[]
2 6  -1  # nbids, bids[]
      4 6 1 0 #ntets ntri ned npts
           3.2411195752254378e+00   7.1198415291100643e+00   2.3205858010066127e-01 #xyz tv0
           3.7500000000000000e+00   6.5625000000000000e+00   0.0000000000000000e+00 #xyz tv1
           3.7500000000000000e+00   7.5000000000000000e+00   0.0000000000000000e+00 #xyz tv2
           2.8125000000000000e+00   6.5625000000000000e+00   0.0000000000000000e+00 -1 6 #xyz tv3 fid bid
           2.3927796346971304e+00   7.5750000000000002e+00  -2.2893701967871882e+00 #xyz tv0
           2.8125000000000000e+00   6.5625000000000000e+00   0.0000000000000000e+00 #xyz tv1
           2.8125000000000000e+00   7.5000000000000000e+00   0.0000000000000000e+00 #xyz tv2
           3.7500000000000000e+00   7.5000000000000000e+00   0.0000000000000000e+00 -1 6 #xyz tv3 fid bid
           2.3927796346971304e+00   7.5750000000000002e+00  -2.2893701967871882e+00 #xyz tv0
           3.7500000000000000e+00   7.5000000000000000e+00   0.0000000000000000e+00 #xyz tv1
           3.7500000000000000e+00   6.5625000000000000e+00   0.0000000000000000e+00 #xyz tv2
           2.8125000000000000e+00   6.5625000000000000e+00   0.0000000000000000e+00 -1 6 #xyz tv3 fid bid
           3.2411195752254378e+00   7.1198415291100643e+00   2.3205858010066127e-01 #xyz tv0
           3.7500000000000000e+00   7.5000000000000000e+00   0.0000000000000000e+00 #xyz tv1
           2.8125000000000000e+00   7.5000000000000000e+00   0.0000000000000000e+00 #xyz tv2
           2.8125000000000000e+00   6.5625000000000000e+00   0.0000000000000000e+00 -1 6 #xyz tv3 fid bid
           2.8125000000000000e+00   7.5000000000000000e+00   0.0000000000000000e+00 #xyz tv0
           3.7500000000000000e+00   7.5000000000000000e+00   0.0000000000000000e+00 #xyz tv1
           2.8125000000000000e+00   6.5625000000000000e+00   0.0000000000000000e+00 8 -1 #xyz tv2 fid bid
           2.8125000000000000e+00   7.5000000000000000e+00   0.0000000000000000e+00 #xyz tv0
           3.7500000000000000e+00   7.5000000000000000e+00   0.0000000000000000e+00 #xyz tv1
           2.8125000000000000e+00   6.5625000000000000e+00   0.0000000000000000e+00 76 -1 #xyz tv2 fid bid
           2.8125000000000000e+00   7.5000000000000000e+00   0.0000000000000000e+00 #xyz tv0
           3.7500000000000000e+00   7.5000000000000000e+00   0.0000000000000000e+00 #xyz tv1
           2.8125000000000000e+00   6.5625000000000000e+00   0.0000000000000000e+00 112 -1 #xyz tv2 fid bid
           3.7500000000000000e+00   7.5000000000000000e+00   0.0000000000000000e+00 #xyz tv0
           3.7500000000000000e+00   6.5625000000000000e+00   0.0000000000000000e+00 #xyz tv1
           2.8125000000000000e+00   6.5625000000000000e+00   0.0000000000000000e+00 8 -1 #xyz tv2 fid bid
           3.7500000000000000e+00   7.5000000000000000e+00   0.0000000000000000e+00 #xyz tv0
           3.7500000000000000e+00   6.5625000000000000e+00   0.0000000000000000e+00 #xyz tv1
           2.8125000000000000e+00   6.5625000000000000e+00   0.0000000000000000e+00 76 -1 #xyz tv2 fid bid
           3.7500000000000000e+00   7.5000000000000000e+00   0.0000000000000000e+00 #xyz tv0
           3.7500000000000000e+00   6.5625000000000000e+00   0.0000000000000000e+00 #xyz tv1
           2.8125000000000000e+00   6.5625000000000000e+00   0.0000000000000000e+00 112 -1 #xyz tv2 fid bid
           3.7500000000000000e+00   7.5000000000000000e+00   0.0000000000000000e+00 #xyz ev0
           2.8125000000000000e+00   6.5625000000000000e+00   0.0000000000000000e+00 -1 6 #xyz ev1 fid bid
   0   0.000000000000e+00   0.000000000000e+00   0.000000000000e+00 #flag location
END_ERR 
BEGIN_ERR 
26 Small mesh segment detected on body : Substrate
 Small mesh segment detected on body : Substrate 
 Segment Statistics - Number of Segments : 1 --- Segment length(s) : 0.937500mm. The cutoff frequency for S-Matrix Only Solve is 18.142850278383MHz 
4 -1  8  76  112  # nfids, fids[]
2 6  -1  # nbids, bids[]
      7 6 1 0 #ntets ntri ned npts
           4.2525764645900548e+00   7.1671744601303109e+00   2.2766984246259170e-01 #xyz tv0
           3.7500000000000000e+00   6.5625000000000000e+00   0.0000000000000000e+00 #xyz tv1
           3.7500000000000000e+00   7.5000000000000000e+00   0.0000000000000000e+00 #xyz tv2
           3.7500000000000000e+00   7.5000000000000000e+00   3.8100000000000001e-01 -1 6 #xyz tv3 fid bid
           4.2525764645900548e+00   7.1671744601303109e+00   2.2766984246259170e-01 #xyz tv0
           3.7500000000000000e+00   7.5000000000000000e+00   0.0000000000000000e+00 #xyz tv1
           3.7500000000000000e+00   6.5625000000000000e+00   0.0000000000000000e+00 #xyz tv2
           4.6875000000000000e+00   6.5625000000000000e+00   0.0000000000000000e+00 -1 6 #xyz tv3 fid bid
           3.2411195752254378e+00   7.1198415291100643e+00   2.3205858010066127e-01 #xyz tv0
           3.7500000000000000e+00   7.5000000000000000e+00   0.0000000000000000e+00 #xyz tv1
           3.7500000000000000e+00   6.5625000000000000e+00   0.0000000000000000e+00 #xyz tv2
           3.7500000000000000e+00   7.5000000000000000e+00   3.8100000000000001e-01 -1 6 #xyz tv3 fid bid
           2.3927796346971304e+00   7.5750000000000002e+00  -2.2893701967871882e+00 #xyz tv0
           3.7500000000000000e+00   6.5625000000000000e+00   0.0000000000000000e+00 #xyz tv1
           3.7500000000000000e+00   7.5000000000000000e+00   0.0000000000000000e+00 #xyz tv2
           3.3118484044019207e+00   8.2500000000000000e+00  -3.0181544657653419e+00 -1 6 #xyz tv3 fid bid
           3.7500000000000000e+00   6.5625000000000000e+00   0.0000000000000000e+00 #xyz tv0
           3.3118484044019207e+00   8.2500000000000000e+00  -3.0181544657653419e+00 #xyz tv1
           4.6875000000000000e+00   6.5625000000000000e+00   0.0000000000000000e+00 #xyz tv2
           3.7500000000000000e+00   7.5000000000000000e+00   0.0000000000000000e+00 -1 6 #xyz tv3 fid bid
           3.2411195752254378e+00   7.1198415291100643e+00   2.3205858010066127e-01 #xyz tv0
           3.7500000000000000e+00   6.5625000000000000e+00   0.0000000000000000e+00 #xyz tv1
           3.7500000000000000e+00   7.5000000000000000e+00   0.0000000000000000e+00 #xyz tv2
           2.8125000000000000e+00   6.5625000000000000e+00   0.0000000000000000e+00 -1 6 #xyz tv3 fid bid
           2.3927796346971304e+00   7.5750000000000002e+00  -2.2893701967871882e+00 #xyz tv0
           3.7500000000000000e+00   7.5000000000000000e+00   0.0000000000000000e+00 #xyz tv1
           3.7500000000000000e+00   6.5625000000000000e+00   0.0000000000000000e+00 #xyz tv2
           2.8125000000000000e+00   6.5625000000000000e+00   0.0000000000000000e+00 -1 6 #xyz tv3 fid bid
           3.7500000000000000e+00   7.5000000000000000e+00   0.0000000000000000e+00 #xyz tv0
           3.7500000000000000e+00   6.5625000000000000e+00   0.0000000000000000e+00 #xyz tv1
           2.8125000000000000e+00   6.5625000000000000e+00   0.0000000000000000e+00 8 -1 #xyz tv2 fid bid
           3.7500000000000000e+00   7.5000000000000000e+00   0.0000000000000000e+00 #xyz tv0
           3.7500000000000000e+00   6.5625000000000000e+00   0.0000000000000000e+00 #xyz tv1
           2.8125000000000000e+00   6.5625000000000000e+00   0.0000000000000000e+00 76 -1 #xyz tv2 fid bid
           3.7500000000000000e+00   7.5000000000000000e+00   0.0000000000000000e+00 #xyz tv0
           3.7500000000000000e+00   6.5625000000000000e+00   0.0000000000000000e+00 #xyz tv1
           2.8125000000000000e+00   6.5625000000000000e+00   0.0000000000000000e+00 112 -1 #xyz tv2 fid bid
           3.7500000000000000e+00   6.5625000000000000e+00   0.0000000000000000e+00 #xyz tv0
           3.7500000000000000e+00   7.5000000000000000e+00   0.0000000000000000e+00 #xyz tv1
           4.6875000000000000e+00   6.5625000000000000e+00   0.0000000000000000e+00 8 -1 #xyz tv2 fid bid
           3.7500000000000000e+00   6.5625000000000000e+00   0.0000000000000000e+00 #xyz tv0
           3.7500000000000000e+00   7.5000000000000000e+00   0.0000000000000000e+00 #xyz tv1
           4.6875000000000000e+00   6.5625000000000000e+00   0.0000000000000000e+00 76 -1 #xyz tv2 fid bid
           3.7500000000000000e+00   6.5625000000000000e+00   0.0000000000000000e+00 #xyz tv0
           3.7500000000000000e+00   7.5000000000000000e+00   0.0000000000000000e+00 #xyz tv1
           4.6875000000000000e+00   6.5625000000000000e+00   0.0000000000000000e+00 112 -1 #xyz tv2 fid bid
           3.7500000000000000e+00   7.5000000000000000e+00   0.0000000000000000e+00 #xyz ev0
           3.7500000000000000e+00   6.5625000000000000e+00   0.0000000000000000e+00 -1 6 #xyz ev1 fid bid
   0   0.000000000000e+00   0.000000000000e+00   0.000000000000e+00 #flag location
END_ERR 
BEGIN_ERR 
26 Small mesh segment detected on body : Substrate
 Small mesh segment detected on body : Substrate 
 Segment Statistics - Number of Segments : 1 --- Segment length(s) : 1.325825mm. The cutoff frequency for S-Matrix Only Solve is 18.142850278383MHz 
4 -1  8  76  112  # nfids, fids[]
2 6  -1  # nbids, bids[]
      4 6 1 0 #ntets ntri ned npts
           4.2525764645900548e+00   7.1671744601303109e+00   2.2766984246259170e-01 #xyz tv0
           4.6875000000000000e+00   7.5000000000000000e+00   0.0000000000000000e+00 #xyz tv1
           3.7500000000000000e+00   7.5000000000000000e+00   0.0000000000000000e+00 #xyz tv2
           4.6875000000000000e+00   6.5625000000000000e+00   0.0000000000000000e+00 -1 6 #xyz tv3 fid bid
           4.6875000000000000e+00   7.5000000000000000e+00   0.0000000000000000e+00 #xyz tv0
           4.6875000000000000e+00   6.5625000000000000e+00   0.0000000000000000e+00 #xyz tv1
           3.3118484044019207e+00   8.2500000000000000e+00  -3.0181544657653419e+00 #xyz tv2
           3.7500000000000000e+00   7.5000000000000000e+00   0.0000000000000000e+00 -1 6 #xyz tv3 fid bid
           4.2525764645900548e+00   7.1671744601303109e+00   2.2766984246259170e-01 #xyz tv0
           3.7500000000000000e+00   7.5000000000000000e+00   0.0000000000000000e+00 #xyz tv1
           3.7500000000000000e+00   6.5625000000000000e+00   0.0000000000000000e+00 #xyz tv2
           4.6875000000000000e+00   6.5625000000000000e+00   0.0000000000000000e+00 -1 6 #xyz tv3 fid bid
           3.7500000000000000e+00   6.5625000000000000e+00   0.0000000000000000e+00 #xyz tv0
           3.3118484044019207e+00   8.2500000000000000e+00  -3.0181544657653419e+00 #xyz tv1
           4.6875000000000000e+00   6.5625000000000000e+00   0.0000000000000000e+00 #xyz tv2
           3.7500000000000000e+00   7.5000000000000000e+00   0.0000000000000000e+00 -1 6 #xyz tv3 fid bid
           3.7500000000000000e+00   6.5625000000000000e+00   0.0000000000000000e+00 #xyz tv0
           3.7500000000000000e+00   7.5000000000000000e+00   0.0000000000000000e+00 #xyz tv1
           4.6875000000000000e+00   6.5625000000000000e+00   0.0000000000000000e+00 8 -1 #xyz tv2 fid bid
           3.7500000000000000e+00   6.5625000000000000e+00   0.0000000000000000e+00 #xyz tv0
           3.7500000000000000e+00   7.5000000000000000e+00   0.0000000000000000e+00 #xyz tv1
           4.6875000000000000e+00   6.5625000000000000e+00   0.0000000000000000e+00 76 -1 #xyz tv2 fid bid
           3.7500000000000000e+00   6.5625000000000000e+00   0.0000000000000000e+00 #xyz tv0
           3.7500000000000000e+00   7.5000000000000000e+00   0.0000000000000000e+00 #xyz tv1
           4.6875000000000000e+00   6.5625000000000000e+00   0.0000000000000000e+00 112 -1 #xyz tv2 fid bid
           3.7500000000000000e+00   7.5000000000000000e+00   0.0000000000000000e+00 #xyz tv0
           4.6875000000000000e+00   7.5000000000000000e+00   0.0000000000000000e+00 #xyz tv1
           4.6875000000000000e+00   6.5625000000000000e+00   0.0000000000000000e+00 8 -1 #xyz tv2 fid bid
           3.7500000000000000e+00   7.5000000000000000e+00   0.0000000000000000e+00 #xyz tv0
           4.6875000000000000e+00   7.5000000000000000e+00   0.0000000000000000e+00 #xyz tv1
           4.6875000000000000e+00   6.5625000000000000e+00   0.0000000000000000e+00 76 -1 #xyz tv2 fid bid
           3.7500000000000000e+00   7.5000000000000000e+00   0.0000000000000000e+00 #xyz tv0
           4.6875000000000000e+00   7.5000000000000000e+00   0.0000000000000000e+00 #xyz tv1
           4.6875000000000000e+00   6.5625000000000000e+00   0.0000000000000000e+00 112 -1 #xyz tv2 fid bid
           3.7500000000000000e+00   7.5000000000000000e+00   0.0000000000000000e+00 #xyz ev0
           4.6875000000000000e+00   6.5625000000000000e+00   0.0000000000000000e+00 -1 6 #xyz ev1 fid bid
   0   0.000000000000e+00   0.000000000000e+00   0.000000000000e+00 #flag location
END_ERR 
