G3dErrFileVersion 2025R1
FlagFileMetaData Begin
   Mesh Size - Setup1, Refinement, Pass #1, Freq. 1.000000e+10 :Title    
   Listing of mesh elements with poor quality. :ToolTip  
   hf3d :Author   
   1779613322 :TimeStamp
   mm :UnitName 
   1.0000000000000000e-03 :UnitConv
FlagFileMetaData End
BEGIN_ERR 
26 Small mesh segment detected on body : Substrate
 Small mesh segment detected on body : Substrate 
 Segment Statistics - Number of Segments : 1 --- Segment length(s) : 1.325825mm. The cutoff frequency for S-Matrix Only Solve is 18.142850278383MHz 
4 -1  8  76  112  # nfids, fids[]
2 6  -1  # nbids, bids[]
      4 6 1 0 #ntets ntri ned npts
          -4.6875000000000000e+00  -6.5625000000000000e+00   0.0000000000000000e+00 #xyz tv0
          -3.7500000000000000e+00  -7.5000000000000000e+00   0.0000000000000000e+00 #xyz tv1
          -4.6875000000000000e+00  -7.5000000000000000e+00   0.0000000000000000e+00 #xyz tv2
          -4.2211671160378090e+00  -7.0368996577052663e+00   3.0836639450036679e-01 -1 6 #xyz tv3 fid bid
          -4.6875000000000000e+00  -7.5000000000000000e+00   0.0000000000000000e+00 #xyz tv0
          -4.6875000000000000e+00  -6.5625000000000000e+00   0.0000000000000000e+00 #xyz tv1
          -4.5031049049967056e+00  -8.2500000000000000e+00  -1.8247124194063982e+00 #xyz tv2
          -3.7500000000000000e+00  -7.5000000000000000e+00   0.0000000000000000e+00 -1 6 #xyz tv3 fid bid
          -4.2211671160378090e+00  -7.0368996577052663e+00   3.0836639450036679e-01 #xyz tv0
          -3.7500000000000000e+00  -7.5000000000000000e+00   0.0000000000000000e+00 #xyz tv1
          -3.7500000000000000e+00  -6.5625000000000000e+00   0.0000000000000000e+00 #xyz tv2
          -4.6875000000000000e+00  -6.5625000000000000e+00   0.0000000000000000e+00 -1 6 #xyz tv3 fid bid
          -3.7500000000000000e+00  -6.5625000000000000e+00   0.0000000000000000e+00 #xyz tv0
          -4.5031049049967056e+00  -8.2500000000000000e+00  -1.8247124194063982e+00 #xyz tv1
          -4.6875000000000000e+00  -6.5625000000000000e+00   0.0000000000000000e+00 #xyz tv2
          -3.7500000000000000e+00  -7.5000000000000000e+00   0.0000000000000000e+00 -1 6 #xyz tv3 fid bid
          -3.7500000000000000e+00  -6.5625000000000000e+00   0.0000000000000000e+00 #xyz tv0
          -3.7500000000000000e+00  -7.5000000000000000e+00   0.0000000000000000e+00 #xyz tv1
          -4.6875000000000000e+00  -6.5625000000000000e+00   0.0000000000000000e+00 8 -1 #xyz tv2 fid bid
          -3.7500000000000000e+00  -6.5625000000000000e+00   0.0000000000000000e+00 #xyz tv0
          -3.7500000000000000e+00  -7.5000000000000000e+00   0.0000000000000000e+00 #xyz tv1
          -4.6875000000000000e+00  -6.5625000000000000e+00   0.0000000000000000e+00 76 -1 #xyz tv2 fid bid
          -3.7500000000000000e+00  -6.5625000000000000e+00   0.0000000000000000e+00 #xyz tv0
          -3.7500000000000000e+00  -7.5000000000000000e+00   0.0000000000000000e+00 #xyz tv1
          -4.6875000000000000e+00  -6.5625000000000000e+00   0.0000000000000000e+00 112 -1 #xyz tv2 fid bid
          -3.7500000000000000e+00  -7.5000000000000000e+00   0.0000000000000000e+00 #xyz tv0
          -4.6875000000000000e+00  -7.5000000000000000e+00   0.0000000000000000e+00 #xyz tv1
          -4.6875000000000000e+00  -6.5625000000000000e+00   0.0000000000000000e+00 8 -1 #xyz tv2 fid bid
          -3.7500000000000000e+00  -7.5000000000000000e+00   0.0000000000000000e+00 #xyz tv0
          -4.6875000000000000e+00  -7.5000000000000000e+00   0.0000000000000000e+00 #xyz tv1
          -4.6875000000000000e+00  -6.5625000000000000e+00   0.0000000000000000e+00 76 -1 #xyz tv2 fid bid
          -3.7500000000000000e+00  -7.5000000000000000e+00   0.0000000000000000e+00 #xyz tv0
          -4.6875000000000000e+00  -7.5000000000000000e+00   0.0000000000000000e+00 #xyz tv1
          -4.6875000000000000e+00  -6.5625000000000000e+00   0.0000000000000000e+00 112 -1 #xyz tv2 fid bid
          -3.7500000000000000e+00  -7.5000000000000000e+00   0.0000000000000000e+00 #xyz ev0
          -4.6875000000000000e+00  -6.5625000000000000e+00   0.0000000000000000e+00 -1 6 #xyz ev1 fid bid
   0   0.000000000000e+00   0.000000000000e+00   0.000000000000e+00 #flag location
END_ERR 
BEGIN_ERR 
26 Small mesh segment detected on body : Substrate
 Small mesh segment detected on body : Substrate 
 Segment Statistics - Number of Segments : 1 --- Segment length(s) : 0.937500mm. The cutoff frequency for S-Matrix Only Solve is 18.142850278383MHz 
4 -1  8  76  112  # nfids, fids[]
2 6  -1  # nbids, bids[]
      4 6 1 0 #ntets ntri ned npts
           6.5625000000000000e+00  -7.5000000000000000e+00   9.5250000000000001e-02 #xyz tv0
           6.5625000000000000e+00  -6.5625000000000000e+00   0.0000000000000000e+00 #xyz tv1
           5.6250000000000000e+00  -7.5000000000000000e+00   0.0000000000000000e+00 #xyz tv2
           6.5625000000000000e+00  -7.5000000000000000e+00   0.0000000000000000e+00 -1 6 #xyz tv3 fid bid
           6.5625000000000000e+00  -7.5000000000000000e+00   0.0000000000000000e+00 #xyz tv0
           4.6875000000000000e+00  -7.0875000000000021e+00  -1.7268329659217376e+00 #xyz tv1
           6.5625000000000000e+00  -6.5625000000000000e+00   0.0000000000000000e+00 #xyz tv2
           5.6250000000000000e+00  -7.5000000000000000e+00   0.0000000000000000e+00 -1 6 #xyz tv3 fid bid
           6.5625000000000000e+00  -7.5000000000000000e+00   9.5250000000000001e-02 #xyz tv0
           6.5625000000000000e+00  -6.5625000000000000e+00   0.0000000000000000e+00 #xyz tv1
           6.5625000000000000e+00  -7.5000000000000000e+00   0.0000000000000000e+00 #xyz tv2
           7.5000000000000000e+00  -7.5000000000000000e+00   0.0000000000000000e+00 -1 6 #xyz tv3 fid bid
           6.5625000000000000e+00  -7.5000000000000000e+00   0.0000000000000000e+00 #xyz tv0
           6.5625000000000000e+00  -6.5625000000000000e+00   0.0000000000000000e+00 #xyz tv1
           4.6875000000000000e+00  -7.0875000000000021e+00  -1.7268329659217376e+00 #xyz tv2
           7.5000000000000000e+00  -7.5000000000000000e+00   0.0000000000000000e+00 -1 6 #xyz tv3 fid bid
           7.5000000000000000e+00  -7.5000000000000000e+00   0.0000000000000000e+00 #xyz tv0
           6.5625000000000000e+00  -7.5000000000000000e+00   0.0000000000000000e+00 #xyz tv1
           6.5625000000000000e+00  -6.5625000000000000e+00   0.0000000000000000e+00 8 -1 #xyz tv2 fid bid
           7.5000000000000000e+00  -7.5000000000000000e+00   0.0000000000000000e+00 #xyz tv0
           6.5625000000000000e+00  -7.5000000000000000e+00   0.0000000000000000e+00 #xyz tv1
           6.5625000000000000e+00  -6.5625000000000000e+00   0.0000000000000000e+00 76 -1 #xyz tv2 fid bid
           7.5000000000000000e+00  -7.5000000000000000e+00   0.0000000000000000e+00 #xyz tv0
           6.5625000000000000e+00  -7.5000000000000000e+00   0.0000000000000000e+00 #xyz tv1
           6.5625000000000000e+00  -6.5625000000000000e+00   0.0000000000000000e+00 112 -1 #xyz tv2 fid bid
           6.5625000000000000e+00  -7.5000000000000000e+00   0.0000000000000000e+00 #xyz tv0
           5.6250000000000000e+00  -7.5000000000000000e+00   0.0000000000000000e+00 #xyz tv1
           6.5625000000000000e+00  -6.5625000000000000e+00   0.0000000000000000e+00 8 -1 #xyz tv2 fid bid
           6.5625000000000000e+00  -7.5000000000000000e+00   0.0000000000000000e+00 #xyz tv0
           5.6250000000000000e+00  -7.5000000000000000e+00   0.0000000000000000e+00 #xyz tv1
           6.5625000000000000e+00  -6.5625000000000000e+00   0.0000000000000000e+00 76 -1 #xyz tv2 fid bid
           6.5625000000000000e+00  -7.5000000000000000e+00   0.0000000000000000e+00 #xyz tv0
           5.6250000000000000e+00  -7.5000000000000000e+00   0.0000000000000000e+00 #xyz tv1
           6.5625000000000000e+00  -6.5625000000000000e+00   0.0000000000000000e+00 112 -1 #xyz tv2 fid bid
           6.5625000000000000e+00  -7.5000000000000000e+00   0.0000000000000000e+00 #xyz ev0
           6.5625000000000000e+00  -6.5625000000000000e+00   0.0000000000000000e+00 -1 6 #xyz ev1 fid bid
   0   0.000000000000e+00   0.000000000000e+00   0.000000000000e+00 #flag location
END_ERR 
G3dErrFileVersion 2025R1
FlagFileMetaData Begin
   Mesh Size - Setup1, Refinement, Pass #2, Freq. 1.000000e+10 :Title    
   Listing of mesh elements with poor quality. :ToolTip  
   hf3d :Author   
   1779613327 :TimeStamp
   mm :UnitName 
   1.0000000000000000e-03 :UnitConv
FlagFileMetaData End
BEGIN_ERR 
26 Small mesh segment detected on body : Substrate
 Small mesh segment detected on body : Substrate 
 Segment Statistics - Number of Segments : 1 --- Segment length(s) : 1.325825mm. The cutoff frequency for S-Matrix Only Solve is 18.142850278383MHz 
4 -1  8  76  112  # nfids, fids[]
2 6  -1  # nbids, bids[]
      4 6 1 0 #ntets ntri ned npts
          -4.6875000000000000e+00  -6.5625000000000000e+00   0.0000000000000000e+00 #xyz tv0
          -3.7500000000000000e+00  -7.5000000000000000e+00   0.0000000000000000e+00 #xyz tv1
          -4.6875000000000000e+00  -7.5000000000000000e+00   0.0000000000000000e+00 #xyz tv2
          -4.2211671160378090e+00  -7.0368996577052663e+00   3.0836639450036679e-01 -1 6 #xyz tv3 fid bid
          -4.6875000000000000e+00  -7.5000000000000000e+00   0.0000000000000000e+00 #xyz tv0
          -4.6875000000000000e+00  -6.5625000000000000e+00   0.0000000000000000e+00 #xyz tv1
          -4.6442919076533276e+00  -8.2500000000000000e+00  -1.6796363161870480e+00 #xyz tv2
          -3.7500000000000000e+00  -7.5000000000000000e+00   0.0000000000000000e+00 -1 6 #xyz tv3 fid bid
          -4.2211671160378090e+00  -7.0368996577052663e+00   3.0836639450036679e-01 #xyz tv0
          -3.7500000000000000e+00  -7.5000000000000000e+00   0.0000000000000000e+00 #xyz tv1
          -3.7500000000000000e+00  -6.5625000000000000e+00   0.0000000000000000e+00 #xyz tv2
          -4.6875000000000000e+00  -6.5625000000000000e+00   0.0000000000000000e+00 -1 6 #xyz tv3 fid bid
          -3.7500000000000000e+00  -6.5625000000000000e+00   0.0000000000000000e+00 #xyz tv0
          -4.6442919076533276e+00  -8.2500000000000000e+00  -1.6796363161870480e+00 #xyz tv1
          -4.6875000000000000e+00  -6.5625000000000000e+00   0.0000000000000000e+00 #xyz tv2
          -3.7500000000000000e+00  -7.5000000000000000e+00   0.0000000000000000e+00 -1 6 #xyz tv3 fid bid
          -3.7500000000000000e+00  -6.5625000000000000e+00   0.0000000000000000e+00 #xyz tv0
          -3.7500000000000000e+00  -7.5000000000000000e+00   0.0000000000000000e+00 #xyz tv1
          -4.6875000000000000e+00  -6.5625000000000000e+00   0.0000000000000000e+00 8 -1 #xyz tv2 fid bid
          -3.7500000000000000e+00  -6.5625000000000000e+00   0.0000000000000000e+00 #xyz tv0
          -3.7500000000000000e+00  -7.5000000000000000e+00   0.0000000000000000e+00 #xyz tv1
          -4.6875000000000000e+00  -6.5625000000000000e+00   0.0000000000000000e+00 76 -1 #xyz tv2 fid bid
          -3.7500000000000000e+00  -6.5625000000000000e+00   0.0000000000000000e+00 #xyz tv0
          -3.7500000000000000e+00  -7.5000000000000000e+00   0.0000000000000000e+00 #xyz tv1
          -4.6875000000000000e+00  -6.5625000000000000e+00   0.0000000000000000e+00 112 -1 #xyz tv2 fid bid
          -3.7500000000000000e+00  -7.5000000000000000e+00   0.0000000000000000e+00 #xyz tv0
          -4.6875000000000000e+00  -7.5000000000000000e+00   0.0000000000000000e+00 #xyz tv1
          -4.6875000000000000e+00  -6.5625000000000000e+00   0.0000000000000000e+00 8 -1 #xyz tv2 fid bid
          -3.7500000000000000e+00  -7.5000000000000000e+00   0.0000000000000000e+00 #xyz tv0
          -4.6875000000000000e+00  -7.5000000000000000e+00   0.0000000000000000e+00 #xyz tv1
          -4.6875000000000000e+00  -6.5625000000000000e+00   0.0000000000000000e+00 76 -1 #xyz tv2 fid bid
          -3.7500000000000000e+00  -7.5000000000000000e+00   0.0000000000000000e+00 #xyz tv0
          -4.6875000000000000e+00  -7.5000000000000000e+00   0.0000000000000000e+00 #xyz tv1
          -4.6875000000000000e+00  -6.5625000000000000e+00   0.0000000000000000e+00 112 -1 #xyz tv2 fid bid
          -3.7500000000000000e+00  -7.5000000000000000e+00   0.0000000000000000e+00 #xyz ev0
          -4.6875000000000000e+00  -6.5625000000000000e+00   0.0000000000000000e+00 -1 6 #xyz ev1 fid bid
   0   0.000000000000e+00   0.000000000000e+00   0.000000000000e+00 #flag location
END_ERR 
BEGIN_ERR 
26 Small mesh segment detected on body : Substrate
 Small mesh segment detected on body : Substrate 
 Segment Statistics - Number of Segments : 1 --- Segment length(s) : 0.937500mm. The cutoff frequency for S-Matrix Only Solve is 18.142850278383MHz 
4 -1  8  76  112  # nfids, fids[]
2 6  -1  # nbids, bids[]
      4 6 1 0 #ntets ntri ned npts
           6.5625000000000000e+00  -7.5000000000000000e+00   9.5250000000000001e-02 #xyz tv0
           6.5625000000000000e+00  -6.5625000000000000e+00   0.0000000000000000e+00 #xyz tv1
           5.6250000000000000e+00  -7.5000000000000000e+00   0.0000000000000000e+00 #xyz tv2
           6.5625000000000000e+00  -7.5000000000000000e+00   0.0000000000000000e+00 -1 6 #xyz tv3 fid bid
           6.5625000000000000e+00  -7.5000000000000000e+00   0.0000000000000000e+00 #xyz tv0
           4.6875000000000000e+00  -7.0875000000000030e+00  -1.7268329659217379e+00 #xyz tv1
           6.5625000000000000e+00  -6.5625000000000000e+00   0.0000000000000000e+00 #xyz tv2
           5.6250000000000000e+00  -7.5000000000000000e+00   0.0000000000000000e+00 -1 6 #xyz tv3 fid bid
           6.5625000000000000e+00  -7.5000000000000000e+00   9.5250000000000001e-02 #xyz tv0
           6.5625000000000000e+00  -6.5625000000000000e+00   0.0000000000000000e+00 #xyz tv1
           6.5625000000000000e+00  -7.5000000000000000e+00   0.0000000000000000e+00 #xyz tv2
           7.5000000000000000e+00  -7.5000000000000000e+00   0.0000000000000000e+00 -1 6 #xyz tv3 fid bid
           6.5625000000000000e+00  -7.5000000000000000e+00   0.0000000000000000e+00 #xyz tv0
           6.5625000000000000e+00  -6.5625000000000000e+00   0.0000000000000000e+00 #xyz tv1
           4.6875000000000000e+00  -7.0875000000000030e+00  -1.7268329659217379e+00 #xyz tv2
           7.5000000000000000e+00  -7.5000000000000000e+00   0.0000000000000000e+00 -1 6 #xyz tv3 fid bid
           7.5000000000000000e+00  -7.5000000000000000e+00   0.0000000000000000e+00 #xyz tv0
           6.5625000000000000e+00  -7.5000000000000000e+00   0.0000000000000000e+00 #xyz tv1
           6.5625000000000000e+00  -6.5625000000000000e+00   0.0000000000000000e+00 8 -1 #xyz tv2 fid bid
           7.5000000000000000e+00  -7.5000000000000000e+00   0.0000000000000000e+00 #xyz tv0
           6.5625000000000000e+00  -7.5000000000000000e+00   0.0000000000000000e+00 #xyz tv1
           6.5625000000000000e+00  -6.5625000000000000e+00   0.0000000000000000e+00 76 -1 #xyz tv2 fid bid
           7.5000000000000000e+00  -7.5000000000000000e+00   0.0000000000000000e+00 #xyz tv0
           6.5625000000000000e+00  -7.5000000000000000e+00   0.0000000000000000e+00 #xyz tv1
           6.5625000000000000e+00  -6.5625000000000000e+00   0.0000000000000000e+00 112 -1 #xyz tv2 fid bid
           6.5625000000000000e+00  -7.5000000000000000e+00   0.0000000000000000e+00 #xyz tv0
           5.6250000000000000e+00  -7.5000000000000000e+00   0.0000000000000000e+00 #xyz tv1
           6.5625000000000000e+00  -6.5625000000000000e+00   0.0000000000000000e+00 8 -1 #xyz tv2 fid bid
           6.5625000000000000e+00  -7.5000000000000000e+00   0.0000000000000000e+00 #xyz tv0
           5.6250000000000000e+00  -7.5000000000000000e+00   0.0000000000000000e+00 #xyz tv1
           6.5625000000000000e+00  -6.5625000000000000e+00   0.0000000000000000e+00 76 -1 #xyz tv2 fid bid
           6.5625000000000000e+00  -7.5000000000000000e+00   0.0000000000000000e+00 #xyz tv0
           5.6250000000000000e+00  -7.5000000000000000e+00   0.0000000000000000e+00 #xyz tv1
           6.5625000000000000e+00  -6.5625000000000000e+00   0.0000000000000000e+00 112 -1 #xyz tv2 fid bid
           6.5625000000000000e+00  -7.5000000000000000e+00   0.0000000000000000e+00 #xyz ev0
           6.5625000000000000e+00  -6.5625000000000000e+00   0.0000000000000000e+00 -1 6 #xyz ev1 fid bid
   0   0.000000000000e+00   0.000000000000e+00   0.000000000000e+00 #flag location
END_ERR 
G3dErrFileVersion 2025R1
FlagFileMetaData Begin
   Mesh Size - Setup1, Refinement, Pass #3, Freq. 1.000000e+10 :Title    
   Listing of mesh elements with poor quality. :ToolTip  
   hf3d :Author   
   1779613334 :TimeStamp
   mm :UnitName 
   1.0000000000000000e-03 :UnitConv
FlagFileMetaData End
BEGIN_ERR 
26 Small mesh segment detected on body : Substrate
 Small mesh segment detected on body : Substrate 
 Segment Statistics - Number of Segments : 1 --- Segment length(s) : 1.325825mm. The cutoff frequency for S-Matrix Only Solve is 18.142850278383MHz 
4 -1  8  76  112  # nfids, fids[]
2 6  -1  # nbids, bids[]
      4 6 1 0 #ntets ntri ned npts
          -4.6875000000000000e+00  -6.5625000000000000e+00   0.0000000000000000e+00 #xyz tv0
          -3.7500000000000000e+00  -7.5000000000000000e+00   0.0000000000000000e+00 #xyz tv1
          -4.6875000000000000e+00  -7.5000000000000000e+00   0.0000000000000000e+00 #xyz tv2
          -4.2211671160378090e+00  -7.0368996577052663e+00   3.0836639450036679e-01 -1 6 #xyz tv3 fid bid
          -4.6875000000000000e+00  -7.5000000000000000e+00   0.0000000000000000e+00 #xyz tv0
          -4.6875000000000000e+00  -6.5625000000000000e+00   0.0000000000000000e+00 #xyz tv1
          -4.6845067052519944e+00  -8.2500000000000000e+00  -1.6438786418581322e+00 #xyz tv2
          -3.7500000000000000e+00  -7.5000000000000000e+00   0.0000000000000000e+00 -1 6 #xyz tv3 fid bid
          -4.2211671160378090e+00  -7.0368996577052663e+00   3.0836639450036679e-01 #xyz tv0
          -3.7500000000000000e+00  -7.5000000000000000e+00   0.0000000000000000e+00 #xyz tv1
          -3.7500000000000000e+00  -6.5625000000000000e+00   0.0000000000000000e+00 #xyz tv2
          -4.6875000000000000e+00  -6.5625000000000000e+00   0.0000000000000000e+00 -1 6 #xyz tv3 fid bid
          -3.7500000000000000e+00  -6.5625000000000000e+00   0.0000000000000000e+00 #xyz tv0
          -4.6845067052519944e+00  -8.2500000000000000e+00  -1.6438786418581322e+00 #xyz tv1
          -4.6875000000000000e+00  -6.5625000000000000e+00   0.0000000000000000e+00 #xyz tv2
          -3.7500000000000000e+00  -7.5000000000000000e+00   0.0000000000000000e+00 -1 6 #xyz tv3 fid bid
          -3.7500000000000000e+00  -6.5625000000000000e+00   0.0000000000000000e+00 #xyz tv0
          -3.7500000000000000e+00  -7.5000000000000000e+00   0.0000000000000000e+00 #xyz tv1
          -4.6875000000000000e+00  -6.5625000000000000e+00   0.0000000000000000e+00 8 -1 #xyz tv2 fid bid
          -3.7500000000000000e+00  -6.5625000000000000e+00   0.0000000000000000e+00 #xyz tv0
          -3.7500000000000000e+00  -7.5000000000000000e+00   0.0000000000000000e+00 #xyz tv1
          -4.6875000000000000e+00  -6.5625000000000000e+00   0.0000000000000000e+00 76 -1 #xyz tv2 fid bid
          -3.7500000000000000e+00  -6.5625000000000000e+00   0.0000000000000000e+00 #xyz tv0
          -3.7500000000000000e+00  -7.5000000000000000e+00   0.0000000000000000e+00 #xyz tv1
          -4.6875000000000000e+00  -6.5625000000000000e+00   0.0000000000000000e+00 112 -1 #xyz tv2 fid bid
          -3.7500000000000000e+00  -7.5000000000000000e+00   0.0000000000000000e+00 #xyz tv0
          -4.6875000000000000e+00  -7.5000000000000000e+00   0.0000000000000000e+00 #xyz tv1
          -4.6875000000000000e+00  -6.5625000000000000e+00   0.0000000000000000e+00 8 -1 #xyz tv2 fid bid
          -3.7500000000000000e+00  -7.5000000000000000e+00   0.0000000000000000e+00 #xyz tv0
          -4.6875000000000000e+00  -7.5000000000000000e+00   0.0000000000000000e+00 #xyz tv1
          -4.6875000000000000e+00  -6.5625000000000000e+00   0.0000000000000000e+00 76 -1 #xyz tv2 fid bid
          -3.7500000000000000e+00  -7.5000000000000000e+00   0.0000000000000000e+00 #xyz tv0
          -4.6875000000000000e+00  -7.5000000000000000e+00   0.0000000000000000e+00 #xyz tv1
          -4.6875000000000000e+00  -6.5625000000000000e+00   0.0000000000000000e+00 112 -1 #xyz tv2 fid bid
          -3.7500000000000000e+00  -7.5000000000000000e+00   0.0000000000000000e+00 #xyz ev0
          -4.6875000000000000e+00  -6.5625000000000000e+00   0.0000000000000000e+00 -1 6 #xyz ev1 fid bid
   0   0.000000000000e+00   0.000000000000e+00   0.000000000000e+00 #flag location
END_ERR 
BEGIN_ERR 
26 Small mesh segment detected on body : Substrate
 Small mesh segment detected on body : Substrate 
 Segment Statistics - Number of Segments : 1 --- Segment length(s) : 0.937500mm. The cutoff frequency for S-Matrix Only Solve is 18.142850278383MHz 
4 -1  8  76  112  # nfids, fids[]
2 6  -1  # nbids, bids[]
      4 6 1 0 #ntets ntri ned npts
           6.5625000000000000e+00  -7.5000000000000000e+00   9.5250000000000001e-02 #xyz tv0
           6.5625000000000000e+00  -6.5625000000000000e+00   0.0000000000000000e+00 #xyz tv1
           5.6250000000000000e+00  -7.5000000000000000e+00   0.0000000000000000e+00 #xyz tv2
           6.5625000000000000e+00  -7.5000000000000000e+00   0.0000000000000000e+00 -1 6 #xyz tv3 fid bid
           6.5625000000000000e+00  -7.5000000000000000e+00   0.0000000000000000e+00 #xyz tv0
           4.6875000000000000e+00  -7.0875000000000039e+00  -1.7268329659217381e+00 #xyz tv1
           6.5625000000000000e+00  -6.5625000000000000e+00   0.0000000000000000e+00 #xyz tv2
           5.6250000000000000e+00  -7.5000000000000000e+00   0.0000000000000000e+00 -1 6 #xyz tv3 fid bid
           6.5625000000000000e+00  -7.5000000000000000e+00   9.5250000000000001e-02 #xyz tv0
           6.5625000000000000e+00  -6.5625000000000000e+00   0.0000000000000000e+00 #xyz tv1
           6.5625000000000000e+00  -7.5000000000000000e+00   0.0000000000000000e+00 #xyz tv2
           7.5000000000000000e+00  -7.5000000000000000e+00   0.0000000000000000e+00 -1 6 #xyz tv3 fid bid
           6.5625000000000000e+00  -7.5000000000000000e+00   0.0000000000000000e+00 #xyz tv0
           6.5625000000000000e+00  -6.5625000000000000e+00   0.0000000000000000e+00 #xyz tv1
           4.6875000000000000e+00  -7.0875000000000039e+00  -1.7268329659217381e+00 #xyz tv2
           7.5000000000000000e+00  -7.5000000000000000e+00   0.0000000000000000e+00 -1 6 #xyz tv3 fid bid
           7.5000000000000000e+00  -7.5000000000000000e+00   0.0000000000000000e+00 #xyz tv0
           6.5625000000000000e+00  -7.5000000000000000e+00   0.0000000000000000e+00 #xyz tv1
           6.5625000000000000e+00  -6.5625000000000000e+00   0.0000000000000000e+00 8 -1 #xyz tv2 fid bid
           7.5000000000000000e+00  -7.5000000000000000e+00   0.0000000000000000e+00 #xyz tv0
           6.5625000000000000e+00  -7.5000000000000000e+00   0.0000000000000000e+00 #xyz tv1
           6.5625000000000000e+00  -6.5625000000000000e+00   0.0000000000000000e+00 76 -1 #xyz tv2 fid bid
           7.5000000000000000e+00  -7.5000000000000000e+00   0.0000000000000000e+00 #xyz tv0
           6.5625000000000000e+00  -7.5000000000000000e+00   0.0000000000000000e+00 #xyz tv1
           6.5625000000000000e+00  -6.5625000000000000e+00   0.0000000000000000e+00 112 -1 #xyz tv2 fid bid
           6.5625000000000000e+00  -7.5000000000000000e+00   0.0000000000000000e+00 #xyz tv0
           5.6250000000000000e+00  -7.5000000000000000e+00   0.0000000000000000e+00 #xyz tv1
           6.5625000000000000e+00  -6.5625000000000000e+00   0.0000000000000000e+00 8 -1 #xyz tv2 fid bid
           6.5625000000000000e+00  -7.5000000000000000e+00   0.0000000000000000e+00 #xyz tv0
           5.6250000000000000e+00  -7.5000000000000000e+00   0.0000000000000000e+00 #xyz tv1
           6.5625000000000000e+00  -6.5625000000000000e+00   0.0000000000000000e+00 76 -1 #xyz tv2 fid bid
           6.5625000000000000e+00  -7.5000000000000000e+00   0.0000000000000000e+00 #xyz tv0
           5.6250000000000000e+00  -7.5000000000000000e+00   0.0000000000000000e+00 #xyz tv1
           6.5625000000000000e+00  -6.5625000000000000e+00   0.0000000000000000e+00 112 -1 #xyz tv2 fid bid
           6.5625000000000000e+00  -7.5000000000000000e+00   0.0000000000000000e+00 #xyz ev0
           6.5625000000000000e+00  -6.5625000000000000e+00   0.0000000000000000e+00 -1 6 #xyz ev1 fid bid
   0   0.000000000000e+00   0.000000000000e+00   0.000000000000e+00 #flag location
END_ERR 
BEGIN_ERR 
26 Small mesh segment detected on body : Substrate
 Small mesh segment detected on body : Substrate 
 Segment Statistics - Number of Segments : 1 --- Segment length(s) : 1.325825mm. The cutoff frequency for S-Matrix Only Solve is 18.142850278383MHz 
4 -1  8  76  112  # nfids, fids[]
2 6  -1  # nbids, bids[]
      5 6 1 0 #ntets ntri ned npts
           6.5625000000000000e+00  -7.5000000000000000e+00   9.5250000000000001e-02 #xyz tv0
           5.6250000000000000e+00  -7.5000000000000000e+00   0.0000000000000000e+00 #xyz tv1
           6.5625000000000000e+00  -6.5625000000000000e+00   0.0000000000000000e+00 #xyz tv2
           5.6250000000000000e+00  -7.5000000000000000e+00   1.9050000000000000e-01 -1 6 #xyz tv3 fid bid
           6.5625000000000000e+00  -7.5000000000000000e+00   9.5250000000000001e-02 #xyz tv0
           6.5625000000000000e+00  -6.5625000000000000e+00   0.0000000000000000e+00 #xyz tv1
           5.6250000000000000e+00  -7.5000000000000000e+00   0.0000000000000000e+00 #xyz tv2
           6.5625000000000000e+00  -7.5000000000000000e+00   0.0000000000000000e+00 -1 6 #xyz tv3 fid bid
           5.6250000000000000e+00  -6.5625000000000000e+00   0.0000000000000000e+00 #xyz tv0
           5.6250000000000000e+00  -7.5000000000000000e+00   1.9050000000000000e-01 #xyz tv1
           6.5625000000000000e+00  -6.5625000000000000e+00   0.0000000000000000e+00 #xyz tv2
           5.6250000000000000e+00  -7.5000000000000000e+00   0.0000000000000000e+00 -1 6 #xyz tv3 fid bid
           6.5625000000000000e+00  -7.5000000000000000e+00   0.0000000000000000e+00 #xyz tv0
           4.6875000000000000e+00  -7.0875000000000039e+00  -1.7268329659217381e+00 #xyz tv1
           6.5625000000000000e+00  -6.5625000000000000e+00   0.0000000000000000e+00 #xyz tv2
           5.6250000000000000e+00  -7.5000000000000000e+00   0.0000000000000000e+00 -1 6 #xyz tv3 fid bid
           5.6250000000000000e+00  -6.5625000000000000e+00   0.0000000000000000e+00 #xyz tv0
           6.5625000000000000e+00  -6.5625000000000000e+00   0.0000000000000000e+00 #xyz tv1
           4.6875000000000000e+00  -7.0875000000000039e+00  -1.7268329659217381e+00 #xyz tv2
           5.6250000000000000e+00  -7.5000000000000000e+00   0.0000000000000000e+00 -1 6 #xyz tv3 fid bid
           6.5625000000000000e+00  -7.5000000000000000e+00   0.0000000000000000e+00 #xyz tv0
           5.6250000000000000e+00  -7.5000000000000000e+00   0.0000000000000000e+00 #xyz tv1
           6.5625000000000000e+00  -6.5625000000000000e+00   0.0000000000000000e+00 8 -1 #xyz tv2 fid bid
           6.5625000000000000e+00  -7.5000000000000000e+00   0.0000000000000000e+00 #xyz tv0
           5.6250000000000000e+00  -7.5000000000000000e+00   0.0000000000000000e+00 #xyz tv1
           6.5625000000000000e+00  -6.5625000000000000e+00   0.0000000000000000e+00 76 -1 #xyz tv2 fid bid
           6.5625000000000000e+00  -7.5000000000000000e+00   0.0000000000000000e+00 #xyz tv0
           5.6250000000000000e+00  -7.5000000000000000e+00   0.0000000000000000e+00 #xyz tv1
           6.5625000000000000e+00  -6.5625000000000000e+00   0.0000000000000000e+00 112 -1 #xyz tv2 fid bid
           5.6250000000000000e+00  -7.5000000000000000e+00   0.0000000000000000e+00 #xyz tv0
           5.6250000000000000e+00  -6.5625000000000000e+00   0.0000000000000000e+00 #xyz tv1
           6.5625000000000000e+00  -6.5625000000000000e+00   0.0000000000000000e+00 8 -1 #xyz tv2 fid bid
           5.6250000000000000e+00  -7.5000000000000000e+00   0.0000000000000000e+00 #xyz tv0
           5.6250000000000000e+00  -6.5625000000000000e+00   0.0000000000000000e+00 #xyz tv1
           6.5625000000000000e+00  -6.5625000000000000e+00   0.0000000000000000e+00 76 -1 #xyz tv2 fid bid
           5.6250000000000000e+00  -7.5000000000000000e+00   0.0000000000000000e+00 #xyz tv0
           5.6250000000000000e+00  -6.5625000000000000e+00   0.0000000000000000e+00 #xyz tv1
           6.5625000000000000e+00  -6.5625000000000000e+00   0.0000000000000000e+00 112 -1 #xyz tv2 fid bid
           5.6250000000000000e+00  -7.5000000000000000e+00   0.0000000000000000e+00 #xyz ev0
           6.5625000000000000e+00  -6.5625000000000000e+00   0.0000000000000000e+00 -1 6 #xyz ev1 fid bid
   0   0.000000000000e+00   0.000000000000e+00   0.000000000000e+00 #flag location
END_ERR 
BEGIN_ERR 
26 Small mesh segment detected on body : Substrate
 Small mesh segment detected on body : Substrate 
 Segment Statistics - Number of Segments : 1 --- Segment length(s) : 0.937500mm. The cutoff frequency for S-Matrix Only Solve is 18.142850278383MHz 
4 -1  8  76  112  # nfids, fids[]
2 6  -1  # nbids, bids[]
      4 6 1 0 #ntets ntri ned npts
           6.5625000000000000e+00   7.5000000000000000e+00   9.5250000000000001e-02 #xyz tv0
           5.6250000000000000e+00   7.5000000000000000e+00   0.0000000000000000e+00 #xyz tv1
           6.5625000000000000e+00   6.5625000000000000e+00   0.0000000000000000e+00 #xyz tv2
           6.5625000000000000e+00   7.5000000000000000e+00   0.0000000000000000e+00 -1 6 #xyz tv3 fid bid
           6.5625000000000000e+00   7.5000000000000000e+00   0.0000000000000000e+00 #xyz tv0
           6.5625000000000000e+00   6.5625000000000000e+00   0.0000000000000000e+00 #xyz tv1
           6.5495452974946708e+00   5.4828890765070533e+00  -1.2043605926153529e+00 #xyz tv2
           5.6250000000000000e+00   7.5000000000000000e+00   0.0000000000000000e+00 -1 6 #xyz tv3 fid bid
           6.5625000000000000e+00   7.5000000000000000e+00   9.5250000000000001e-02 #xyz tv0
           6.5625000000000000e+00   7.5000000000000000e+00   0.0000000000000000e+00 #xyz tv1
           6.5625000000000000e+00   6.5625000000000000e+00   0.0000000000000000e+00 #xyz tv2
           7.5000000000000000e+00   7.5000000000000000e+00   0.0000000000000000e+00 -1 6 #xyz tv3 fid bid
           6.5625000000000000e+00   7.5000000000000000e+00   0.0000000000000000e+00 #xyz tv0
           6.5495452974946708e+00   5.4828890765070533e+00  -1.2043605926153529e+00 #xyz tv1
           6.5625000000000000e+00   6.5625000000000000e+00   0.0000000000000000e+00 #xyz tv2
           7.5000000000000000e+00   7.5000000000000000e+00   0.0000000000000000e+00 -1 6 #xyz tv3 fid bid
           5.6250000000000000e+00   7.5000000000000000e+00   0.0000000000000000e+00 #xyz tv0
           6.5625000000000000e+00   7.5000000000000000e+00   0.0000000000000000e+00 #xyz tv1
           6.5625000000000000e+00   6.5625000000000000e+00   0.0000000000000000e+00 8 -1 #xyz tv2 fid bid
           5.6250000000000000e+00   7.5000000000000000e+00   0.0000000000000000e+00 #xyz tv0
           6.5625000000000000e+00   7.5000000000000000e+00   0.0000000000000000e+00 #xyz tv1
           6.5625000000000000e+00   6.5625000000000000e+00   0.0000000000000000e+00 76 -1 #xyz tv2 fid bid
           5.6250000000000000e+00   7.5000000000000000e+00   0.0000000000000000e+00 #xyz tv0
           6.5625000000000000e+00   7.5000000000000000e+00   0.0000000000000000e+00 #xyz tv1
           6.5625000000000000e+00   6.5625000000000000e+00   0.0000000000000000e+00 112 -1 #xyz tv2 fid bid
           6.5625000000000000e+00   7.5000000000000000e+00   0.0000000000000000e+00 #xyz tv0
           7.5000000000000000e+00   7.5000000000000000e+00   0.0000000000000000e+00 #xyz tv1
           6.5625000000000000e+00   6.5625000000000000e+00   0.0000000000000000e+00 8 -1 #xyz tv2 fid bid
           6.5625000000000000e+00   7.5000000000000000e+00   0.0000000000000000e+00 #xyz tv0
           7.5000000000000000e+00   7.5000000000000000e+00   0.0000000000000000e+00 #xyz tv1
           6.5625000000000000e+00   6.5625000000000000e+00   0.0000000000000000e+00 76 -1 #xyz tv2 fid bid
           6.5625000000000000e+00   7.5000000000000000e+00   0.0000000000000000e+00 #xyz tv0
           7.5000000000000000e+00   7.5000000000000000e+00   0.0000000000000000e+00 #xyz tv1
           6.5625000000000000e+00   6.5625000000000000e+00   0.0000000000000000e+00 112 -1 #xyz tv2 fid bid
           6.5625000000000000e+00   7.5000000000000000e+00   0.0000000000000000e+00 #xyz ev0
           6.5625000000000000e+00   6.5625000000000000e+00   0.0000000000000000e+00 -1 6 #xyz ev1 fid bid
   0   0.000000000000e+00   0.000000000000e+00   0.000000000000e+00 #flag location
END_ERR 
G3dErrFileVersion 2025R1
FlagFileMetaData Begin
   Mesh Size - Setup1, Refinement, Pass #4, Freq. 1.000000e+10 :Title    
   Listing of mesh elements with poor quality. :ToolTip  
   hf3d :Author   
   1779613339 :TimeStamp
   mm :UnitName 
   1.0000000000000000e-03 :UnitConv
FlagFileMetaData End
BEGIN_ERR 
26 Small mesh segment detected on body : Simulation_Box
 Small mesh segment detected on body : Simulation_Box 
 Segment Statistics - Number of Segments : 1 --- Segment length(s) : 0.089854mm. The cutoff frequency for S-Matrix Only Solve is 18.142850278383MHz 
1 -1  # nfids, fids[]
1 74  # nbids, bids[]
      6 0 1 0 #ntets ntri ned npts
           3.4681558930493295e+00  -3.4387011218488936e+00   1.6389349908747282e+00 #xyz tv0
           3.3126839790461524e+00  -3.5480462769379910e+00   1.5240000000000000e+00 #xyz tv1
           3.2686087767556939e+00  -3.5301838196129491e+00   1.6002370869892868e+00 #xyz tv2
           3.4728754945671811e+00  -3.5243771835479705e+00   1.7629379936791989e+00 -1 74 #xyz tv3 fid bid
           3.4681558930493295e+00  -3.4387011218488936e+00   1.6389349908747282e+00 #xyz tv0
           3.2686087767556939e+00  -3.5301838196129491e+00   1.6002370869892868e+00 #xyz tv1
           3.3126839790461524e+00  -3.5480462769379910e+00   1.5240000000000000e+00 #xyz tv2
           3.4050000000000007e+00  -3.4050000000000007e+00   1.5240000000000000e+00 -1 74 #xyz tv3 fid bid
           3.3126839790461524e+00  -3.5480462769379910e+00   1.5240000000000000e+00 #xyz tv0
           3.2686087767556939e+00  -3.5301838196129491e+00   1.6002370869892868e+00 #xyz tv1
           3.4728754945671811e+00  -3.5243771835479705e+00   1.7629379936791989e+00 #xyz tv2
           3.3271383347120995e+00  -3.6850129420352999e+00   1.6795310440940003e+00 -1 74 #xyz tv3 fid bid
           3.2686087767556939e+00  -3.5301838196129491e+00   1.6002370869892868e+00 #xyz tv0
           3.4050000000000007e+00  -3.4050000000000007e+00   1.5240000000000000e+00 #xyz tv1
           3.1921875000000002e+00  -3.4050000000000007e+00   1.5240000000000000e+00 #xyz tv2
           3.3126839790461524e+00  -3.5480462769379910e+00   1.5240000000000000e+00 -1 74 #xyz tv3 fid bid
           3.2686087767556939e+00  -3.5301838196129491e+00   1.6002370869892868e+00 #xyz tv0
           3.3126839790461524e+00  -3.5480462769379910e+00   1.5240000000000000e+00 #xyz tv1
           3.2203679580923046e+00  -3.6910925538759818e+00   1.5240000000000000e+00 #xyz tv2
           3.3271383347120995e+00  -3.6850129420352999e+00   1.6795310440940003e+00 -1 74 #xyz tv3 fid bid
           3.2686087767556939e+00  -3.5301838196129491e+00   1.6002370869892868e+00 #xyz tv0
           3.2203679580923046e+00  -3.6910925538759818e+00   1.5240000000000000e+00 #xyz tv1
           3.3126839790461524e+00  -3.5480462769379910e+00   1.5240000000000000e+00 #xyz tv2
           3.1921875000000002e+00  -3.4050000000000007e+00   1.5240000000000000e+00 -1 74 #xyz tv3 fid bid
           3.3126839790461524e+00  -3.5480462769379910e+00   1.5240000000000000e+00 #xyz ev0
           3.2686087767556939e+00  -3.5301838196129491e+00   1.6002370869892868e+00 -1 74 #xyz ev1 fid bid
   0   0.000000000000e+00   0.000000000000e+00   0.000000000000e+00 #flag location
END_ERR 
BEGIN_ERR 
26 Small mesh segment detected on body : Substrate
 Small mesh segment detected on body : Substrate 
 Segment Statistics - Number of Segments : 1 --- Segment length(s) : 0.093182mm. The cutoff frequency for S-Matrix Only Solve is 18.142850278383MHz 
1 -1  # nfids, fids[]
1 6  # nbids, bids[]
      4 0 1 0 #ntets ntri ned npts
           1.2323014770914389e+00   3.6239240241624113e+00   1.5240000000000000e+00 #xyz tv0
           1.1035635750293464e+00   3.6008568885735066e+00   1.3953150951743498e+00 #xyz tv1
           1.2768750000000002e+00   3.4050000000000007e+00   1.5240000000000000e+00 #xyz tv2
           1.2699171353306826e+00   3.6206679264621786e+00   1.4388095234605200e+00 -1 6 #xyz tv3 fid bid
           1.2323014770914389e+00   3.6239240241624113e+00   1.5240000000000000e+00 #xyz tv0
           1.2699171353306826e+00   3.6206679264621786e+00   1.4388095234605200e+00 #xyz tv1
           1.2768750000000002e+00   3.4050000000000007e+00   1.5240000000000000e+00 #xyz tv2
           1.4682298206928612e+00   3.6384304974647783e+00   1.5240000000000000e+00 -1 6 #xyz tv3 fid bid
           1.2323014770914389e+00   3.6239240241624113e+00   1.5240000000000000e+00 #xyz tv0
           1.2022955008755907e+00   3.8848000190685159e+00   1.5240000000000000e+00 #xyz tv1
           1.1035635750293464e+00   3.6008568885735066e+00   1.3953150951743498e+00 #xyz tv2
           1.2699171353306826e+00   3.6206679264621786e+00   1.4388095234605200e+00 -1 6 #xyz tv3 fid bid
           1.2323014770914389e+00   3.6239240241624113e+00   1.5240000000000000e+00 #xyz tv0
           1.2022955008755907e+00   3.8848000190685159e+00   1.5240000000000000e+00 #xyz tv1
           1.2699171353306826e+00   3.6206679264621786e+00   1.4388095234605200e+00 #xyz tv2
           1.4682298206928612e+00   3.6384304974647783e+00   1.5240000000000000e+00 -1 6 #xyz tv3 fid bid
           1.2323014770914389e+00   3.6239240241624113e+00   1.5240000000000000e+00 #xyz ev0
           1.2699171353306826e+00   3.6206679264621786e+00   1.4388095234605200e+00 -1 6 #xyz ev1 fid bid
   0   0.000000000000e+00   0.000000000000e+00   0.000000000000e+00 #flag location
END_ERR 
BEGIN_ERR 
26 Small mesh segment detected on body : Substrate
 Small mesh segment detected on body : Substrate 
 Segment Statistics - Number of Segments : 1 --- Segment length(s) : 1.325825mm. The cutoff frequency for S-Matrix Only Solve is 18.142850278383MHz 
4 -1  8  76  112  # nfids, fids[]
2 6  -1  # nbids, bids[]
      4 6 1 0 #ntets ntri ned npts
          -4.6875000000000000e+00  -6.5625000000000000e+00   0.0000000000000000e+00 #xyz tv0
          -3.7500000000000000e+00  -7.5000000000000000e+00   0.0000000000000000e+00 #xyz tv1
          -4.6875000000000000e+00  -7.5000000000000000e+00   0.0000000000000000e+00 #xyz tv2
          -4.2211671160378090e+00  -7.0368996577052663e+00   3.0836639450036679e-01 -1 6 #xyz tv3 fid bid
          -4.6875000000000000e+00  -7.5000000000000000e+00   0.0000000000000000e+00 #xyz tv0
          -4.6875000000000000e+00  -6.5625000000000000e+00   0.0000000000000000e+00 #xyz tv1
          -4.6956473176082163e+00  -8.2500000000000000e+00  -1.6347350898047197e+00 #xyz tv2
          -3.7500000000000000e+00  -7.5000000000000000e+00   0.0000000000000000e+00 -1 6 #xyz tv3 fid bid
          -4.2211671160378090e+00  -7.0368996577052663e+00   3.0836639450036679e-01 #xyz tv0
          -3.7500000000000000e+00  -7.5000000000000000e+00   0.0000000000000000e+00 #xyz tv1
          -3.7500000000000000e+00  -6.5625000000000000e+00   0.0000000000000000e+00 #xyz tv2
          -4.6875000000000000e+00  -6.5625000000000000e+00   0.0000000000000000e+00 -1 6 #xyz tv3 fid bid
          -3.7500000000000000e+00  -6.5625000000000000e+00   0.0000000000000000e+00 #xyz tv0
          -4.6956473176082163e+00  -8.2500000000000000e+00  -1.6347350898047197e+00 #xyz tv1
