G3dErrFileVersion 2025R1
FlagFileMetaData Begin
   Mesh Size - Setup1, Refinement, Pass #1, Freq. 1.100000e+10 :Title    
   Listing of mesh elements with poor quality. :ToolTip  
   hf3d :Author   
   1768245195 :TimeStamp
   mm :UnitName 
   1.0000000000000000e-03 :UnitConv
FlagFileMetaData End
BEGIN_ERR 
26 Small mesh segment detected on body : Substrate
 Small mesh segment detected on body : Substrate 
 Segment Statistics - Number of Segments : 1 --- Segment length(s) : 0.095250mm. The cutoff frequency for S-Matrix Only Solve is 18.142850278383MHz 
3 -1  9  77  # nfids, fids[]
2 6  -1  # nbids, bids[]
      4 4 1 0 #ntets ntri ned npts
           6.2500000000000000e-01  -5.0000000000000000e+00   9.5250000000000001e-02 #xyz tv0
           6.2500000000000000e-01  -5.0000000000000000e+00   0.0000000000000000e+00 #xyz tv1
           6.2500000000000000e-01  -4.3750000000000000e+00   0.0000000000000000e+00 #xyz tv2
           0.0000000000000000e+00  -5.0000000000000000e+00   0.0000000000000000e+00 -1 6 #xyz tv3 fid bid
           6.2500000000000000e-01  -5.0000000000000000e+00   9.5250000000000001e-02 #xyz tv0
           1.2500000000000000e+00  -5.0000000000000000e+00   0.0000000000000000e+00 #xyz tv1
           6.2500000000000000e-01  -4.3750000000000000e+00   0.0000000000000000e+00 #xyz tv2
           6.2500000000000000e-01  -5.0000000000000000e+00   0.0000000000000000e+00 -1 6 #xyz tv3 fid bid
          -2.5205169470944938e-01  -5.5000000000000000e+00   8.4295150415684117e-01 #xyz tv0
           0.0000000000000000e+00  -5.0000000000000000e+00   0.0000000000000000e+00 #xyz tv1
           6.2500000000000000e-01  -5.0000000000000000e+00   0.0000000000000000e+00 #xyz tv2
           6.2500000000000000e-01  -5.0000000000000000e+00   9.5250000000000001e-02 -1 6 #xyz tv3 fid bid
          -2.5205169470944938e-01  -5.5000000000000000e+00   8.4295150415684117e-01 #xyz tv0
           6.2500000000000000e-01  -5.0000000000000000e+00   0.0000000000000000e+00 #xyz tv1
           1.2500000000000000e+00  -5.0000000000000000e+00   0.0000000000000000e+00 #xyz tv2
           6.2500000000000000e-01  -5.0000000000000000e+00   9.5250000000000001e-02 -1 6 #xyz tv3 fid bid
           6.2500000000000000e-01  -5.0000000000000000e+00   9.5250000000000001e-02 #xyz tv0
           0.0000000000000000e+00  -5.0000000000000000e+00   0.0000000000000000e+00 #xyz tv1
           6.2500000000000000e-01  -5.0000000000000000e+00   0.0000000000000000e+00 9 -1 #xyz tv2 fid bid
           6.2500000000000000e-01  -5.0000000000000000e+00   9.5250000000000001e-02 #xyz tv0
           0.0000000000000000e+00  -5.0000000000000000e+00   0.0000000000000000e+00 #xyz tv1
           6.2500000000000000e-01  -5.0000000000000000e+00   0.0000000000000000e+00 77 -1 #xyz tv2 fid bid
           1.2500000000000000e+00  -5.0000000000000000e+00   0.0000000000000000e+00 #xyz tv0
           6.2500000000000000e-01  -5.0000000000000000e+00   9.5250000000000001e-02 #xyz tv1
           6.2500000000000000e-01  -5.0000000000000000e+00   0.0000000000000000e+00 9 -1 #xyz tv2 fid bid
           1.2500000000000000e+00  -5.0000000000000000e+00   0.0000000000000000e+00 #xyz tv0
           6.2500000000000000e-01  -5.0000000000000000e+00   9.5250000000000001e-02 #xyz tv1
           6.2500000000000000e-01  -5.0000000000000000e+00   0.0000000000000000e+00 77 -1 #xyz tv2 fid bid
           6.2500000000000000e-01  -5.0000000000000000e+00   0.0000000000000000e+00 #xyz ev0
           6.2500000000000000e-01  -5.0000000000000000e+00   9.5250000000000001e-02 -1 6 #xyz ev1 fid bid
   0   0.000000000000e+00   0.000000000000e+00   0.000000000000e+00 #flag location
END_ERR 
G3dErrFileVersion 2025R1
FlagFileMetaData Begin
   Mesh Size - Setup1, Refinement, Pass #2, Freq. 1.100000e+10 :Title    
   Listing of mesh elements with poor quality. :ToolTip  
   hf3d :Author   
   1768245200 :TimeStamp
   mm :UnitName 
   1.0000000000000000e-03 :UnitConv
FlagFileMetaData End
BEGIN_ERR 
26 Small mesh segment detected on body : Substrate
 Small mesh segment detected on body : Substrate 
 Segment Statistics - Number of Segments : 1 --- Segment length(s) : 0.095250mm. The cutoff frequency for S-Matrix Only Solve is 18.142850278383MHz 
3 -1  9  77  # nfids, fids[]
2 6  -1  # nbids, bids[]
      4 4 1 0 #ntets ntri ned npts
           6.2500000000000000e-01  -5.0000000000000000e+00   9.5250000000000001e-02 #xyz tv0
           6.2500000000000000e-01  -5.0000000000000000e+00   0.0000000000000000e+00 #xyz tv1
           6.2500000000000000e-01  -4.3750000000000000e+00   0.0000000000000000e+00 #xyz tv2
           0.0000000000000000e+00  -5.0000000000000000e+00   0.0000000000000000e+00 -1 6 #xyz tv3 fid bid
           6.2500000000000000e-01  -5.0000000000000000e+00   9.5250000000000001e-02 #xyz tv0
           1.2500000000000000e+00  -5.0000000000000000e+00   0.0000000000000000e+00 #xyz tv1
           6.2500000000000000e-01  -4.3750000000000000e+00   0.0000000000000000e+00 #xyz tv2
           6.2500000000000000e-01  -5.0000000000000000e+00   0.0000000000000000e+00 -1 6 #xyz tv3 fid bid
          -1.4143052991403479e-01  -5.5000000000000000e+00   8.5067997439421372e-01 #xyz tv0
           0.0000000000000000e+00  -5.0000000000000000e+00   0.0000000000000000e+00 #xyz tv1
           6.2500000000000000e-01  -5.0000000000000000e+00   0.0000000000000000e+00 #xyz tv2
           6.2500000000000000e-01  -5.0000000000000000e+00   9.5250000000000001e-02 -1 6 #xyz tv3 fid bid
          -1.4143052991403479e-01  -5.5000000000000000e+00   8.5067997439421372e-01 #xyz tv0
           6.2500000000000000e-01  -5.0000000000000000e+00   0.0000000000000000e+00 #xyz tv1
           1.2500000000000000e+00  -5.0000000000000000e+00   0.0000000000000000e+00 #xyz tv2
           6.2500000000000000e-01  -5.0000000000000000e+00   9.5250000000000001e-02 -1 6 #xyz tv3 fid bid
           6.2500000000000000e-01  -5.0000000000000000e+00   9.5250000000000001e-02 #xyz tv0
           0.0000000000000000e+00  -5.0000000000000000e+00   0.0000000000000000e+00 #xyz tv1
           6.2500000000000000e-01  -5.0000000000000000e+00   0.0000000000000000e+00 9 -1 #xyz tv2 fid bid
           6.2500000000000000e-01  -5.0000000000000000e+00   9.5250000000000001e-02 #xyz tv0
           0.0000000000000000e+00  -5.0000000000000000e+00   0.0000000000000000e+00 #xyz tv1
           6.2500000000000000e-01  -5.0000000000000000e+00   0.0000000000000000e+00 77 -1 #xyz tv2 fid bid
           1.2500000000000000e+00  -5.0000000000000000e+00   0.0000000000000000e+00 #xyz tv0
           6.2500000000000000e-01  -5.0000000000000000e+00   9.5250000000000001e-02 #xyz tv1
           6.2500000000000000e-01  -5.0000000000000000e+00   0.0000000000000000e+00 9 -1 #xyz tv2 fid bid
           1.2500000000000000e+00  -5.0000000000000000e+00   0.0000000000000000e+00 #xyz tv0
           6.2500000000000000e-01  -5.0000000000000000e+00   9.5250000000000001e-02 #xyz tv1
           6.2500000000000000e-01  -5.0000000000000000e+00   0.0000000000000000e+00 77 -1 #xyz tv2 fid bid
           6.2500000000000000e-01  -5.0000000000000000e+00   0.0000000000000000e+00 #xyz ev0
           6.2500000000000000e-01  -5.0000000000000000e+00   9.5250000000000001e-02 -1 6 #xyz ev1 fid bid
   0   0.000000000000e+00   0.000000000000e+00   0.000000000000e+00 #flag location
END_ERR 
G3dErrFileVersion 2025R1
FlagFileMetaData Begin
   Mesh Size - Setup1, Refinement, Pass #3, Freq. 1.100000e+10 :Title    
   Listing of mesh elements with poor quality. :ToolTip  
   hf3d :Author   
   1768245207 :TimeStamp
   mm :UnitName 
   1.0000000000000000e-03 :UnitConv
FlagFileMetaData End
BEGIN_ERR 
26 Small mesh segment detected on body : Substrate
 Small mesh segment detected on body : Substrate 
 Segment Statistics - Number of Segments : 1 --- Segment length(s) : 0.095250mm. The cutoff frequency for S-Matrix Only Solve is 18.142850278383MHz 
3 -1  9  77  # nfids, fids[]
2 6  -1  # nbids, bids[]
      4 4 1 0 #ntets ntri ned npts
           6.2500000000000000e-01  -5.0000000000000000e+00   9.5250000000000001e-02 #xyz tv0
           6.2500000000000000e-01  -5.0000000000000000e+00   0.0000000000000000e+00 #xyz tv1
           6.2500000000000000e-01  -4.3750000000000000e+00   0.0000000000000000e+00 #xyz tv2
           0.0000000000000000e+00  -5.0000000000000000e+00   0.0000000000000000e+00 -1 6 #xyz tv3 fid bid
           6.2500000000000000e-01  -5.0000000000000000e+00   9.5250000000000001e-02 #xyz tv0
           1.2500000000000000e+00  -5.0000000000000000e+00   0.0000000000000000e+00 #xyz tv1
           6.2500000000000000e-01  -4.3750000000000000e+00   0.0000000000000000e+00 #xyz tv2
           6.2500000000000000e-01  -5.0000000000000000e+00   0.0000000000000000e+00 -1 6 #xyz tv3 fid bid
          -1.2554029764260005e-01  -5.5000000000000000e+00   8.5124025124198832e-01 #xyz tv0
           0.0000000000000000e+00  -5.0000000000000000e+00   0.0000000000000000e+00 #xyz tv1
           6.2500000000000000e-01  -5.0000000000000000e+00   0.0000000000000000e+00 #xyz tv2
           6.2500000000000000e-01  -5.0000000000000000e+00   9.5250000000000001e-02 -1 6 #xyz tv3 fid bid
          -1.2554029764260005e-01  -5.5000000000000000e+00   8.5124025124198832e-01 #xyz tv0
           6.2500000000000000e-01  -5.0000000000000000e+00   0.0000000000000000e+00 #xyz tv1
           1.2500000000000000e+00  -5.0000000000000000e+00   0.0000000000000000e+00 #xyz tv2
           6.2500000000000000e-01  -5.0000000000000000e+00   9.5250000000000001e-02 -1 6 #xyz tv3 fid bid
           6.2500000000000000e-01  -5.0000000000000000e+00   9.5250000000000001e-02 #xyz tv0
           0.0000000000000000e+00  -5.0000000000000000e+00   0.0000000000000000e+00 #xyz tv1
           6.2500000000000000e-01  -5.0000000000000000e+00   0.0000000000000000e+00 9 -1 #xyz tv2 fid bid
           6.2500000000000000e-01  -5.0000000000000000e+00   9.5250000000000001e-02 #xyz tv0
           0.0000000000000000e+00  -5.0000000000000000e+00   0.0000000000000000e+00 #xyz tv1
           6.2500000000000000e-01  -5.0000000000000000e+00   0.0000000000000000e+00 77 -1 #xyz tv2 fid bid
           1.2500000000000000e+00  -5.0000000000000000e+00   0.0000000000000000e+00 #xyz tv0
           6.2500000000000000e-01  -5.0000000000000000e+00   9.5250000000000001e-02 #xyz tv1
           6.2500000000000000e-01  -5.0000000000000000e+00   0.0000000000000000e+00 9 -1 #xyz tv2 fid bid
           1.2500000000000000e+00  -5.0000000000000000e+00   0.0000000000000000e+00 #xyz tv0
           6.2500000000000000e-01  -5.0000000000000000e+00   9.5250000000000001e-02 #xyz tv1
           6.2500000000000000e-01  -5.0000000000000000e+00   0.0000000000000000e+00 77 -1 #xyz tv2 fid bid
           6.2500000000000000e-01  -5.0000000000000000e+00   0.0000000000000000e+00 #xyz ev0
           6.2500000000000000e-01  -5.0000000000000000e+00   9.5250000000000001e-02 -1 6 #xyz ev1 fid bid
   0   0.000000000000e+00   0.000000000000e+00   0.000000000000e+00 #flag location
END_ERR 
BEGIN_ERR 
26 Small mesh segment detected on body : Substrate
 Small mesh segment detected on body : Substrate 
 Segment Statistics - Number of Segments : 1 --- Segment length(s) : 0.883883mm. The cutoff frequency for S-Matrix Only Solve is 18.142850278383MHz 
4 -1  8  76  112  # nfids, fids[]
2 6  -1  # nbids, bids[]
      5 6 1 0 #ntets ntri ned npts
           1.2500000000000000e+00   5.0000000000000000e+00   0.0000000000000000e+00 #xyz tv0
           6.2500000000000000e-01   4.3750000000000000e+00   0.0000000000000000e+00 #xyz tv1
           6.2500000000000000e-01   5.0000000000000000e+00   9.5250000000000001e-02 #xyz tv2
           1.2500000000000000e+00   5.0000000000000000e+00   1.9050000000000000e-01 -1 6 #xyz tv3 fid bid
           1.2500000000000000e+00   4.3750000000000000e+00   0.0000000000000000e+00 #xyz tv0
           1.2500000000000000e+00   5.0000000000000000e+00   1.9050000000000000e-01 #xyz tv1
           6.2500000000000000e-01   4.3750000000000000e+00   0.0000000000000000e+00 #xyz tv2
           1.2500000000000000e+00   5.0000000000000000e+00   0.0000000000000000e+00 -1 6 #xyz tv3 fid bid
           6.2500000000000000e-01   5.0000000000000000e+00   0.0000000000000000e+00 #xyz tv0
           1.4332888844562646e+00   5.5000000000000000e+00  -1.4084176386596545e+00 #xyz tv1
           6.2500000000000000e-01   4.3750000000000000e+00   0.0000000000000000e+00 #xyz tv2
           1.2500000000000000e+00   5.0000000000000000e+00   0.0000000000000000e+00 -1 6 #xyz tv3 fid bid
           1.2500000000000000e+00   5.0000000000000000e+00   0.0000000000000000e+00 #xyz tv0
           6.2500000000000000e-01   5.0000000000000000e+00   9.5250000000000001e-02 #xyz tv1
           6.2500000000000000e-01   4.3750000000000000e+00   0.0000000000000000e+00 #xyz tv2
           6.2500000000000000e-01   5.0000000000000000e+00   0.0000000000000000e+00 -1 6 #xyz tv3 fid bid
           1.2500000000000000e+00   4.3750000000000000e+00   0.0000000000000000e+00 #xyz tv0
           6.2500000000000000e-01   4.3750000000000000e+00   0.0000000000000000e+00 #xyz tv1
           1.4332888844562646e+00   5.5000000000000000e+00  -1.4084176386596545e+00 #xyz tv2
           1.2500000000000000e+00   5.0000000000000000e+00   0.0000000000000000e+00 -1 6 #xyz tv3 fid bid
           6.2500000000000000e-01   5.0000000000000000e+00   0.0000000000000000e+00 #xyz tv0
           1.2500000000000000e+00   5.0000000000000000e+00   0.0000000000000000e+00 #xyz tv1
           6.2500000000000000e-01   4.3750000000000000e+00   0.0000000000000000e+00 8 -1 #xyz tv2 fid bid
           6.2500000000000000e-01   5.0000000000000000e+00   0.0000000000000000e+00 #xyz tv0
           1.2500000000000000e+00   5.0000000000000000e+00   0.0000000000000000e+00 #xyz tv1
           6.2500000000000000e-01   4.3750000000000000e+00   0.0000000000000000e+00 76 -1 #xyz tv2 fid bid
           6.2500000000000000e-01   5.0000000000000000e+00   0.0000000000000000e+00 #xyz tv0
           1.2500000000000000e+00   5.0000000000000000e+00   0.0000000000000000e+00 #xyz tv1
           6.2500000000000000e-01   4.3750000000000000e+00   0.0000000000000000e+00 112 -1 #xyz tv2 fid bid
           1.2500000000000000e+00   5.0000000000000000e+00   0.0000000000000000e+00 #xyz tv0
           1.2500000000000000e+00   4.3750000000000000e+00   0.0000000000000000e+00 #xyz tv1
           6.2500000000000000e-01   4.3750000000000000e+00   0.0000000000000000e+00 8 -1 #xyz tv2 fid bid
           1.2500000000000000e+00   5.0000000000000000e+00   0.0000000000000000e+00 #xyz tv0
           1.2500000000000000e+00   4.3750000000000000e+00   0.0000000000000000e+00 #xyz tv1
           6.2500000000000000e-01   4.3750000000000000e+00   0.0000000000000000e+00 76 -1 #xyz tv2 fid bid
           1.2500000000000000e+00   5.0000000000000000e+00   0.0000000000000000e+00 #xyz tv0
           1.2500000000000000e+00   4.3750000000000000e+00   0.0000000000000000e+00 #xyz tv1
           6.2500000000000000e-01   4.3750000000000000e+00   0.0000000000000000e+00 112 -1 #xyz tv2 fid bid
           1.2500000000000000e+00   5.0000000000000000e+00   0.0000000000000000e+00 #xyz ev0
           6.2500000000000000e-01   4.3750000000000000e+00   0.0000000000000000e+00 -1 6 #xyz ev1 fid bid
   0   0.000000000000e+00   0.000000000000e+00   0.000000000000e+00 #flag location
END_ERR 
G3dErrFileVersion 2025R1
FlagFileMetaData Begin
   Mesh Size - Setup1, Refinement, Pass #4, Freq. 1.100000e+10 :Title    
   Listing of mesh elements with poor quality. :ToolTip  
   hf3d :Author   
   1768245216 :TimeStamp
   mm :UnitName 
   1.0000000000000000e-03 :UnitConv
FlagFileMetaData End
BEGIN_ERR 
26 Small mesh segment detected on body : Substrate
 Small mesh segment detected on body : Substrate 
 Segment Statistics - Number of Segments : 1 --- Segment length(s) : 0.094461mm. The cutoff frequency for S-Matrix Only Solve is 18.142850278383MHz 
1 -1  # nfids, fids[]
1 6  # nbids, bids[]
      4 0 1 0 #ntets ntri ned npts
          -2.7725619296237705e+00  -2.6536920638784145e+00   1.5240000000000000e+00 #xyz tv0
          -2.8165112906175445e+00  -2.5357816829543891e+00   1.3922162428569715e+00 #xyz tv1
          -2.7537322572658018e+00  -2.7018580755806552e+00   1.4449539747755620e+00 #xyz tv2
          -2.6429999999999998e+00  -2.6429999999999998e+00   1.5240000000000000e+00 -1 6 #xyz tv3 fid bid
          -2.7725619296237705e+00  -2.6536920638784145e+00   1.5240000000000000e+00 #xyz tv0
          -2.7537322572658018e+00  -2.7018580755806552e+00   1.4449539747755620e+00 #xyz tv1
          -2.8165112906175445e+00  -2.5357816829543891e+00   1.3922162428569715e+00 #xyz tv2
          -2.9021238592475411e+00  -2.6643841277568283e+00   1.5240000000000000e+00 -1 6 #xyz tv3 fid bid
          -2.7725619296237705e+00  -2.6536920638784145e+00   1.5240000000000000e+00 #xyz tv0
          -2.7537322572658018e+00  -2.7018580755806552e+00   1.4449539747755620e+00 #xyz tv1
          -2.7365176388203101e+00  -2.8548599979728317e+00   1.5240000000000000e+00 #xyz tv2
          -2.6429999999999998e+00  -2.6429999999999998e+00   1.5240000000000000e+00 -1 6 #xyz tv3 fid bid
          -2.7725619296237705e+00  -2.6536920638784145e+00   1.5240000000000000e+00 #xyz tv0
          -2.7365176388203101e+00  -2.8548599979728317e+00   1.5240000000000000e+00 #xyz tv1
          -2.7537322572658018e+00  -2.7018580755806552e+00   1.4449539747755620e+00 #xyz tv2
          -2.9021238592475411e+00  -2.6643841277568283e+00   1.5240000000000000e+00 -1 6 #xyz tv3 fid bid
          -2.7725619296237705e+00  -2.6536920638784145e+00   1.5240000000000000e+00 #xyz ev0
          -2.7537322572658018e+00  -2.7018580755806552e+00   1.4449539747755620e+00 -1 6 #xyz ev1 fid bid
   0   0.000000000000e+00   0.000000000000e+00   0.000000000000e+00 #flag location
END_ERR 
BEGIN_ERR 
26 Small mesh segment detected on body : Substrate
 Small mesh segment detected on body : Substrate 
 Segment Statistics - Number of Segments : 1 --- Segment length(s) : 0.883883mm. The cutoff frequency for S-Matrix Only Solve is 18.142850278383MHz 
4 -1  8  76  112  # nfids, fids[]
2 6  -1  # nbids, bids[]
      5 6 1 0 #ntets ntri ned npts
           1.2500000000000000e+00   5.0000000000000000e+00   0.0000000000000000e+00 #xyz tv0
           6.2500000000000000e-01   4.3750000000000000e+00   0.0000000000000000e+00 #xyz tv1
           6.2500000000000000e-01   5.0000000000000000e+00   9.5250000000000001e-02 #xyz tv2
           1.2500000000000000e+00   5.0000000000000000e+00   1.9050000000000000e-01 -1 6 #xyz tv3 fid bid
           1.2500000000000000e+00   4.3750000000000000e+00   0.0000000000000000e+00 #xyz tv0
           1.2500000000000000e+00   5.0000000000000000e+00   1.9050000000000000e-01 #xyz tv1
           6.2500000000000000e-01   4.3750000000000000e+00   0.0000000000000000e+00 #xyz tv2
           1.2500000000000000e+00   5.0000000000000000e+00   0.0000000000000000e+00 -1 6 #xyz tv3 fid bid
           6.2500000000000000e-01   5.0000000000000000e+00   0.0000000000000000e+00 #xyz tv0
           1.4332888844562646e+00   5.5000000000000000e+00  -1.4084176386596545e+00 #xyz tv1
           6.2500000000000000e-01   4.3750000000000000e+00   0.0000000000000000e+00 #xyz tv2
           1.2500000000000000e+00   5.0000000000000000e+00   0.0000000000000000e+00 -1 6 #xyz tv3 fid bid
           1.2500000000000000e+00   5.0000000000000000e+00   0.0000000000000000e+00 #xyz tv0
           6.2500000000000000e-01   5.0000000000000000e+00   9.5250000000000001e-02 #xyz tv1
           6.2500000000000000e-01   4.3750000000000000e+00   0.0000000000000000e+00 #xyz tv2
           6.2500000000000000e-01   5.0000000000000000e+00   0.0000000000000000e+00 -1 6 #xyz tv3 fid bid
           1.2500000000000000e+00   4.3750000000000000e+00   0.0000000000000000e+00 #xyz tv0
           6.2500000000000000e-01   4.3750000000000000e+00   0.0000000000000000e+00 #xyz tv1
           1.4332888844562646e+00   5.5000000000000000e+00  -1.4084176386596545e+00 #xyz tv2
           1.2500000000000000e+00   5.0000000000000000e+00   0.0000000000000000e+00 -1 6 #xyz tv3 fid bid
           6.2500000000000000e-01   5.0000000000000000e+00   0.0000000000000000e+00 #xyz tv0
           1.2500000000000000e+00   5.0000000000000000e+00   0.0000000000000000e+00 #xyz tv1
           6.2500000000000000e-01   4.3750000000000000e+00   0.0000000000000000e+00 8 -1 #xyz tv2 fid bid
           6.2500000000000000e-01   5.0000000000000000e+00   0.0000000000000000e+00 #xyz tv0
           1.2500000000000000e+00   5.0000000000000000e+00   0.0000000000000000e+00 #xyz tv1
           6.2500000000000000e-01   4.3750000000000000e+00   0.0000000000000000e+00 76 -1 #xyz tv2 fid bid
           6.2500000000000000e-01   5.0000000000000000e+00   0.0000000000000000e+00 #xyz tv0
           1.2500000000000000e+00   5.0000000000000000e+00   0.0000000000000000e+00 #xyz tv1
           6.2500000000000000e-01   4.3750000000000000e+00   0.0000000000000000e+00 112 -1 #xyz tv2 fid bid
           1.2500000000000000e+00   5.0000000000000000e+00   0.0000000000000000e+00 #xyz tv0
           1.2500000000000000e+00   4.3750000000000000e+00   0.0000000000000000e+00 #xyz tv1
           6.2500000000000000e-01   4.3750000000000000e+00   0.0000000000000000e+00 8 -1 #xyz tv2 fid bid
           1.2500000000000000e+00   5.0000000000000000e+00   0.0000000000000000e+00 #xyz tv0
           1.2500000000000000e+00   4.3750000000000000e+00   0.0000000000000000e+00 #xyz tv1
           6.2500000000000000e-01   4.3750000000000000e+00   0.0000000000000000e+00 76 -1 #xyz tv2 fid bid
           1.2500000000000000e+00   5.0000000000000000e+00   0.0000000000000000e+00 #xyz tv0
           1.2500000000000000e+00   4.3750000000000000e+00   0.0000000000000000e+00 #xyz tv1
           6.2500000000000000e-01   4.3750000000000000e+00   0.0000000000000000e+00 112 -1 #xyz tv2 fid bid
           1.2500000000000000e+00   5.0000000000000000e+00   0.0000000000000000e+00 #xyz ev0
           6.2500000000000000e-01   4.3750000000000000e+00   0.0000000000000000e+00 -1 6 #xyz ev1 fid bid
   0   0.000000000000e+00   0.000000000000e+00   0.000000000000e+00 #flag location
END_ERR 
G3dErrFileVersion 2025R1
FlagFileMetaData Begin
   Mesh Size - Setup1, Refinement, Pass #5, Freq. 1.100000e+10 :Title    
   Listing of mesh elements with poor quality. :ToolTip  
   hf3d :Author   
   1768245227 :TimeStamp
   mm :UnitName 
   1.0000000000000000e-03 :UnitConv
FlagFileMetaData End
BEGIN_ERR 
26 Small mesh segment detected on body : Substrate
 Small mesh segment detected on body : Substrate 
 Segment Statistics - Number of Segments : 1 --- Segment length(s) : 0.074197mm. The cutoff frequency for S-Matrix Only Solve is 18.142850278383MHz 
1 -1  # nfids, fids[]
1 6  # nbids, bids[]
      6 0 1 0 #ntets ntri ned npts
           2.4744570447524978e+00   2.0531951508364821e+00   1.5240000000000000e+00 #xyz tv0
           2.6429999999999998e+00   2.1474374999999997e+00   1.5240000000000000e+00 #xyz tv1
           2.6588541231608791e+00   2.1607558802763744e+00   1.4527507109533180e+00 #xyz tv2
           2.6429999999999998e+00   1.9177236328124998e+00   1.5240000000000000e+00 -1 6 #xyz tv3 fid bid
           2.4744570447524978e+00   2.0531951508364821e+00   1.5240000000000000e+00 #xyz tv0
           2.6588541231608791e+00   2.1607558802763744e+00   1.4527507109533180e+00 #xyz tv1
           2.6429999999999998e+00   2.1474374999999997e+00   1.5240000000000000e+00 #xyz tv2
           2.4668310056736495e+00   2.2204196862685879e+00   1.5240000000000000e+00 -1 6 #xyz tv3 fid bid
           2.6429999999999998e+00   2.1474374999999997e+00   1.5240000000000000e+00 #xyz tv0
           2.8065321990738772e+00   1.9927827959171835e+00   1.5240000000000000e+00 #xyz tv1
           2.6588541231608791e+00   2.1607558802763744e+00   1.4527507109533180e+00 #xyz tv2
           2.6429999999999998e+00   1.9177236328124998e+00   1.5240000000000000e+00 -1 6 #xyz tv3 fid bid
           2.6429999999999998e+00   2.1474374999999997e+00   1.5240000000000000e+00 #xyz tv0
           2.4668310056736495e+00   2.2204196862685879e+00   1.5240000000000000e+00 #xyz tv1
           2.6588541231608791e+00   2.1607558802763744e+00   1.4527507109533180e+00 #xyz tv2
           2.6429999999999998e+00   2.3126249999999997e+00   1.5240000000000000e+00 -1 6 #xyz tv3 fid bid
           2.6429999999999998e+00   2.1474374999999997e+00   1.5240000000000000e+00 #xyz tv0
           2.6588541231608791e+00   2.1607558802763744e+00   1.4527507109533180e+00 #xyz tv1
           2.8065321990738772e+00   1.9927827959171835e+00   1.5240000000000000e+00 #xyz tv2
           2.8411968021752814e+00   2.1712157809059400e+00   1.5240000000000000e+00 -1 6 #xyz tv3 fid bid
           2.6429999999999998e+00   2.1474374999999997e+00   1.5240000000000000e+00 #xyz tv0
           2.6588541231608791e+00   2.1607558802763744e+00   1.4527507109533180e+00 #xyz tv1
           2.8411968021752814e+00   2.1712157809059400e+00   1.5240000000000000e+00 #xyz tv2
           2.6429999999999998e+00   2.3126249999999997e+00   1.5240000000000000e+00 -1 6 #xyz tv3 fid bid
           2.6429999999999998e+00   2.1474374999999997e+00   1.5240000000000000e+00 #xyz ev0
           2.6588541231608791e+00   2.1607558802763744e+00   1.4527507109533180e+00 -1 6 #xyz ev1 fid bid
   0   0.000000000000e+00   0.000000000000e+00   0.000000000000e+00 #flag location
END_ERR 
BEGIN_ERR 
26 Small mesh segment detected on body : Substrate
 Small mesh segment detected on body : Substrate 
 Segment Statistics - Number of Segments : 1 --- Segment length(s) : 0.082996mm. The cutoff frequency for S-Matrix Only Solve is 18.142850278383MHz 
1 -1  # nfids, fids[]
1 6  # nbids, bids[]
      4 0 1 0 #ntets ntri ned npts
           1.3267742247184577e+00  -2.6589845506530825e+00   1.3849829116810781e+00 #xyz tv0
           1.4911624008374889e+00  -2.6610703809624567e+00   1.3930991746960424e+00 #xyz tv1
           1.3686256095311220e+00  -2.7290133547720004e+00   1.4002384738273170e+00 #xyz tv2
           1.3214999999999999e+00  -2.6429999999999998e+00   1.5240000000000000e+00 -1 6 #xyz tv3 fid bid
           1.3267742247184577e+00  -2.6589845506530825e+00   1.3849829116810781e+00 #xyz tv0
           1.3686256095311220e+00  -2.7290133547720004e+00   1.4002384738273170e+00 #xyz tv1
           1.4911624008374889e+00  -2.6610703809624567e+00   1.3930991746960424e+00 #xyz tv2
           1.3320484494369156e+00  -2.6749691013061661e+00   1.2459658233621562e+00 -1 6 #xyz tv3 fid bid
           1.3267742247184577e+00  -2.6589845506530825e+00   1.3849829116810781e+00 #xyz tv0
           1.3686256095311220e+00  -2.7290133547720004e+00   1.4002384738273170e+00 #xyz tv1
           1.2140725594106250e+00  -2.7808401423521127e+00   1.3975004606617460e+00 #xyz tv2
           1.3214999999999999e+00  -2.6429999999999998e+00   1.5240000000000000e+00 -1 6 #xyz tv3 fid bid
           1.3267742247184577e+00  -2.6589845506530825e+00   1.3849829116810781e+00 #xyz tv0
           1.2140725594106250e+00  -2.7808401423521127e+00   1.3975004606617460e+00 #xyz tv1
           1.3686256095311220e+00  -2.7290133547720004e+00   1.4002384738273170e+00 #xyz tv2
           1.3320484494369156e+00  -2.6749691013061661e+00   1.2459658233621562e+00 -1 6 #xyz tv3 fid bid
           1.3686256095311220e+00  -2.7290133547720004e+00   1.4002384738273170e+00 #xyz ev0
           1.3267742247184577e+00  -2.6589845506530825e+00   1.3849829116810781e+00 -1 6 #xyz ev1 fid bid
   0   0.000000000000e+00   0.000000000000e+00   0.000000000000e+00 #flag location
END_ERR 
G3dErrFileVersion 2025R1
FlagFileMetaData Begin
   Mesh Size - Setup1, Refinement, Pass #6, Freq. 1.100000e+10 :Title    
   Listing of mesh elements with poor quality. :ToolTip  
   hf3d :Author   
   1768245243 :TimeStamp
   mm :UnitName 
   1.0000000000000000e-03 :UnitConv
FlagFileMetaData End
BEGIN_ERR 
26 Small mesh segment detected on body : Substrate
 Small mesh segment detected on body : Substrate 
 Segment Statistics - Number of Segments : 1 --- Segment length(s) : 0.043867mm. The cutoff frequency for S-Matrix Only Solve is 18.142850278383MHz 
1 -1  # nfids, fids[]
1 6  # nbids, bids[]
      4 0 1 0 #ntets ntri ned npts
           2.5976397183018936e+00  -2.7094491119688850e+00   1.5240000000000000e+00 #xyz tv0
           2.6021241278354910e+00  -2.6989598033686910e+00   1.4816422270052478e+00 #xyz tv1
           2.5470170288085936e+00  -2.6429999999999998e+00   1.5240000000000000e+00 #xyz tv2
           2.5467410511045872e+00  -2.7722312266041955e+00   1.5240000000000000e+00 -1 6 #xyz tv3 fid bid
           2.5976397183018936e+00  -2.7094491119688850e+00   1.5240000000000000e+00 #xyz tv0
           2.5470170288085936e+00  -2.6429999999999998e+00   1.5240000000000000e+00 #xyz tv1
           2.6021241278354910e+00  -2.6989598033686910e+00   1.4816422270052478e+00 #xyz tv2
           2.6429999999999998e+00  -2.6429999999999998e+00   1.5240000000000000e+00 -1 6 #xyz tv3 fid bid
           2.5976397183018936e+00  -2.7094491119688850e+00   1.5240000000000000e+00 #xyz tv0
           2.6706949003549849e+00  -2.7792423374935646e+00   1.5240000000000000e+00 #xyz tv1
           2.6021241278354910e+00  -2.6989598033686910e+00   1.4816422270052478e+00 #xyz tv2
           2.5467410511045872e+00  -2.7722312266041955e+00   1.5240000000000000e+00 -1 6 #xyz tv3 fid bid
           2.5976397183018936e+00  -2.7094491119688850e+00   1.5240000000000000e+00 #xyz tv0
           2.6021241278354910e+00  -2.6989598033686910e+00   1.4816422270052478e+00 #xyz tv1
           2.6706949003549849e+00  -2.7792423374935646e+00   1.5240000000000000e+00 #xyz tv2
           2.6429999999999998e+00  -2.6429999999999998e+00   1.5240000000000000e+00 -1 6 #xyz tv3 fid bid
           2.5976397183018936e+00  -2.7094491119688850e+00   1.5240000000000000e+00 #xyz ev0
           2.6021241278354910e+00  -2.6989598033686910e+00   1.4816422270052478e+00 -1 6 #xyz ev1 fid bid
   0   0.000000000000e+00   0.000000000000e+00   0.000000000000e+00 #flag location
END_ERR 
BEGIN_ERR 
26 Small mesh segment detected on body : Substrate
 Small mesh segment detected on body : Substrate 
 Segment Statistics - Number of Segments : 1 --- Segment length(s) : 0.043945mm. The cutoff frequency for S-Matrix Only Solve is 18.142850278383MHz 
1 -1  # nfids, fids[]
1 6  # nbids, bids[]
      4 0 1 0 #ntets ntri ned npts
          -2.7929161385176791e+00  -3.2383401272832596e-01   1.5240000000000000e+00 #xyz tv0
          -2.8013025493091659e+00  -4.5951528949307152e-01   1.4372520662184425e+00 #xyz tv1
          -2.6429999999999998e+00  -3.6219456481933587e-01   1.5240000000000000e+00 #xyz tv2
          -2.7950411973844060e+00  -3.1709933189604544e-01   1.4806260331092211e+00 -1 6 #xyz tv3 fid bid
          -2.7929161385176791e+00  -3.2383401272832596e-01   1.5240000000000000e+00 #xyz tv0
          -2.7950411973844060e+00  -3.1709933189604544e-01   1.4806260331092211e+00 #xyz tv1
          -2.6429999999999998e+00  -3.6219456481933587e-01   1.5240000000000000e+00 #xyz tv2
          -2.7835288622917442e+00  -1.6952121176264312e-01   1.5240000000000000e+00 -1 6 #xyz tv3 fid bid
          -2.7929161385176791e+00  -3.2383401272832596e-01   1.5240000000000000e+00 #xyz tv0
          -2.9855654016461033e+00  -3.0696237230146384e-01   1.5240000000000000e+00 #xyz tv1
          -2.8013025493091659e+00  -4.5951528949307152e-01   1.4372520662184425e+00 #xyz tv2
          -2.7950411973844060e+00  -3.1709933189604544e-01   1.4806260331092211e+00 -1 6 #xyz tv3 fid bid
          -2.7929161385176791e+00  -3.2383401272832596e-01   1.5240000000000000e+00 #xyz tv0
          -2.9855654016461033e+00  -3.0696237230146384e-01   1.5240000000000000e+00 #xyz tv1
          -2.7950411973844060e+00  -3.1709933189604544e-01   1.4806260331092211e+00 #xyz tv2
          -2.7835288622917442e+00  -1.6952121176264312e-01   1.5240000000000000e+00 -1 6 #xyz tv3 fid bid
          -2.7950411973844060e+00  -3.1709933189604544e-01   1.4806260331092211e+00 #xyz ev0
          -2.7929161385176791e+00  -3.2383401272832596e-01   1.5240000000000000e+00 -1 6 #xyz ev1 fid bid
   0   0.000000000000e+00   0.000000000000e+00   0.000000000000e+00 #flag location
END_ERR 
BEGIN_ERR 
26 Small mesh segment detected on body : Substrate
 Small mesh segment detected on body : Substrate 
 Segment Statistics - Number of Segments : 1 --- Segment length(s) : 0.048698mm. The cutoff frequency for S-Matrix Only Solve is 18.142850278383MHz 
1 -1  # nfids, fids[]
1 6  # nbids, bids[]
      4 0 1 0 #ntets ntri ned npts
           1.1029287025971870e+00  -2.7323453492063043e+00   1.5240000000000000e+00 #xyz tv0
           1.1067391608241199e+00  -2.7195333858427730e+00   1.4771722236136517e+00 #xyz tv1
           9.9112500000000003e-01  -2.6429999999999998e+00   1.5240000000000000e+00 #xyz tv2
           1.0437475384545776e+00  -2.8265783630956252e+00   1.5240000000000000e+00 -1 6 #xyz tv3 fid bid
           1.1029287025971870e+00  -2.7323453492063043e+00   1.5240000000000000e+00 #xyz tv0
           9.9112500000000003e-01  -2.6429999999999998e+00   1.5240000000000000e+00 #xyz tv1
           1.1067391608241199e+00  -2.7195333858427730e+00   1.4771722236136517e+00 #xyz tv2
           1.1563124999999999e+00  -2.6429999999999998e+00   1.5240000000000000e+00 -1 6 #xyz tv3 fid bid
           1.1029287025971870e+00  -2.7323453492063043e+00   1.5240000000000000e+00 #xyz tv0
           1.2298055587178456e+00  -2.8089827702367649e+00   1.5240000000000000e+00 #xyz tv1
           1.1067391608241199e+00  -2.7195333858427730e+00   1.4771722236136517e+00 #xyz tv2
           1.0437475384545776e+00  -2.8265783630956252e+00   1.5240000000000000e+00 -1 6 #xyz tv3 fid bid
           1.1029287025971870e+00  -2.7323453492063043e+00   1.5240000000000000e+00 #xyz tv0
           1.1067391608241199e+00  -2.7195333858427730e+00   1.4771722236136517e+00 #xyz tv1
           1.2298055587178456e+00  -2.8089827702367649e+00   1.5240000000000000e+00 #xyz tv2
           1.1563124999999999e+00  -2.6429999999999998e+00   1.5240000000000000e+00 -1 6 #xyz tv3 fid bid
           1.1029287025971870e+00  -2.7323453492063043e+00   1.5240000000000000e+00 #xyz ev0
           1.1067391608241199e+00  -2.7195333858427730e+00   1.4771722236136517e+00 -1 6 #xyz ev1 fid bid
   0   0.000000000000e+00   0.000000000000e+00   0.000000000000e+00 #flag location
END_ERR 
G3dErrFileVersion 2025R1
FlagFileMetaData Begin
   Mesh Size - Setup1, Refinement, Pass #7, Freq. 1.100000e+10 :Title    
   Listing of mesh elements with poor quality. :ToolTip  
   hf3d :Author   
   1768245251 :TimeStamp
   mm :UnitName 
   1.0000000000000000e-03 :UnitConv
FlagFileMetaData End
BEGIN_ERR 
26 Small mesh segment detected on body : Substrate
 Small mesh segment detected on body : Substrate 
 Segment Statistics - Number of Segments : 1 --- Segment length(s) : 0.034681mm. The cutoff frequency for S-Matrix Only Solve is 18.142850278383MHz 
1 -1  # nfids, fids[]
1 6  # nbids, bids[]
      5 0 1 0 #ntets ntri ned npts
           2.7261147710815017e+00   2.6836462455879415e+00   1.5008651035827953e+00 #xyz tv0
           2.7171876610923995e+00   2.6484622583617563e+00   1.4998897839549232e+00 #xyz tv1
           2.6985557598769603e+00   2.6650244826377838e+00   1.5240000000000000e+00 #xyz tv2
           2.7663988683057212e+00   2.6709251802598071e+00   1.5240000000000000e+00 -1 6 #xyz tv3 fid bid
           2.7261147710815017e+00   2.6836462455879415e+00   1.5008651035827953e+00 #xyz tv0
           2.6985557598769603e+00   2.6650244826377838e+00   1.5240000000000000e+00 #xyz tv1
           2.7171876610923995e+00   2.6484622583617563e+00   1.4998897839549232e+00 #xyz tv2
           2.6858306738572817e+00   2.6963673109160755e+00   1.4777302071655909e+00 -1 6 #xyz tv3 fid bid
           2.7171876610923995e+00   2.6484622583617563e+00   1.4998897839549232e+00 #xyz tv0
           2.7108037178437341e+00   2.5813260318772135e+00   1.5240000000000000e+00 #xyz tv1
           2.6985557598769603e+00   2.6650244826377838e+00   1.5240000000000000e+00 #xyz tv2
           2.7663988683057212e+00   2.6709251802598071e+00   1.5240000000000000e+00 -1 6 #xyz tv3 fid bid
           2.7171876610923995e+00   2.6484622583617563e+00   1.4998897839549232e+00 #xyz tv0
           2.6858306738572817e+00   2.6963673109160755e+00   1.4777302071655909e+00 #xyz tv1
           2.6985557598769603e+00   2.6650244826377838e+00   1.5240000000000000e+00 #xyz tv2
           2.6679764538790782e+00   2.6259993364637051e+00   1.4757795679098464e+00 -1 6 #xyz tv3 fid bid
           2.7171876610923995e+00   2.6484622583617563e+00   1.4998897839549232e+00 #xyz tv0
           2.6985557598769603e+00   2.6650244826377838e+00   1.5240000000000000e+00 #xyz tv1
           2.7108037178437341e+00   2.5813260318772135e+00   1.5240000000000000e+00 #xyz tv2
           2.6679764538790782e+00   2.6259993364637051e+00   1.4757795679098464e+00 -1 6 #xyz tv3 fid bid
           2.6985557598769603e+00   2.6650244826377838e+00   1.5240000000000000e+00 #xyz ev0
           2.7171876610923995e+00   2.6484622583617563e+00   1.4998897839549232e+00 -1 6 #xyz ev1 fid bid
   0   0.000000000000e+00   0.000000000000e+00   0.000000000000e+00 #flag location
END_ERR 
BEGIN_ERR 
26 Small mesh segment detected on body : Substrate
 Small mesh segment detected on body : Substrate 
 Segment Statistics - Number of Segments : 1 --- Segment length(s) : 0.036312mm. The cutoff frequency for S-Matrix Only Solve is 18.142850278383MHz 
1 -1  # nfids, fids[]
1 6  # nbids, bids[]
      4 0 1 0 #ntets ntri ned npts
           2.7261147710815017e+00   2.6836462455879415e+00   1.5008651035827953e+00 #xyz tv0
           2.7171876610923995e+00   2.6484622583617563e+00   1.4998897839549232e+00 #xyz tv1
           2.7699969669346460e+00   2.6728144712521060e+00   1.4106454725007311e+00 #xyz tv2
           2.6858306738572817e+00   2.6963673109160755e+00   1.4777302071655909e+00 -1 6 #xyz tv3 fid bid
           2.7261147710815017e+00   2.6836462455879415e+00   1.5008651035827953e+00 #xyz tv0
           2.7699969669346460e+00   2.6728144712521060e+00   1.4106454725007311e+00 #xyz tv1
           2.7171876610923995e+00   2.6484622583617563e+00   1.4998897839549232e+00 #xyz tv2
           2.7663988683057212e+00   2.6709251802598071e+00   1.5240000000000000e+00 -1 6 #xyz tv3 fid bid
           2.7261147710815017e+00   2.6836462455879415e+00   1.5008651035827953e+00 #xyz tv0
           2.6985557598769603e+00   2.6650244826377838e+00   1.5240000000000000e+00 #xyz tv1
           2.7171876610923995e+00   2.6484622583617563e+00   1.4998897839549232e+00 #xyz tv2
           2.6858306738572817e+00   2.6963673109160755e+00   1.4777302071655909e+00 -1 6 #xyz tv3 fid bid
           2.7261147710815017e+00   2.6836462455879415e+00   1.5008651035827953e+00 #xyz tv0
           2.7171876610923995e+00   2.6484622583617563e+00   1.4998897839549232e+00 #xyz tv1
           2.6985557598769603e+00   2.6650244826377838e+00   1.5240000000000000e+00 #xyz tv2
           2.7663988683057212e+00   2.6709251802598071e+00   1.5240000000000000e+00 -1 6 #xyz tv3 fid bid
           2.7261147710815017e+00   2.6836462455879415e+00   1.5008651035827953e+00 #xyz ev0
           2.7171876610923995e+00   2.6484622583617563e+00   1.4998897839549232e+00 -1 6 #xyz ev1 fid bid
   0   0.000000000000e+00   0.000000000000e+00   0.000000000000e+00 #flag location
END_ERR 
BEGIN_ERR 
26 Small mesh segment detected on body : Substrate
 Small mesh segment detected on body : Substrate 
 Segment Statistics - Number of Segments : 1 --- Segment length(s) : 0.037817mm. The cutoff frequency for S-Matrix Only Solve is 18.142850278383MHz 
1 -1  # nfids, fids[]
1 6  # nbids, bids[]
      5 0 1 0 #ntets ntri ned npts
          -2.6862326795657765e+00  -2.7013100294254415e+00   1.5010032741650297e+00 #xyz tv0
          -2.6592973106514806e+00  -2.6880536452075070e+00   1.5240000000000000e+00 #xyz tv1
          -2.6219036943051450e+00  -2.7552297900819482e+00   1.5240000000000000e+00 #xyz tv2
