G3dErrFileVersion 2025R1
FlagFileMetaData Begin
   Mesh Size - Setup1, Refinement, Pass #1, Freq. 1.000000e+10 :Title    
   Listing of mesh elements with poor quality. :ToolTip  
   hf3d :Author   
   1779613253 :TimeStamp
   mm :UnitName 
   1.0000000000000000e-03 :UnitConv
FlagFileMetaData End
BEGIN_ERR 
26 Small mesh segment detected on body : Substrate
 Small mesh segment detected on body : Substrate 
 Segment Statistics - Number of Segments : 1 --- Segment length(s) : 0.937500mm. The cutoff frequency for S-Matrix Only Solve is 18.142850278383MHz 
4 -1  8  76  112  # nfids, fids[]
2 6  -1  # nbids, bids[]
      4 6 1 0 #ntets ntri ned npts
          -9.3750000000000000e-01  -7.5000000000000000e+00   1.9050000000000000e-01 #xyz tv0
          -9.3750000000000000e-01  -6.5625000000000000e+00   0.0000000000000000e+00 #xyz tv1
          -1.8750000000000000e+00  -7.5000000000000000e+00   0.0000000000000000e+00 #xyz tv2
          -9.3750000000000000e-01  -7.5000000000000000e+00   0.0000000000000000e+00 -1 6 #xyz tv3 fid bid
          -9.3750000000000000e-01  -7.5000000000000000e+00   0.0000000000000000e+00 #xyz tv0
          -6.6275987961998273e-01  -8.2500000000000000e+00  -1.5556645658598165e+00 #xyz tv1
          -9.3750000000000000e-01  -6.5625000000000000e+00   0.0000000000000000e+00 #xyz tv2
          -1.8750000000000000e+00  -7.5000000000000000e+00   0.0000000000000000e+00 -1 6 #xyz tv3 fid bid
          -9.3750000000000000e-01  -7.5000000000000000e+00   1.9050000000000000e-01 #xyz tv0
          -9.3750000000000000e-01  -6.5625000000000000e+00   0.0000000000000000e+00 #xyz tv1
          -9.3750000000000000e-01  -7.5000000000000000e+00   0.0000000000000000e+00 #xyz tv2
           0.0000000000000000e+00  -7.5000000000000000e+00   0.0000000000000000e+00 -1 6 #xyz tv3 fid bid
          -9.3750000000000000e-01  -7.5000000000000000e+00   0.0000000000000000e+00 #xyz tv0
          -9.3750000000000000e-01  -6.5625000000000000e+00   0.0000000000000000e+00 #xyz tv1
          -6.6275987961998273e-01  -8.2500000000000000e+00  -1.5556645658598165e+00 #xyz tv2
           0.0000000000000000e+00  -7.5000000000000000e+00   0.0000000000000000e+00 -1 6 #xyz tv3 fid bid
           0.0000000000000000e+00  -7.5000000000000000e+00   0.0000000000000000e+00 #xyz tv0
          -9.3750000000000000e-01  -7.5000000000000000e+00   0.0000000000000000e+00 #xyz tv1
          -9.3750000000000000e-01  -6.5625000000000000e+00   0.0000000000000000e+00 8 -1 #xyz tv2 fid bid
           0.0000000000000000e+00  -7.5000000000000000e+00   0.0000000000000000e+00 #xyz tv0
          -9.3750000000000000e-01  -7.5000000000000000e+00   0.0000000000000000e+00 #xyz tv1
          -9.3750000000000000e-01  -6.5625000000000000e+00   0.0000000000000000e+00 76 -1 #xyz tv2 fid bid
           0.0000000000000000e+00  -7.5000000000000000e+00   0.0000000000000000e+00 #xyz tv0
          -9.3750000000000000e-01  -7.5000000000000000e+00   0.0000000000000000e+00 #xyz tv1
          -9.3750000000000000e-01  -6.5625000000000000e+00   0.0000000000000000e+00 112 -1 #xyz tv2 fid bid
          -9.3750000000000000e-01  -7.5000000000000000e+00   0.0000000000000000e+00 #xyz tv0
          -1.8750000000000000e+00  -7.5000000000000000e+00   0.0000000000000000e+00 #xyz tv1
          -9.3750000000000000e-01  -6.5625000000000000e+00   0.0000000000000000e+00 8 -1 #xyz tv2 fid bid
          -9.3750000000000000e-01  -7.5000000000000000e+00   0.0000000000000000e+00 #xyz tv0
          -1.8750000000000000e+00  -7.5000000000000000e+00   0.0000000000000000e+00 #xyz tv1
          -9.3750000000000000e-01  -6.5625000000000000e+00   0.0000000000000000e+00 76 -1 #xyz tv2 fid bid
          -9.3750000000000000e-01  -7.5000000000000000e+00   0.0000000000000000e+00 #xyz tv0
          -1.8750000000000000e+00  -7.5000000000000000e+00   0.0000000000000000e+00 #xyz tv1
          -9.3750000000000000e-01  -6.5625000000000000e+00   0.0000000000000000e+00 112 -1 #xyz tv2 fid bid
          -9.3750000000000000e-01  -7.5000000000000000e+00   0.0000000000000000e+00 #xyz ev0
          -9.3750000000000000e-01  -6.5625000000000000e+00   0.0000000000000000e+00 -1 6 #xyz ev1 fid bid
   0   0.000000000000e+00   0.000000000000e+00   0.000000000000e+00 #flag location
END_ERR 
BEGIN_ERR 
26 Small mesh segment detected on body : Substrate
 Small mesh segment detected on body : Substrate 
 Segment Statistics - Number of Segments : 1 --- Segment length(s) : 0.937500mm. The cutoff frequency for S-Matrix Only Solve is 18.142850278383MHz 
4 -1  8  76  112  # nfids, fids[]
2 6  -1  # nbids, bids[]
      6 6 1 0 #ntets ntri ned npts
          -7.0166705908484239e+00  -3.2553473202770320e+00   5.7602259027797897e-01 #xyz tv0
          -6.5625000000000000e+00  -3.7500000000000000e+00   0.0000000000000000e+00 #xyz tv1
          -7.5000000000000000e+00  -3.7500000000000000e+00   0.0000000000000000e+00 #xyz tv2
          -7.5000000000000000e+00  -3.7500000000000000e+00   3.8100000000000001e-01 -1 6 #xyz tv3 fid bid
          -7.0166705908484239e+00  -3.2553473202770320e+00   5.7602259027797897e-01 #xyz tv0
          -7.5000000000000000e+00  -3.7500000000000000e+00   0.0000000000000000e+00 #xyz tv1
          -6.5625000000000000e+00  -3.7500000000000000e+00   0.0000000000000000e+00 #xyz tv2
          -6.5625000000000000e+00  -2.8125000000000000e+00   0.0000000000000000e+00 -1 6 #xyz tv3 fid bid
          -7.1459596084716974e+00  -4.2187639689085561e+00   2.7156832903877004e-01 #xyz tv0
          -7.5000000000000000e+00  -3.7500000000000000e+00   0.0000000000000000e+00 #xyz tv1
          -6.5625000000000000e+00  -3.7500000000000000e+00   0.0000000000000000e+00 #xyz tv2
          -7.5000000000000000e+00  -3.7500000000000000e+00   3.8100000000000001e-01 -1 6 #xyz tv3 fid bid
          -6.5625000000000000e+00  -2.8125000000000000e+00   0.0000000000000000e+00 #xyz tv0
          -6.5625000000000000e+00  -3.7500000000000000e+00   0.0000000000000000e+00 #xyz tv1
          -8.2500000000000000e+00  -4.1779598556299238e+00  -1.9231307646259306e+00 #xyz tv2
          -7.5000000000000000e+00  -3.7500000000000000e+00   0.0000000000000000e+00 -1 6 #xyz tv3 fid bid
          -7.1459596084716974e+00  -4.2187639689085561e+00   2.7156832903877004e-01 #xyz tv0
          -6.5625000000000000e+00  -3.7500000000000000e+00   0.0000000000000000e+00 #xyz tv1
          -7.5000000000000000e+00  -3.7500000000000000e+00   0.0000000000000000e+00 #xyz tv2
          -6.5625000000000000e+00  -4.6875000000000000e+00   0.0000000000000000e+00 -1 6 #xyz tv3 fid bid
          -8.2500000000000000e+00  -4.1779598556299238e+00  -1.9231307646259306e+00 #xyz tv0
          -6.5625000000000000e+00  -3.7500000000000000e+00   0.0000000000000000e+00 #xyz tv1
          -6.5625000000000000e+00  -4.6875000000000000e+00   0.0000000000000000e+00 #xyz tv2
          -7.5000000000000000e+00  -3.7500000000000000e+00   0.0000000000000000e+00 -1 6 #xyz tv3 fid bid
          -7.5000000000000000e+00  -3.7500000000000000e+00   0.0000000000000000e+00 #xyz tv0
          -6.5625000000000000e+00  -3.7500000000000000e+00   0.0000000000000000e+00 #xyz tv1
          -6.5625000000000000e+00  -4.6875000000000000e+00   0.0000000000000000e+00 8 -1 #xyz tv2 fid bid
          -7.5000000000000000e+00  -3.7500000000000000e+00   0.0000000000000000e+00 #xyz tv0
          -6.5625000000000000e+00  -3.7500000000000000e+00   0.0000000000000000e+00 #xyz tv1
          -6.5625000000000000e+00  -4.6875000000000000e+00   0.0000000000000000e+00 76 -1 #xyz tv2 fid bid
          -7.5000000000000000e+00  -3.7500000000000000e+00   0.0000000000000000e+00 #xyz tv0
          -6.5625000000000000e+00  -3.7500000000000000e+00   0.0000000000000000e+00 #xyz tv1
          -6.5625000000000000e+00  -4.6875000000000000e+00   0.0000000000000000e+00 112 -1 #xyz tv2 fid bid
          -6.5625000000000000e+00  -3.7500000000000000e+00   0.0000000000000000e+00 #xyz tv0
          -7.5000000000000000e+00  -3.7500000000000000e+00   0.0000000000000000e+00 #xyz tv1
          -6.5625000000000000e+00  -2.8125000000000000e+00   0.0000000000000000e+00 8 -1 #xyz tv2 fid bid
          -6.5625000000000000e+00  -3.7500000000000000e+00   0.0000000000000000e+00 #xyz tv0
          -7.5000000000000000e+00  -3.7500000000000000e+00   0.0000000000000000e+00 #xyz tv1
          -6.5625000000000000e+00  -2.8125000000000000e+00   0.0000000000000000e+00 76 -1 #xyz tv2 fid bid
          -6.5625000000000000e+00  -3.7500000000000000e+00   0.0000000000000000e+00 #xyz tv0
          -7.5000000000000000e+00  -3.7500000000000000e+00   0.0000000000000000e+00 #xyz tv1
          -6.5625000000000000e+00  -2.8125000000000000e+00   0.0000000000000000e+00 112 -1 #xyz tv2 fid bid
          -7.5000000000000000e+00  -3.7500000000000000e+00   0.0000000000000000e+00 #xyz ev0
          -6.5625000000000000e+00  -3.7500000000000000e+00   0.0000000000000000e+00 -1 6 #xyz ev1 fid bid
   0   0.000000000000e+00   0.000000000000e+00   0.000000000000e+00 #flag location
END_ERR 
G3dErrFileVersion 2025R1
FlagFileMetaData Begin
   Mesh Size - Setup1, Refinement, Pass #2, Freq. 1.000000e+10 :Title    
   Listing of mesh elements with poor quality. :ToolTip  
   hf3d :Author   
   1779613258 :TimeStamp
   mm :UnitName 
   1.0000000000000000e-03 :UnitConv
FlagFileMetaData End
BEGIN_ERR 
26 Small mesh segment detected on body : Substrate
 Small mesh segment detected on body : Substrate 
 Segment Statistics - Number of Segments : 1 --- Segment length(s) : 0.937500mm. The cutoff frequency for S-Matrix Only Solve is 18.142850278383MHz 
4 -1  8  76  112  # nfids, fids[]
2 6  -1  # nbids, bids[]
      4 6 1 0 #ntets ntri ned npts
          -9.3750000000000000e-01  -7.5000000000000000e+00   1.9050000000000000e-01 #xyz tv0
          -9.3750000000000000e-01  -6.5625000000000000e+00   0.0000000000000000e+00 #xyz tv1
          -1.8750000000000000e+00  -7.5000000000000000e+00   0.0000000000000000e+00 #xyz tv2
          -9.3750000000000000e-01  -7.5000000000000000e+00   0.0000000000000000e+00 -1 6 #xyz tv3 fid bid
          -9.3750000000000000e-01  -7.5000000000000000e+00   0.0000000000000000e+00 #xyz tv0
          -6.6275987961998273e-01  -8.2500000000000000e+00  -1.5556645658598165e+00 #xyz tv1
          -9.3750000000000000e-01  -6.5625000000000000e+00   0.0000000000000000e+00 #xyz tv2
          -1.8750000000000000e+00  -7.5000000000000000e+00   0.0000000000000000e+00 -1 6 #xyz tv3 fid bid
          -9.3750000000000000e-01  -7.5000000000000000e+00   1.9050000000000000e-01 #xyz tv0
          -9.3750000000000000e-01  -6.5625000000000000e+00   0.0000000000000000e+00 #xyz tv1
          -9.3750000000000000e-01  -7.5000000000000000e+00   0.0000000000000000e+00 #xyz tv2
           0.0000000000000000e+00  -7.5000000000000000e+00   0.0000000000000000e+00 -1 6 #xyz tv3 fid bid
          -9.3750000000000000e-01  -7.5000000000000000e+00   0.0000000000000000e+00 #xyz tv0
          -9.3750000000000000e-01  -6.5625000000000000e+00   0.0000000000000000e+00 #xyz tv1
          -6.6275987961998273e-01  -8.2500000000000000e+00  -1.5556645658598165e+00 #xyz tv2
           0.0000000000000000e+00  -7.5000000000000000e+00   0.0000000000000000e+00 -1 6 #xyz tv3 fid bid
           0.0000000000000000e+00  -7.5000000000000000e+00   0.0000000000000000e+00 #xyz tv0
          -9.3750000000000000e-01  -7.5000000000000000e+00   0.0000000000000000e+00 #xyz tv1
          -9.3750000000000000e-01  -6.5625000000000000e+00   0.0000000000000000e+00 8 -1 #xyz tv2 fid bid
           0.0000000000000000e+00  -7.5000000000000000e+00   0.0000000000000000e+00 #xyz tv0
          -9.3750000000000000e-01  -7.5000000000000000e+00   0.0000000000000000e+00 #xyz tv1
          -9.3750000000000000e-01  -6.5625000000000000e+00   0.0000000000000000e+00 76 -1 #xyz tv2 fid bid
           0.0000000000000000e+00  -7.5000000000000000e+00   0.0000000000000000e+00 #xyz tv0
          -9.3750000000000000e-01  -7.5000000000000000e+00   0.0000000000000000e+00 #xyz tv1
          -9.3750000000000000e-01  -6.5625000000000000e+00   0.0000000000000000e+00 112 -1 #xyz tv2 fid bid
          -9.3750000000000000e-01  -7.5000000000000000e+00   0.0000000000000000e+00 #xyz tv0
          -1.8750000000000000e+00  -7.5000000000000000e+00   0.0000000000000000e+00 #xyz tv1
          -9.3750000000000000e-01  -6.5625000000000000e+00   0.0000000000000000e+00 8 -1 #xyz tv2 fid bid
          -9.3750000000000000e-01  -7.5000000000000000e+00   0.0000000000000000e+00 #xyz tv0
          -1.8750000000000000e+00  -7.5000000000000000e+00   0.0000000000000000e+00 #xyz tv1
          -9.3750000000000000e-01  -6.5625000000000000e+00   0.0000000000000000e+00 76 -1 #xyz tv2 fid bid
          -9.3750000000000000e-01  -7.5000000000000000e+00   0.0000000000000000e+00 #xyz tv0
          -1.8750000000000000e+00  -7.5000000000000000e+00   0.0000000000000000e+00 #xyz tv1
          -9.3750000000000000e-01  -6.5625000000000000e+00   0.0000000000000000e+00 112 -1 #xyz tv2 fid bid
          -9.3750000000000000e-01  -7.5000000000000000e+00   0.0000000000000000e+00 #xyz ev0
          -9.3750000000000000e-01  -6.5625000000000000e+00   0.0000000000000000e+00 -1 6 #xyz ev1 fid bid
   0   0.000000000000e+00   0.000000000000e+00   0.000000000000e+00 #flag location
END_ERR 
BEGIN_ERR 
26 Small mesh segment detected on body : Substrate
 Small mesh segment detected on body : Substrate 
 Segment Statistics - Number of Segments : 1 --- Segment length(s) : 0.937500mm. The cutoff frequency for S-Matrix Only Solve is 18.142850278383MHz 
4 -1  8  76  112  # nfids, fids[]
2 6  -1  # nbids, bids[]
      6 6 1 0 #ntets ntri ned npts
          -7.0166705908484239e+00  -3.2553473202770320e+00   5.7602259027797897e-01 #xyz tv0
          -6.5625000000000000e+00  -3.7500000000000000e+00   0.0000000000000000e+00 #xyz tv1
          -7.5000000000000000e+00  -3.7500000000000000e+00   0.0000000000000000e+00 #xyz tv2
          -7.5000000000000000e+00  -3.7500000000000000e+00   3.8100000000000001e-01 -1 6 #xyz tv3 fid bid
          -7.0166705908484239e+00  -3.2553473202770320e+00   5.7602259027797897e-01 #xyz tv0
          -7.5000000000000000e+00  -3.7500000000000000e+00   0.0000000000000000e+00 #xyz tv1
          -6.5625000000000000e+00  -3.7500000000000000e+00   0.0000000000000000e+00 #xyz tv2
          -6.5625000000000000e+00  -2.8125000000000000e+00   0.0000000000000000e+00 -1 6 #xyz tv3 fid bid
          -7.1459611566904142e+00  -4.2187639169228675e+00   2.7156937077847154e-01 #xyz tv0
          -7.5000000000000000e+00  -3.7500000000000000e+00   0.0000000000000000e+00 #xyz tv1
          -6.5625000000000000e+00  -3.7500000000000000e+00   0.0000000000000000e+00 #xyz tv2
          -7.5000000000000000e+00  -3.7500000000000000e+00   3.8100000000000001e-01 -1 6 #xyz tv3 fid bid
          -6.5625000000000000e+00  -2.8125000000000000e+00   0.0000000000000000e+00 #xyz tv0
          -6.5625000000000000e+00  -3.7500000000000000e+00   0.0000000000000000e+00 #xyz tv1
          -8.2500000000000000e+00  -4.1779598556299238e+00  -1.9231307646259306e+00 #xyz tv2
          -7.5000000000000000e+00  -3.7500000000000000e+00   0.0000000000000000e+00 -1 6 #xyz tv3 fid bid
          -7.1459611566904142e+00  -4.2187639169228675e+00   2.7156937077847154e-01 #xyz tv0
          -6.5625000000000000e+00  -3.7500000000000000e+00   0.0000000000000000e+00 #xyz tv1
          -7.5000000000000000e+00  -3.7500000000000000e+00   0.0000000000000000e+00 #xyz tv2
          -6.5625000000000000e+00  -4.6875000000000000e+00   0.0000000000000000e+00 -1 6 #xyz tv3 fid bid
          -8.2500000000000000e+00  -4.1779598556299238e+00  -1.9231307646259306e+00 #xyz tv0
          -6.5625000000000000e+00  -3.7500000000000000e+00   0.0000000000000000e+00 #xyz tv1
          -6.5625000000000000e+00  -4.6875000000000000e+00   0.0000000000000000e+00 #xyz tv2
          -7.5000000000000000e+00  -3.7500000000000000e+00   0.0000000000000000e+00 -1 6 #xyz tv3 fid bid
          -7.5000000000000000e+00  -3.7500000000000000e+00   0.0000000000000000e+00 #xyz tv0
          -6.5625000000000000e+00  -3.7500000000000000e+00   0.0000000000000000e+00 #xyz tv1
          -6.5625000000000000e+00  -4.6875000000000000e+00   0.0000000000000000e+00 8 -1 #xyz tv2 fid bid
          -7.5000000000000000e+00  -3.7500000000000000e+00   0.0000000000000000e+00 #xyz tv0
          -6.5625000000000000e+00  -3.7500000000000000e+00   0.0000000000000000e+00 #xyz tv1
          -6.5625000000000000e+00  -4.6875000000000000e+00   0.0000000000000000e+00 76 -1 #xyz tv2 fid bid
          -7.5000000000000000e+00  -3.7500000000000000e+00   0.0000000000000000e+00 #xyz tv0
          -6.5625000000000000e+00  -3.7500000000000000e+00   0.0000000000000000e+00 #xyz tv1
          -6.5625000000000000e+00  -4.6875000000000000e+00   0.0000000000000000e+00 112 -1 #xyz tv2 fid bid
          -6.5625000000000000e+00  -3.7500000000000000e+00   0.0000000000000000e+00 #xyz tv0
          -7.5000000000000000e+00  -3.7500000000000000e+00   0.0000000000000000e+00 #xyz tv1
          -6.5625000000000000e+00  -2.8125000000000000e+00   0.0000000000000000e+00 8 -1 #xyz tv2 fid bid
          -6.5625000000000000e+00  -3.7500000000000000e+00   0.0000000000000000e+00 #xyz tv0
          -7.5000000000000000e+00  -3.7500000000000000e+00   0.0000000000000000e+00 #xyz tv1
          -6.5625000000000000e+00  -2.8125000000000000e+00   0.0000000000000000e+00 76 -1 #xyz tv2 fid bid
          -6.5625000000000000e+00  -3.7500000000000000e+00   0.0000000000000000e+00 #xyz tv0
          -7.5000000000000000e+00  -3.7500000000000000e+00   0.0000000000000000e+00 #xyz tv1
          -6.5625000000000000e+00  -2.8125000000000000e+00   0.0000000000000000e+00 112 -1 #xyz tv2 fid bid
          -7.5000000000000000e+00  -3.7500000000000000e+00   0.0000000000000000e+00 #xyz ev0
          -6.5625000000000000e+00  -3.7500000000000000e+00   0.0000000000000000e+00 -1 6 #xyz ev1 fid bid
   0   0.000000000000e+00   0.000000000000e+00   0.000000000000e+00 #flag location
END_ERR 
G3dErrFileVersion 2025R1
FlagFileMetaData Begin
   Mesh Size - Setup1, Refinement, Pass #3, Freq. 1.000000e+10 :Title    
   Listing of mesh elements with poor quality. :ToolTip  
   hf3d :Author   
   1779613263 :TimeStamp
   mm :UnitName 
   1.0000000000000000e-03 :UnitConv
FlagFileMetaData End
BEGIN_ERR 
26 Small mesh segment detected on body : Substrate
 Small mesh segment detected on body : Substrate 
 Segment Statistics - Number of Segments : 1 --- Segment length(s) : 0.937500mm. The cutoff frequency for S-Matrix Only Solve is 18.142850278383MHz 
4 -1  8  76  112  # nfids, fids[]
2 6  -1  # nbids, bids[]
      4 6 1 0 #ntets ntri ned npts
          -9.3750000000000000e-01  -7.5000000000000000e+00   1.9050000000000000e-01 #xyz tv0
          -9.3750000000000000e-01  -6.5625000000000000e+00   0.0000000000000000e+00 #xyz tv1
          -1.8750000000000000e+00  -7.5000000000000000e+00   0.0000000000000000e+00 #xyz tv2
          -9.3750000000000000e-01  -7.5000000000000000e+00   0.0000000000000000e+00 -1 6 #xyz tv3 fid bid
          -9.3750000000000000e-01  -7.5000000000000000e+00   0.0000000000000000e+00 #xyz tv0
          -6.6275987961998273e-01  -8.2500000000000000e+00  -1.5556645658598165e+00 #xyz tv1
          -9.3750000000000000e-01  -6.5625000000000000e+00   0.0000000000000000e+00 #xyz tv2
          -1.8750000000000000e+00  -7.5000000000000000e+00   0.0000000000000000e+00 -1 6 #xyz tv3 fid bid
          -9.3750000000000000e-01  -7.5000000000000000e+00   1.9050000000000000e-01 #xyz tv0
          -9.3750000000000000e-01  -6.5625000000000000e+00   0.0000000000000000e+00 #xyz tv1
          -9.3750000000000000e-01  -7.5000000000000000e+00   0.0000000000000000e+00 #xyz tv2
           0.0000000000000000e+00  -7.5000000000000000e+00   0.0000000000000000e+00 -1 6 #xyz tv3 fid bid
          -9.3750000000000000e-01  -7.5000000000000000e+00   0.0000000000000000e+00 #xyz tv0
          -9.3750000000000000e-01  -6.5625000000000000e+00   0.0000000000000000e+00 #xyz tv1
          -6.6275987961998273e-01  -8.2500000000000000e+00  -1.5556645658598165e+00 #xyz tv2
           0.0000000000000000e+00  -7.5000000000000000e+00   0.0000000000000000e+00 -1 6 #xyz tv3 fid bid
           0.0000000000000000e+00  -7.5000000000000000e+00   0.0000000000000000e+00 #xyz tv0
          -9.3750000000000000e-01  -7.5000000000000000e+00   0.0000000000000000e+00 #xyz tv1
          -9.3750000000000000e-01  -6.5625000000000000e+00   0.0000000000000000e+00 8 -1 #xyz tv2 fid bid
           0.0000000000000000e+00  -7.5000000000000000e+00   0.0000000000000000e+00 #xyz tv0
          -9.3750000000000000e-01  -7.5000000000000000e+00   0.0000000000000000e+00 #xyz tv1
          -9.3750000000000000e-01  -6.5625000000000000e+00   0.0000000000000000e+00 76 -1 #xyz tv2 fid bid
           0.0000000000000000e+00  -7.5000000000000000e+00   0.0000000000000000e+00 #xyz tv0
          -9.3750000000000000e-01  -7.5000000000000000e+00   0.0000000000000000e+00 #xyz tv1
          -9.3750000000000000e-01  -6.5625000000000000e+00   0.0000000000000000e+00 112 -1 #xyz tv2 fid bid
          -9.3750000000000000e-01  -7.5000000000000000e+00   0.0000000000000000e+00 #xyz tv0
          -1.8750000000000000e+00  -7.5000000000000000e+00   0.0000000000000000e+00 #xyz tv1
          -9.3750000000000000e-01  -6.5625000000000000e+00   0.0000000000000000e+00 8 -1 #xyz tv2 fid bid
          -9.3750000000000000e-01  -7.5000000000000000e+00   0.0000000000000000e+00 #xyz tv0
          -1.8750000000000000e+00  -7.5000000000000000e+00   0.0000000000000000e+00 #xyz tv1
          -9.3750000000000000e-01  -6.5625000000000000e+00   0.0000000000000000e+00 76 -1 #xyz tv2 fid bid
          -9.3750000000000000e-01  -7.5000000000000000e+00   0.0000000000000000e+00 #xyz tv0
          -1.8750000000000000e+00  -7.5000000000000000e+00   0.0000000000000000e+00 #xyz tv1
          -9.3750000000000000e-01  -6.5625000000000000e+00   0.0000000000000000e+00 112 -1 #xyz tv2 fid bid
          -9.3750000000000000e-01  -7.5000000000000000e+00   0.0000000000000000e+00 #xyz ev0
          -9.3750000000000000e-01  -6.5625000000000000e+00   0.0000000000000000e+00 -1 6 #xyz ev1 fid bid
   0   0.000000000000e+00   0.000000000000e+00   0.000000000000e+00 #flag location
END_ERR 
BEGIN_ERR 
26 Small mesh segment detected on body : Substrate
 Small mesh segment detected on body : Substrate 
 Segment Statistics - Number of Segments : 1 --- Segment length(s) : 0.937500mm. The cutoff frequency for S-Matrix Only Solve is 18.142850278383MHz 
4 -1  8  76  112  # nfids, fids[]
2 6  -1  # nbids, bids[]
      6 6 1 0 #ntets ntri ned npts
          -7.0166705908484239e+00  -3.2553473202770320e+00   5.7602259027797897e-01 #xyz tv0
          -6.5625000000000000e+00  -3.7500000000000000e+00   0.0000000000000000e+00 #xyz tv1
          -7.5000000000000000e+00  -3.7500000000000000e+00   0.0000000000000000e+00 #xyz tv2
          -7.5000000000000000e+00  -3.7500000000000000e+00   3.8100000000000001e-01 -1 6 #xyz tv3 fid bid
          -7.0166705908484239e+00  -3.2553473202770320e+00   5.7602259027797897e-01 #xyz tv0
          -7.5000000000000000e+00  -3.7500000000000000e+00   0.0000000000000000e+00 #xyz tv1
          -6.5625000000000000e+00  -3.7500000000000000e+00   0.0000000000000000e+00 #xyz tv2
          -6.5625000000000000e+00  -2.8125000000000000e+00   0.0000000000000000e+00 -1 6 #xyz tv3 fid bid
          -7.1459612534540842e+00  -4.2187639136737616e+00   2.7156943588720295e-01 #xyz tv0
          -7.5000000000000000e+00  -3.7500000000000000e+00   0.0000000000000000e+00 #xyz tv1
          -6.5625000000000000e+00  -3.7500000000000000e+00   0.0000000000000000e+00 #xyz tv2
          -7.5000000000000000e+00  -3.7500000000000000e+00   3.8100000000000001e-01 -1 6 #xyz tv3 fid bid
          -6.5625000000000000e+00  -2.8125000000000000e+00   0.0000000000000000e+00 #xyz tv0
          -6.5625000000000000e+00  -3.7500000000000000e+00   0.0000000000000000e+00 #xyz tv1
          -8.2500000000000000e+00  -4.1779598556299238e+00  -1.9231307646259306e+00 #xyz tv2
          -7.5000000000000000e+00  -3.7500000000000000e+00   0.0000000000000000e+00 -1 6 #xyz tv3 fid bid
          -7.1459612534540842e+00  -4.2187639136737616e+00   2.7156943588720295e-01 #xyz tv0
          -6.5625000000000000e+00  -3.7500000000000000e+00   0.0000000000000000e+00 #xyz tv1
          -7.5000000000000000e+00  -3.7500000000000000e+00   0.0000000000000000e+00 #xyz tv2
          -6.5625000000000000e+00  -4.6875000000000000e+00   0.0000000000000000e+00 -1 6 #xyz tv3 fid bid
          -8.2500000000000000e+00  -4.1779598556299238e+00  -1.9231307646259306e+00 #xyz tv0
          -6.5625000000000000e+00  -3.7500000000000000e+00   0.0000000000000000e+00 #xyz tv1
          -6.5625000000000000e+00  -4.6875000000000000e+00   0.0000000000000000e+00 #xyz tv2
          -7.5000000000000000e+00  -3.7500000000000000e+00   0.0000000000000000e+00 -1 6 #xyz tv3 fid bid
          -7.5000000000000000e+00  -3.7500000000000000e+00   0.0000000000000000e+00 #xyz tv0
          -6.5625000000000000e+00  -3.7500000000000000e+00   0.0000000000000000e+00 #xyz tv1
          -6.5625000000000000e+00  -4.6875000000000000e+00   0.0000000000000000e+00 8 -1 #xyz tv2 fid bid
          -7.5000000000000000e+00  -3.7500000000000000e+00   0.0000000000000000e+00 #xyz tv0
          -6.5625000000000000e+00  -3.7500000000000000e+00   0.0000000000000000e+00 #xyz tv1
          -6.5625000000000000e+00  -4.6875000000000000e+00   0.0000000000000000e+00 76 -1 #xyz tv2 fid bid
          -7.5000000000000000e+00  -3.7500000000000000e+00   0.0000000000000000e+00 #xyz tv0
          -6.5625000000000000e+00  -3.7500000000000000e+00   0.0000000000000000e+00 #xyz tv1
          -6.5625000000000000e+00  -4.6875000000000000e+00   0.0000000000000000e+00 112 -1 #xyz tv2 fid bid
          -6.5625000000000000e+00  -3.7500000000000000e+00   0.0000000000000000e+00 #xyz tv0
          -7.5000000000000000e+00  -3.7500000000000000e+00   0.0000000000000000e+00 #xyz tv1
          -6.5625000000000000e+00  -2.8125000000000000e+00   0.0000000000000000e+00 8 -1 #xyz tv2 fid bid
          -6.5625000000000000e+00  -3.7500000000000000e+00   0.0000000000000000e+00 #xyz tv0
          -7.5000000000000000e+00  -3.7500000000000000e+00   0.0000000000000000e+00 #xyz tv1
          -6.5625000000000000e+00  -2.8125000000000000e+00   0.0000000000000000e+00 76 -1 #xyz tv2 fid bid
          -6.5625000000000000e+00  -3.7500000000000000e+00   0.0000000000000000e+00 #xyz tv0
          -7.5000000000000000e+00  -3.7500000000000000e+00   0.0000000000000000e+00 #xyz tv1
          -6.5625000000000000e+00  -2.8125000000000000e+00   0.0000000000000000e+00 112 -1 #xyz tv2 fid bid
          -7.5000000000000000e+00  -3.7500000000000000e+00   0.0000000000000000e+00 #xyz ev0
          -6.5625000000000000e+00  -3.7500000000000000e+00   0.0000000000000000e+00 -1 6 #xyz ev1 fid bid
   0   0.000000000000e+00   0.000000000000e+00   0.000000000000e+00 #flag location
END_ERR 
BEGIN_ERR 
26 Small mesh segment detected on body : Substrate
 Small mesh segment detected on body : Substrate 
 Segment Statistics - Number of Segments : 1 --- Segment length(s) : 1.325825mm. The cutoff frequency for S-Matrix Only Solve is 18.142850278383MHz 
4 -1  8  76  112  # nfids, fids[]
2 6  -1  # nbids, bids[]
      4 6 1 0 #ntets ntri ned npts
          -7.0166705908484239e+00  -3.2553473202770320e+00   5.7602259027797897e-01 #xyz tv0
          -7.5000000000000000e+00  -2.8125000000000000e+00   0.0000000000000000e+00 #xyz tv1
          -7.5000000000000000e+00  -3.7500000000000000e+00   0.0000000000000000e+00 #xyz tv2
          -6.5625000000000000e+00  -2.8125000000000000e+00   0.0000000000000000e+00 -1 6 #xyz tv3 fid bid
          -7.5000000000000000e+00  -2.8125000000000000e+00   0.0000000000000000e+00 #xyz tv0
          -6.5625000000000000e+00  -2.8125000000000000e+00   0.0000000000000000e+00 #xyz tv1
          -8.2500000000000000e+00  -4.1779598556299238e+00  -1.9231307646259306e+00 #xyz tv2
          -7.5000000000000000e+00  -3.7500000000000000e+00   0.0000000000000000e+00 -1 6 #xyz tv3 fid bid
          -7.0166705908484239e+00  -3.2553473202770320e+00   5.7602259027797897e-01 #xyz tv0
          -7.5000000000000000e+00  -3.7500000000000000e+00   0.0000000000000000e+00 #xyz tv1
          -6.5625000000000000e+00  -3.7500000000000000e+00   0.0000000000000000e+00 #xyz tv2
          -6.5625000000000000e+00  -2.8125000000000000e+00   0.0000000000000000e+00 -1 6 #xyz tv3 fid bid
          -6.5625000000000000e+00  -2.8125000000000000e+00   0.0000000000000000e+00 #xyz tv0
          -6.5625000000000000e+00  -3.7500000000000000e+00   0.0000000000000000e+00 #xyz tv1
          -8.2500000000000000e+00  -4.1779598556299238e+00  -1.9231307646259306e+00 #xyz tv2
          -7.5000000000000000e+00  -3.7500000000000000e+00   0.0000000000000000e+00 -1 6 #xyz tv3 fid bid
          -6.5625000000000000e+00  -3.7500000000000000e+00   0.0000000000000000e+00 #xyz tv0
          -7.5000000000000000e+00  -3.7500000000000000e+00   0.0000000000000000e+00 #xyz tv1
          -6.5625000000000000e+00  -2.8125000000000000e+00   0.0000000000000000e+00 8 -1 #xyz tv2 fid bid
          -6.5625000000000000e+00  -3.7500000000000000e+00   0.0000000000000000e+00 #xyz tv0
          -7.5000000000000000e+00  -3.7500000000000000e+00   0.0000000000000000e+00 #xyz tv1
          -6.5625000000000000e+00  -2.8125000000000000e+00   0.0000000000000000e+00 76 -1 #xyz tv2 fid bid
          -6.5625000000000000e+00  -3.7500000000000000e+00   0.0000000000000000e+00 #xyz tv0
          -7.5000000000000000e+00  -3.7500000000000000e+00   0.0000000000000000e+00 #xyz tv1
          -6.5625000000000000e+00  -2.8125000000000000e+00   0.0000000000000000e+00 112 -1 #xyz tv2 fid bid
          -7.5000000000000000e+00  -3.7500000000000000e+00   0.0000000000000000e+00 #xyz tv0
          -7.5000000000000000e+00  -2.8125000000000000e+00   0.0000000000000000e+00 #xyz tv1
          -6.5625000000000000e+00  -2.8125000000000000e+00   0.0000000000000000e+00 8 -1 #xyz tv2 fid bid
          -7.5000000000000000e+00  -3.7500000000000000e+00   0.0000000000000000e+00 #xyz tv0
          -7.5000000000000000e+00  -2.8125000000000000e+00   0.0000000000000000e+00 #xyz tv1
          -6.5625000000000000e+00  -2.8125000000000000e+00   0.0000000000000000e+00 76 -1 #xyz tv2 fid bid
          -7.5000000000000000e+00  -3.7500000000000000e+00   0.0000000000000000e+00 #xyz tv0
          -7.5000000000000000e+00  -2.8125000000000000e+00   0.0000000000000000e+00 #xyz tv1
          -6.5625000000000000e+00  -2.8125000000000000e+00   0.0000000000000000e+00 112 -1 #xyz tv2 fid bid
          -7.5000000000000000e+00  -3.7500000000000000e+00   0.0000000000000000e+00 #xyz ev0
          -6.5625000000000000e+00  -2.8125000000000000e+00   0.0000000000000000e+00 -1 6 #xyz ev1 fid bid
   0   0.000000000000e+00   0.000000000000e+00   0.000000000000e+00 #flag location
END_ERR 
G3dErrFileVersion 2025R1
FlagFileMetaData Begin
   Mesh Size - Setup1, Refinement, Pass #4, Freq. 1.000000e+10 :Title    
   Listing of mesh elements with poor quality. :ToolTip  
   hf3d :Author   
   1779613268 :TimeStamp
   mm :UnitName 
   1.0000000000000000e-03 :UnitConv
FlagFileMetaData End
BEGIN_ERR 
26 Small mesh segment detected on body : Substrate
 Small mesh segment detected on body : Substrate 
 Segment Statistics - Number of Segments : 1 --- Segment length(s) : 0.086555mm. The cutoff frequency for S-Matrix Only Solve is 18.142850278383MHz 
1 -1  # nfids, fids[]
1 6  # nbids, bids[]
      5 0 1 0 #ntets ntri ned npts
           1.2141657317294561e+00  -3.3881392676919027e+00   1.5240000000000000e+00 #xyz tv0
           1.1961465884636442e+00  -3.4032759721165755e+00   1.4407058174056533e+00 #xyz tv1
           1.1816250000000001e+00  -3.1510000000000002e+00   1.5240000000000000e+00 #xyz tv2
           1.0093903922971890e+00  -3.3977478496293196e+00   1.5240000000000000e+00 -1 6 #xyz tv3 fid bid
           1.2141657317294561e+00  -3.3881392676919027e+00   1.5240000000000000e+00 #xyz tv0
           1.1961465884636442e+00  -3.4032759721165755e+00   1.4407058174056533e+00 #xyz tv1
           1.3785625000000001e+00  -3.1510000000000002e+00   1.5240000000000000e+00 #xyz tv2
           1.1816250000000001e+00  -3.1510000000000002e+00   1.5240000000000000e+00 -1 6 #xyz tv3 fid bid
           1.2141657317294561e+00  -3.3881392676919027e+00   1.5240000000000000e+00 #xyz tv0
           1.2314012752557253e+00  -3.7440017660856442e+00   1.5240000000000000e+00 #xyz tv1
           1.1961465884636442e+00  -3.4032759721165755e+00   1.4407058174056533e+00 #xyz tv2
           1.0093903922971890e+00  -3.3977478496293196e+00   1.5240000000000000e+00 -1 6 #xyz tv3 fid bid
           1.2141657317294561e+00  -3.3881392676919027e+00   1.5240000000000000e+00 #xyz tv0
           1.3785625000000001e+00  -3.1510000000000002e+00   1.5240000000000000e+00 #xyz tv1
           1.1961465884636442e+00  -3.4032759721165755e+00   1.4407058174056533e+00 #xyz tv2
           1.4088945982783443e+00  -3.4009354318343776e+00   1.5240000000000000e+00 -1 6 #xyz tv3 fid bid
           1.2141657317294561e+00  -3.3881392676919027e+00   1.5240000000000000e+00 #xyz tv0
           1.1961465884636442e+00  -3.4032759721165755e+00   1.4407058174056533e+00 #xyz tv1
           1.2314012752557253e+00  -3.7440017660856442e+00   1.5240000000000000e+00 #xyz tv2
           1.4088945982783443e+00  -3.4009354318343776e+00   1.5240000000000000e+00 -1 6 #xyz tv3 fid bid
           1.2141657317294561e+00  -3.3881392676919027e+00   1.5240000000000000e+00 #xyz ev0
           1.1961465884636442e+00  -3.4032759721165755e+00   1.4407058174056533e+00 -1 6 #xyz ev1 fid bid
   0   0.000000000000e+00   0.000000000000e+00   0.000000000000e+00 #flag location
END_ERR 
BEGIN_ERR 
26 Small mesh segment detected on body : Substrate
 Small mesh segment detected on body : Substrate 
 Segment Statistics - Number of Segments : 1 --- Segment length(s) : 0.937500mm. The cutoff frequency for S-Matrix Only Solve is 18.142850278383MHz 
4 -1  8  76  112  # nfids, fids[]
2 6  -1  # nbids, bids[]
      4 6 1 0 #ntets ntri ned npts
          -9.3750000000000000e-01  -7.5000000000000000e+00   1.9050000000000000e-01 #xyz tv0
          -9.3750000000000000e-01  -6.5625000000000000e+00   0.0000000000000000e+00 #xyz tv1
          -1.8750000000000000e+00  -7.5000000000000000e+00   0.0000000000000000e+00 #xyz tv2
          -9.3750000000000000e-01  -7.5000000000000000e+00   0.0000000000000000e+00 -1 6 #xyz tv3 fid bid
          -9.3750000000000000e-01  -7.5000000000000000e+00   0.0000000000000000e+00 #xyz tv0
          -6.6275987961998273e-01  -8.2500000000000000e+00  -1.5556645658598165e+00 #xyz tv1
          -9.3750000000000000e-01  -6.5625000000000000e+00   0.0000000000000000e+00 #xyz tv2
          -1.8750000000000000e+00  -7.5000000000000000e+00   0.0000000000000000e+00 -1 6 #xyz tv3 fid bid
          -9.3750000000000000e-01  -7.5000000000000000e+00   1.9050000000000000e-01 #xyz tv0
          -9.3750000000000000e-01  -6.5625000000000000e+00   0.0000000000000000e+00 #xyz tv1
          -9.3750000000000000e-01  -7.5000000000000000e+00   0.0000000000000000e+00 #xyz tv2
           0.0000000000000000e+00  -7.5000000000000000e+00   0.0000000000000000e+00 -1 6 #xyz tv3 fid bid
          -9.3750000000000000e-01  -7.5000000000000000e+00   0.0000000000000000e+00 #xyz tv0
          -9.3750000000000000e-01  -6.5625000000000000e+00   0.0000000000000000e+00 #xyz tv1
          -6.6275987961998273e-01  -8.2500000000000000e+00  -1.5556645658598165e+00 #xyz tv2
           0.0000000000000000e+00  -7.5000000000000000e+00   0.0000000000000000e+00 -1 6 #xyz tv3 fid bid
           0.0000000000000000e+00  -7.5000000000000000e+00   0.0000000000000000e+00 #xyz tv0
          -9.3750000000000000e-01  -7.5000000000000000e+00   0.0000000000000000e+00 #xyz tv1
          -9.3750000000000000e-01  -6.5625000000000000e+00   0.0000000000000000e+00 8 -1 #xyz tv2 fid bid
           0.0000000000000000e+00  -7.5000000000000000e+00   0.0000000000000000e+00 #xyz tv0
          -9.3750000000000000e-01  -7.5000000000000000e+00   0.0000000000000000e+00 #xyz tv1
          -9.3750000000000000e-01  -6.5625000000000000e+00   0.0000000000000000e+00 76 -1 #xyz tv2 fid bid
           0.0000000000000000e+00  -7.5000000000000000e+00   0.0000000000000000e+00 #xyz tv0
          -9.3750000000000000e-01  -7.5000000000000000e+00   0.0000000000000000e+00 #xyz tv1
          -9.3750000000000000e-01  -6.5625000000000000e+00   0.0000000000000000e+00 112 -1 #xyz tv2 fid bid
          -9.3750000000000000e-01  -7.5000000000000000e+00   0.0000000000000000e+00 #xyz tv0
          -1.8750000000000000e+00  -7.5000000000000000e+00   0.0000000000000000e+00 #xyz tv1
          -9.3750000000000000e-01  -6.5625000000000000e+00   0.0000000000000000e+00 8 -1 #xyz tv2 fid bid
          -9.3750000000000000e-01  -7.5000000000000000e+00   0.0000000000000000e+00 #xyz tv0
          -1.8750000000000000e+00  -7.5000000000000000e+00   0.0000000000000000e+00 #xyz tv1
          -9.3750000000000000e-01  -6.5625000000000000e+00   0.0000000000000000e+00 76 -1 #xyz tv2 fid bid
          -9.3750000000000000e-01  -7.5000000000000000e+00   0.0000000000000000e+00 #xyz tv0
          -1.8750000000000000e+00  -7.5000000000000000e+00   0.0000000000000000e+00 #xyz tv1
          -9.3750000000000000e-01  -6.5625000000000000e+00   0.0000000000000000e+00 112 -1 #xyz tv2 fid bid
          -9.3750000000000000e-01  -7.5000000000000000e+00   0.0000000000000000e+00 #xyz ev0
          -9.3750000000000000e-01  -6.5625000000000000e+00   0.0000000000000000e+00 -1 6 #xyz ev1 fid bid
   0   0.000000000000e+00   0.000000000000e+00   0.000000000000e+00 #flag location
END_ERR 
BEGIN_ERR 
26 Small mesh segment detected on body : Substrate
 Small mesh segment detected on body : Substrate 
 Segment Statistics - Number of Segments : 1 --- Segment length(s) : 0.937500mm. The cutoff frequency for S-Matrix Only Solve is 18.142850278383MHz 
4 -1  8  76  112  # nfids, fids[]
2 6  -1  # nbids, bids[]
      6 6 1 0 #ntets ntri ned npts
          -7.0166705908484239e+00  -3.2553473202770320e+00   5.7602259027797897e-01 #xyz tv0
          -6.5625000000000000e+00  -3.7500000000000000e+00   0.0000000000000000e+00 #xyz tv1
          -7.5000000000000000e+00  -3.7500000000000000e+00   0.0000000000000000e+00 #xyz tv2
          -7.5000000000000000e+00  -3.7500000000000000e+00   3.8100000000000001e-01 -1 6 #xyz tv3 fid bid
          -7.0166705908484239e+00  -3.2553473202770320e+00   5.7602259027797897e-01 #xyz tv0
          -7.5000000000000000e+00  -3.7500000000000000e+00   0.0000000000000000e+00 #xyz tv1
          -6.5625000000000000e+00  -3.7500000000000000e+00   0.0000000000000000e+00 #xyz tv2
          -6.5625000000000000e+00  -2.8125000000000000e+00   0.0000000000000000e+00 -1 6 #xyz tv3 fid bid
          -7.1459612582922682e+00  -4.2187639135113066e+00   2.7156943914263953e-01 #xyz tv0
          -7.5000000000000000e+00  -3.7500000000000000e+00   0.0000000000000000e+00 #xyz tv1
          -6.5625000000000000e+00  -3.7500000000000000e+00   0.0000000000000000e+00 #xyz tv2
          -7.5000000000000000e+00  -3.7500000000000000e+00   3.8100000000000001e-01 -1 6 #xyz tv3 fid bid
          -6.5625000000000000e+00  -2.8125000000000000e+00   0.0000000000000000e+00 #xyz tv0
          -6.5625000000000000e+00  -3.7500000000000000e+00   0.0000000000000000e+00 #xyz tv1
          -8.2500000000000000e+00  -4.1779598556299238e+00  -1.9231307646259306e+00 #xyz tv2
          -7.5000000000000000e+00  -3.7500000000000000e+00   0.0000000000000000e+00 -1 6 #xyz tv3 fid bid
          -7.1459612582922682e+00  -4.2187639135113066e+00   2.7156943914263953e-01 #xyz tv0
          -6.5625000000000000e+00  -3.7500000000000000e+00   0.0000000000000000e+00 #xyz tv1
          -7.5000000000000000e+00  -3.7500000000000000e+00   0.0000000000000000e+00 #xyz tv2
          -6.5625000000000000e+00  -4.6875000000000000e+00   0.0000000000000000e+00 -1 6 #xyz tv3 fid bid
          -8.2500000000000000e+00  -4.1779598556299238e+00  -1.9231307646259306e+00 #xyz tv0
