G3dErrFileVersion 2025R1
FlagFileMetaData Begin
   Mesh Size - Setup1, Refinement, Pass #1, Freq. 1.100000e+10 :Title    
   Listing of mesh elements with poor quality. :ToolTip  
   hf3d :Author   
   1768245366 :TimeStamp
   mm :UnitName 
   1.0000000000000000e-03 :UnitConv
FlagFileMetaData End
BEGIN_ERR 
26 Small mesh segment detected on body : Substrate
 Small mesh segment detected on body : Substrate 
 Segment Statistics - Number of Segments : 1 --- Segment length(s) : 0.883883mm. The cutoff frequency for S-Matrix Only Solve is 18.142850278383MHz 
4 -1  8  76  112  # nfids, fids[]
2 6  -1  # nbids, bids[]
      7 6 1 0 #ntets ntri ned npts
           4.3750000000000000e+00  -5.0000000000000000e+00   0.0000000000000000e+00 #xyz tv0
           4.3750000000000000e+00  -5.0000000000000000e+00   4.7625000000000001e-01 #xyz tv1
           4.3750000000000000e+00  -4.3750000000000000e+00   0.0000000000000000e+00 #xyz tv2
           5.0000000000000000e+00  -5.0000000000000000e+00   0.0000000000000000e+00 -1 6 #xyz tv3 fid bid
           4.3750000000000000e+00  -5.0000000000000000e+00   0.0000000000000000e+00 #xyz tv0
           4.3750000000000000e+00  -4.3750000000000000e+00   0.0000000000000000e+00 #xyz tv1
           4.0921858742741302e+00  -5.5000000000000000e+00  -1.3518669889844617e+00 #xyz tv2
           5.0000000000000000e+00  -5.0000000000000000e+00   0.0000000000000000e+00 -1 6 #xyz tv3 fid bid
           4.7221533219747087e+00  -4.7027968468381802e+00   4.4843064258781057e-01 #xyz tv0
           4.3750000000000000e+00  -4.3750000000000000e+00   0.0000000000000000e+00 #xyz tv1
           4.3750000000000000e+00  -5.0000000000000000e+00   4.7625000000000001e-01 #xyz tv2
           5.0000000000000000e+00  -5.0000000000000000e+00   0.0000000000000000e+00 -1 6 #xyz tv3 fid bid
           5.0000000000000000e+00  -4.3750000000000000e+00   0.0000000000000000e+00 #xyz tv0
           5.0000000000000000e+00  -5.0000000000000000e+00   0.0000000000000000e+00 #xyz tv1
           4.0921858742741302e+00  -5.5000000000000000e+00  -1.3518669889844617e+00 #xyz tv2
           4.3750000000000000e+00  -4.3750000000000000e+00   0.0000000000000000e+00 -1 6 #xyz tv3 fid bid
           4.7221533219747087e+00  -4.7027968468381802e+00   4.4843064258781057e-01 #xyz tv0
           5.0000000000000000e+00  -4.3750000000000000e+00   4.7625000000000001e-01 #xyz tv1
           4.3750000000000000e+00  -4.3750000000000000e+00   0.0000000000000000e+00 #xyz tv2
           5.0000000000000000e+00  -5.0000000000000000e+00   0.0000000000000000e+00 -1 6 #xyz tv3 fid bid
           5.0000000000000000e+00  -4.3750000000000000e+00   9.5250000000000001e-02 #xyz tv0
           5.0000000000000000e+00  -4.3750000000000000e+00   0.0000000000000000e+00 #xyz tv1
           4.3750000000000000e+00  -4.3750000000000000e+00   0.0000000000000000e+00 #xyz tv2
           5.0000000000000000e+00  -5.0000000000000000e+00   0.0000000000000000e+00 -1 6 #xyz tv3 fid bid
           5.0000000000000000e+00  -4.3750000000000000e+00   9.5250000000000001e-02 #xyz tv0
           4.3750000000000000e+00  -4.3750000000000000e+00   0.0000000000000000e+00 #xyz tv1
           5.0000000000000000e+00  -4.3750000000000000e+00   4.7625000000000001e-01 #xyz tv2
           5.0000000000000000e+00  -5.0000000000000000e+00   0.0000000000000000e+00 -1 6 #xyz tv3 fid bid
           5.0000000000000000e+00  -4.3750000000000000e+00   0.0000000000000000e+00 #xyz tv0
           5.0000000000000000e+00  -5.0000000000000000e+00   0.0000000000000000e+00 #xyz tv1
           4.3750000000000000e+00  -4.3750000000000000e+00   0.0000000000000000e+00 8 -1 #xyz tv2 fid bid
           5.0000000000000000e+00  -4.3750000000000000e+00   0.0000000000000000e+00 #xyz tv0
           5.0000000000000000e+00  -5.0000000000000000e+00   0.0000000000000000e+00 #xyz tv1
           4.3750000000000000e+00  -4.3750000000000000e+00   0.0000000000000000e+00 76 -1 #xyz tv2 fid bid
           5.0000000000000000e+00  -4.3750000000000000e+00   0.0000000000000000e+00 #xyz tv0
           5.0000000000000000e+00  -5.0000000000000000e+00   0.0000000000000000e+00 #xyz tv1
           4.3750000000000000e+00  -4.3750000000000000e+00   0.0000000000000000e+00 112 -1 #xyz tv2 fid bid
           5.0000000000000000e+00  -5.0000000000000000e+00   0.0000000000000000e+00 #xyz tv0
           4.3750000000000000e+00  -5.0000000000000000e+00   0.0000000000000000e+00 #xyz tv1
           4.3750000000000000e+00  -4.3750000000000000e+00   0.0000000000000000e+00 8 -1 #xyz tv2 fid bid
           5.0000000000000000e+00  -5.0000000000000000e+00   0.0000000000000000e+00 #xyz tv0
           4.3750000000000000e+00  -5.0000000000000000e+00   0.0000000000000000e+00 #xyz tv1
           4.3750000000000000e+00  -4.3750000000000000e+00   0.0000000000000000e+00 76 -1 #xyz tv2 fid bid
           5.0000000000000000e+00  -5.0000000000000000e+00   0.0000000000000000e+00 #xyz tv0
           4.3750000000000000e+00  -5.0000000000000000e+00   0.0000000000000000e+00 #xyz tv1
           4.3750000000000000e+00  -4.3750000000000000e+00   0.0000000000000000e+00 112 -1 #xyz tv2 fid bid
           5.0000000000000000e+00  -5.0000000000000000e+00   0.0000000000000000e+00 #xyz ev0
           4.3750000000000000e+00  -4.3750000000000000e+00   0.0000000000000000e+00 -1 6 #xyz ev1 fid bid
   0   0.000000000000e+00   0.000000000000e+00   0.000000000000e+00 #flag location
END_ERR 
G3dErrFileVersion 2025R1
FlagFileMetaData Begin
   Mesh Size - Setup1, Refinement, Pass #2, Freq. 1.100000e+10 :Title    
   Listing of mesh elements with poor quality. :ToolTip  
   hf3d :Author   
   1768245371 :TimeStamp
   mm :UnitName 
   1.0000000000000000e-03 :UnitConv
FlagFileMetaData End
BEGIN_ERR 
26 Small mesh segment detected on body : Substrate
 Small mesh segment detected on body : Substrate 
 Segment Statistics - Number of Segments : 1 --- Segment length(s) : 0.883883mm. The cutoff frequency for S-Matrix Only Solve is 18.142850278383MHz 
4 -1  8  76  112  # nfids, fids[]
2 6  -1  # nbids, bids[]
      7 6 1 0 #ntets ntri ned npts
           4.3750000000000000e+00  -5.0000000000000000e+00   0.0000000000000000e+00 #xyz tv0
           4.3750000000000000e+00  -5.0000000000000000e+00   4.7625000000000001e-01 #xyz tv1
           4.3750000000000000e+00  -4.3750000000000000e+00   0.0000000000000000e+00 #xyz tv2
           5.0000000000000000e+00  -5.0000000000000000e+00   0.0000000000000000e+00 -1 6 #xyz tv3 fid bid
           4.3750000000000000e+00  -5.0000000000000000e+00   0.0000000000000000e+00 #xyz tv0
           4.3750000000000000e+00  -4.3750000000000000e+00   0.0000000000000000e+00 #xyz tv1
           4.0921858742741302e+00  -5.5000000000000000e+00  -1.3518669889844617e+00 #xyz tv2
           5.0000000000000000e+00  -5.0000000000000000e+00   0.0000000000000000e+00 -1 6 #xyz tv3 fid bid
           4.7221533219747087e+00  -4.7027968468381811e+00   4.4843064258781057e-01 #xyz tv0
           4.3750000000000000e+00  -4.3750000000000000e+00   0.0000000000000000e+00 #xyz tv1
           4.3750000000000000e+00  -5.0000000000000000e+00   4.7625000000000001e-01 #xyz tv2
           5.0000000000000000e+00  -5.0000000000000000e+00   0.0000000000000000e+00 -1 6 #xyz tv3 fid bid
           5.0000000000000000e+00  -4.3750000000000000e+00   0.0000000000000000e+00 #xyz tv0
           5.0000000000000000e+00  -5.0000000000000000e+00   0.0000000000000000e+00 #xyz tv1
           4.0921858742741302e+00  -5.5000000000000000e+00  -1.3518669889844617e+00 #xyz tv2
           4.3750000000000000e+00  -4.3750000000000000e+00   0.0000000000000000e+00 -1 6 #xyz tv3 fid bid
           4.7221533219747087e+00  -4.7027968468381811e+00   4.4843064258781057e-01 #xyz tv0
           5.0000000000000000e+00  -4.3750000000000000e+00   4.7625000000000001e-01 #xyz tv1
           4.3750000000000000e+00  -4.3750000000000000e+00   0.0000000000000000e+00 #xyz tv2
           5.0000000000000000e+00  -5.0000000000000000e+00   0.0000000000000000e+00 -1 6 #xyz tv3 fid bid
           5.0000000000000000e+00  -4.3750000000000000e+00   9.5250000000000001e-02 #xyz tv0
           5.0000000000000000e+00  -4.3750000000000000e+00   0.0000000000000000e+00 #xyz tv1
           4.3750000000000000e+00  -4.3750000000000000e+00   0.0000000000000000e+00 #xyz tv2
           5.0000000000000000e+00  -5.0000000000000000e+00   0.0000000000000000e+00 -1 6 #xyz tv3 fid bid
           5.0000000000000000e+00  -4.3750000000000000e+00   9.5250000000000001e-02 #xyz tv0
           4.3750000000000000e+00  -4.3750000000000000e+00   0.0000000000000000e+00 #xyz tv1
           5.0000000000000000e+00  -4.3750000000000000e+00   4.7625000000000001e-01 #xyz tv2
           5.0000000000000000e+00  -5.0000000000000000e+00   0.0000000000000000e+00 -1 6 #xyz tv3 fid bid
           5.0000000000000000e+00  -4.3750000000000000e+00   0.0000000000000000e+00 #xyz tv0
           5.0000000000000000e+00  -5.0000000000000000e+00   0.0000000000000000e+00 #xyz tv1
           4.3750000000000000e+00  -4.3750000000000000e+00   0.0000000000000000e+00 8 -1 #xyz tv2 fid bid
           5.0000000000000000e+00  -4.3750000000000000e+00   0.0000000000000000e+00 #xyz tv0
           5.0000000000000000e+00  -5.0000000000000000e+00   0.0000000000000000e+00 #xyz tv1
           4.3750000000000000e+00  -4.3750000000000000e+00   0.0000000000000000e+00 76 -1 #xyz tv2 fid bid
           5.0000000000000000e+00  -4.3750000000000000e+00   0.0000000000000000e+00 #xyz tv0
           5.0000000000000000e+00  -5.0000000000000000e+00   0.0000000000000000e+00 #xyz tv1
           4.3750000000000000e+00  -4.3750000000000000e+00   0.0000000000000000e+00 112 -1 #xyz tv2 fid bid
           5.0000000000000000e+00  -5.0000000000000000e+00   0.0000000000000000e+00 #xyz tv0
           4.3750000000000000e+00  -5.0000000000000000e+00   0.0000000000000000e+00 #xyz tv1
           4.3750000000000000e+00  -4.3750000000000000e+00   0.0000000000000000e+00 8 -1 #xyz tv2 fid bid
           5.0000000000000000e+00  -5.0000000000000000e+00   0.0000000000000000e+00 #xyz tv0
           4.3750000000000000e+00  -5.0000000000000000e+00   0.0000000000000000e+00 #xyz tv1
           4.3750000000000000e+00  -4.3750000000000000e+00   0.0000000000000000e+00 76 -1 #xyz tv2 fid bid
           5.0000000000000000e+00  -5.0000000000000000e+00   0.0000000000000000e+00 #xyz tv0
           4.3750000000000000e+00  -5.0000000000000000e+00   0.0000000000000000e+00 #xyz tv1
           4.3750000000000000e+00  -4.3750000000000000e+00   0.0000000000000000e+00 112 -1 #xyz tv2 fid bid
           5.0000000000000000e+00  -5.0000000000000000e+00   0.0000000000000000e+00 #xyz ev0
           4.3750000000000000e+00  -4.3750000000000000e+00   0.0000000000000000e+00 -1 6 #xyz ev1 fid bid
   0   0.000000000000e+00   0.000000000000e+00   0.000000000000e+00 #flag location
END_ERR 
G3dErrFileVersion 2025R1
FlagFileMetaData Begin
   Mesh Size - Setup1, Refinement, Pass #3, Freq. 1.100000e+10 :Title    
   Listing of mesh elements with poor quality. :ToolTip  
   hf3d :Author   
   1768245380 :TimeStamp
   mm :UnitName 
   1.0000000000000000e-03 :UnitConv
FlagFileMetaData End
BEGIN_ERR 
26 Small mesh segment detected on body : Substrate
 Small mesh segment detected on body : Substrate 
 Segment Statistics - Number of Segments : 1 --- Segment length(s) : 0.883883mm. The cutoff frequency for S-Matrix Only Solve is 18.142850278383MHz 
4 -1  8  76  112  # nfids, fids[]
2 6  -1  # nbids, bids[]
      7 6 1 0 #ntets ntri ned npts
           4.3750000000000000e+00  -5.0000000000000000e+00   0.0000000000000000e+00 #xyz tv0
           4.3750000000000000e+00  -5.0000000000000000e+00   4.7625000000000001e-01 #xyz tv1
           4.3750000000000000e+00  -4.3750000000000000e+00   0.0000000000000000e+00 #xyz tv2
           5.0000000000000000e+00  -5.0000000000000000e+00   0.0000000000000000e+00 -1 6 #xyz tv3 fid bid
           4.3750000000000000e+00  -5.0000000000000000e+00   0.0000000000000000e+00 #xyz tv0
           4.3750000000000000e+00  -4.3750000000000000e+00   0.0000000000000000e+00 #xyz tv1
           4.0921858742741302e+00  -5.5000000000000000e+00  -1.3518669889844617e+00 #xyz tv2
           5.0000000000000000e+00  -5.0000000000000000e+00   0.0000000000000000e+00 -1 6 #xyz tv3 fid bid
           4.7221533219747087e+00  -4.7027968468381820e+00   4.4843064258781057e-01 #xyz tv0
           4.3750000000000000e+00  -4.3750000000000000e+00   0.0000000000000000e+00 #xyz tv1
           4.3750000000000000e+00  -5.0000000000000000e+00   4.7625000000000001e-01 #xyz tv2
           5.0000000000000000e+00  -5.0000000000000000e+00   0.0000000000000000e+00 -1 6 #xyz tv3 fid bid
           5.0000000000000000e+00  -4.3750000000000000e+00   0.0000000000000000e+00 #xyz tv0
           5.0000000000000000e+00  -5.0000000000000000e+00   0.0000000000000000e+00 #xyz tv1
           4.0921858742741302e+00  -5.5000000000000000e+00  -1.3518669889844617e+00 #xyz tv2
           4.3750000000000000e+00  -4.3750000000000000e+00   0.0000000000000000e+00 -1 6 #xyz tv3 fid bid
           4.7221533219747087e+00  -4.7027968468381820e+00   4.4843064258781057e-01 #xyz tv0
           5.0000000000000000e+00  -4.3750000000000000e+00   4.7625000000000001e-01 #xyz tv1
           4.3750000000000000e+00  -4.3750000000000000e+00   0.0000000000000000e+00 #xyz tv2
           5.0000000000000000e+00  -5.0000000000000000e+00   0.0000000000000000e+00 -1 6 #xyz tv3 fid bid
           5.0000000000000000e+00  -4.3750000000000000e+00   9.5250000000000001e-02 #xyz tv0
           5.0000000000000000e+00  -4.3750000000000000e+00   0.0000000000000000e+00 #xyz tv1
           4.3750000000000000e+00  -4.3750000000000000e+00   0.0000000000000000e+00 #xyz tv2
           5.0000000000000000e+00  -5.0000000000000000e+00   0.0000000000000000e+00 -1 6 #xyz tv3 fid bid
           5.0000000000000000e+00  -4.3750000000000000e+00   9.5250000000000001e-02 #xyz tv0
           4.3750000000000000e+00  -4.3750000000000000e+00   0.0000000000000000e+00 #xyz tv1
           5.0000000000000000e+00  -4.3750000000000000e+00   4.7625000000000001e-01 #xyz tv2
           5.0000000000000000e+00  -5.0000000000000000e+00   0.0000000000000000e+00 -1 6 #xyz tv3 fid bid
           5.0000000000000000e+00  -4.3750000000000000e+00   0.0000000000000000e+00 #xyz tv0
           5.0000000000000000e+00  -5.0000000000000000e+00   0.0000000000000000e+00 #xyz tv1
           4.3750000000000000e+00  -4.3750000000000000e+00   0.0000000000000000e+00 8 -1 #xyz tv2 fid bid
           5.0000000000000000e+00  -4.3750000000000000e+00   0.0000000000000000e+00 #xyz tv0
           5.0000000000000000e+00  -5.0000000000000000e+00   0.0000000000000000e+00 #xyz tv1
           4.3750000000000000e+00  -4.3750000000000000e+00   0.0000000000000000e+00 76 -1 #xyz tv2 fid bid
           5.0000000000000000e+00  -4.3750000000000000e+00   0.0000000000000000e+00 #xyz tv0
           5.0000000000000000e+00  -5.0000000000000000e+00   0.0000000000000000e+00 #xyz tv1
           4.3750000000000000e+00  -4.3750000000000000e+00   0.0000000000000000e+00 112 -1 #xyz tv2 fid bid
           5.0000000000000000e+00  -5.0000000000000000e+00   0.0000000000000000e+00 #xyz tv0
           4.3750000000000000e+00  -5.0000000000000000e+00   0.0000000000000000e+00 #xyz tv1
           4.3750000000000000e+00  -4.3750000000000000e+00   0.0000000000000000e+00 8 -1 #xyz tv2 fid bid
           5.0000000000000000e+00  -5.0000000000000000e+00   0.0000000000000000e+00 #xyz tv0
           4.3750000000000000e+00  -5.0000000000000000e+00   0.0000000000000000e+00 #xyz tv1
           4.3750000000000000e+00  -4.3750000000000000e+00   0.0000000000000000e+00 76 -1 #xyz tv2 fid bid
           5.0000000000000000e+00  -5.0000000000000000e+00   0.0000000000000000e+00 #xyz tv0
           4.3750000000000000e+00  -5.0000000000000000e+00   0.0000000000000000e+00 #xyz tv1
           4.3750000000000000e+00  -4.3750000000000000e+00   0.0000000000000000e+00 112 -1 #xyz tv2 fid bid
           5.0000000000000000e+00  -5.0000000000000000e+00   0.0000000000000000e+00 #xyz ev0
           4.3750000000000000e+00  -4.3750000000000000e+00   0.0000000000000000e+00 -1 6 #xyz ev1 fid bid
   0   0.000000000000e+00   0.000000000000e+00   0.000000000000e+00 #flag location
END_ERR 
BEGIN_ERR 
26 Small mesh segment detected on body : Substrate
 Small mesh segment detected on body : Substrate 
 Segment Statistics - Number of Segments : 1 --- Segment length(s) : 0.625000mm. The cutoff frequency for S-Matrix Only Solve is 18.142850278383MHz 
4 -1  8  76  112  # nfids, fids[]
2 6  -1  # nbids, bids[]
      5 6 1 0 #ntets ntri ned npts
          -5.0000000000000000e+00  -4.3750000000000000e+00   9.5250000000000001e-02 #xyz tv0
          -5.0000000000000000e+00  -4.3750000000000000e+00   0.0000000000000000e+00 #xyz tv1
          -4.3750000000000000e+00  -4.3750000000000000e+00   0.0000000000000000e+00 #xyz tv2
          -5.0000000000000000e+00  -3.7500000000000000e+00   1.9050000000000000e-01 -1 6 #xyz tv3 fid bid
          -5.0000000000000000e+00  -4.3750000000000000e+00   9.5250000000000001e-02 #xyz tv0
          -4.3750000000000000e+00  -4.3750000000000000e+00   0.0000000000000000e+00 #xyz tv1
          -5.0000000000000000e+00  -4.3750000000000000e+00   0.0000000000000000e+00 #xyz tv2
          -5.0000000000000000e+00  -5.0000000000000000e+00   0.0000000000000000e+00 -1 6 #xyz tv3 fid bid
          -5.0000000000000000e+00  -4.3750000000000000e+00   0.0000000000000000e+00 #xyz tv0
          -4.3750000000000000e+00  -4.3750000000000000e+00   0.0000000000000000e+00 #xyz tv1
          -5.0000000000000000e+00  -3.7500000000000000e+00   1.9050000000000000e-01 #xyz tv2
          -5.0000000000000000e+00  -3.7500000000000000e+00   0.0000000000000000e+00 -1 6 #xyz tv3 fid bid
          -5.0000000000000000e+00  -4.3750000000000000e+00   0.0000000000000000e+00 #xyz tv0
          -4.3750000000000000e+00  -4.3750000000000000e+00   0.0000000000000000e+00 #xyz tv1
          -5.5000000000000000e+00  -5.5000000000000000e+00  -2.5723631718600952e+00 #xyz tv2
          -5.0000000000000000e+00  -5.0000000000000000e+00   0.0000000000000000e+00 -1 6 #xyz tv3 fid bid
          -5.0000000000000000e+00  -4.3750000000000000e+00   0.0000000000000000e+00 #xyz tv0
          -5.5000000000000000e+00  -5.5000000000000000e+00  -2.5723631718600952e+00 #xyz tv1
          -4.3750000000000000e+00  -4.3750000000000000e+00   0.0000000000000000e+00 #xyz tv2
          -5.0000000000000000e+00  -3.7500000000000000e+00   0.0000000000000000e+00 -1 6 #xyz tv3 fid bid
          -5.0000000000000000e+00  -5.0000000000000000e+00   0.0000000000000000e+00 #xyz tv0
          -5.0000000000000000e+00  -4.3750000000000000e+00   0.0000000000000000e+00 #xyz tv1
          -4.3750000000000000e+00  -4.3750000000000000e+00   0.0000000000000000e+00 8 -1 #xyz tv2 fid bid
          -5.0000000000000000e+00  -5.0000000000000000e+00   0.0000000000000000e+00 #xyz tv0
          -5.0000000000000000e+00  -4.3750000000000000e+00   0.0000000000000000e+00 #xyz tv1
          -4.3750000000000000e+00  -4.3750000000000000e+00   0.0000000000000000e+00 76 -1 #xyz tv2 fid bid
          -5.0000000000000000e+00  -5.0000000000000000e+00   0.0000000000000000e+00 #xyz tv0
          -5.0000000000000000e+00  -4.3750000000000000e+00   0.0000000000000000e+00 #xyz tv1
          -4.3750000000000000e+00  -4.3750000000000000e+00   0.0000000000000000e+00 112 -1 #xyz tv2 fid bid
          -5.0000000000000000e+00  -4.3750000000000000e+00   0.0000000000000000e+00 #xyz tv0
          -5.0000000000000000e+00  -3.7500000000000000e+00   0.0000000000000000e+00 #xyz tv1
          -4.3750000000000000e+00  -4.3750000000000000e+00   0.0000000000000000e+00 8 -1 #xyz tv2 fid bid
          -5.0000000000000000e+00  -4.3750000000000000e+00   0.0000000000000000e+00 #xyz tv0
          -5.0000000000000000e+00  -3.7500000000000000e+00   0.0000000000000000e+00 #xyz tv1
          -4.3750000000000000e+00  -4.3750000000000000e+00   0.0000000000000000e+00 76 -1 #xyz tv2 fid bid
          -5.0000000000000000e+00  -4.3750000000000000e+00   0.0000000000000000e+00 #xyz tv0
          -5.0000000000000000e+00  -3.7500000000000000e+00   0.0000000000000000e+00 #xyz tv1
          -4.3750000000000000e+00  -4.3750000000000000e+00   0.0000000000000000e+00 112 -1 #xyz tv2 fid bid
          -5.0000000000000000e+00  -4.3750000000000000e+00   0.0000000000000000e+00 #xyz ev0
          -4.3750000000000000e+00  -4.3750000000000000e+00   0.0000000000000000e+00 -1 6 #xyz ev1 fid bid
   0   0.000000000000e+00   0.000000000000e+00   0.000000000000e+00 #flag location
END_ERR 
G3dErrFileVersion 2025R1
FlagFileMetaData Begin
   Mesh Size - Setup1, Refinement, Pass #4, Freq. 1.100000e+10 :Title    
   Listing of mesh elements with poor quality. :ToolTip  
   hf3d :Author   
   1768245394 :TimeStamp
   mm :UnitName 
   1.0000000000000000e-03 :UnitConv
FlagFileMetaData End
BEGIN_ERR 
26 Small mesh segment detected on body : Substrate
 Small mesh segment detected on body : Substrate 
 Segment Statistics - Number of Segments : 1 --- Segment length(s) : 0.090422mm. The cutoff frequency for S-Matrix Only Solve is 18.142850278383MHz 
1 -1  # nfids, fids[]
1 6  # nbids, bids[]
      6 0 1 0 #ntets ntri ned npts
           3.4631817629015194e-01   3.0420314617317681e+00   1.5240000000000000e+00 #xyz tv0
           1.8542541487883638e-01   3.0146791662630519e+00   1.5240000000000000e+00 #xyz tv1
           2.3796474197140316e-01   3.0208459091354003e+00   1.4506675361055994e+00 #xyz tv2
           3.3645789143853722e-01   3.1965013342619422e+00   1.5240000000000000e+00 -1 6 #xyz tv3 fid bid
           3.4631817629015194e-01   3.0420314617317681e+00   1.5240000000000000e+00 #xyz tv0
           2.3796474197140316e-01   3.0208459091354003e+00   1.4506675361055994e+00 #xyz tv1
           1.8542541487883638e-01   3.0146791662630519e+00   1.5240000000000000e+00 #xyz tv2
           3.6013578796386719e-01   2.8969999999999998e+00   1.5240000000000000e+00 -1 6 #xyz tv3 fid bid
           8.5558144330402236e-02   3.1902553778111287e+00   1.3244029588755790e+00 #xyz tv0
           1.8542541487883638e-01   3.0146791662630519e+00   1.5240000000000000e+00 #xyz tv1
           3.3645789143853722e-01   3.1965013342619422e+00   1.5240000000000000e+00 #xyz tv2
           2.3796474197140316e-01   3.0208459091354003e+00   1.4506675361055994e+00 -1 6 #xyz tv3 fid bid
           1.8542541487883638e-01   3.0146791662630519e+00   1.5240000000000000e+00 #xyz tv0
           2.3796474197140316e-01   3.0208459091354003e+00   1.4506675361055994e+00 #xyz tv1
           1.4324575791122521e-01   2.8628455160329183e+00   1.3731430694880871e+00 #xyz tv2
           3.6013578796386719e-01   2.8969999999999998e+00   1.5240000000000000e+00 -1 6 #xyz tv3 fid bid
           9.8022626270619070e-02   3.0142629921954640e+00   1.4007309998728923e+00 #xyz tv0
           1.8542541487883638e-01   3.0146791662630519e+00   1.5240000000000000e+00 #xyz tv1
           8.5558144330402236e-02   3.1902553778111287e+00   1.3244029588755790e+00 #xyz tv2
           2.3796474197140316e-01   3.0208459091354003e+00   1.4506675361055994e+00 -1 6 #xyz tv3 fid bid
           1.8542541487883638e-01   3.0146791662630519e+00   1.5240000000000000e+00 #xyz tv0
           1.4324575791122521e-01   2.8628455160329183e+00   1.3731430694880871e+00 #xyz tv1
           2.3796474197140316e-01   3.0208459091354003e+00   1.4506675361055994e+00 #xyz tv2
           9.8022626270619070e-02   3.0142629921954640e+00   1.4007309998728923e+00 -1 6 #xyz tv3 fid bid
           2.3796474197140316e-01   3.0208459091354003e+00   1.4506675361055994e+00 #xyz ev0
           1.8542541487883638e-01   3.0146791662630519e+00   1.5240000000000000e+00 -1 6 #xyz ev1 fid bid
   0   0.000000000000e+00   0.000000000000e+00   0.000000000000e+00 #flag location
END_ERR 
BEGIN_ERR 
26 Small mesh segment detected on body : Substrate
 Small mesh segment detected on body : Substrate 
 Segment Statistics - Number of Segments : 1 --- Segment length(s) : 0.092350mm. The cutoff frequency for S-Matrix Only Solve is 18.142850278383MHz 
1 -1  # nfids, fids[]
1 6  # nbids, bids[]
      4 0 1 0 #ntets ntri ned npts
           3.0533343788092013e+00   5.6523203263612443e-01   1.4602828714231926e+00 #xyz tv0
           3.0313763468794872e+00   5.0209393233782940e-01   1.5240000000000000e+00 #xyz tv1
           2.8969999999999998e+00   7.3343076610565183e-01   1.5240000000000000e+00 #xyz tv2
           3.1557906800708828e+00   6.2780442372203549e-01   1.5240000000000000e+00 -1 6 #xyz tv3 fid bid
           3.0533343788092013e+00   5.6523203263612443e-01   1.4602828714231926e+00 #xyz tv0
           2.8969999999999998e+00   7.3343076610565183e-01   1.5240000000000000e+00 #xyz tv1
           3.0313763468794872e+00   5.0209393233782940e-01   1.5240000000000000e+00 #xyz tv2
           2.9508780775475203e+00   5.0265964155021348e-01   1.3965657428463853e+00 -1 6 #xyz tv3 fid bid
           3.0533343788092013e+00   5.6523203263612443e-01   1.4602828714231926e+00 #xyz tv0
           3.1096584319464595e+00   4.2694815985117834e-01   1.3867743687004885e+00 #xyz tv1
           3.0313763468794872e+00   5.0209393233782940e-01   1.5240000000000000e+00 #xyz tv2
           3.1557906800708828e+00   6.2780442372203549e-01   1.5240000000000000e+00 -1 6 #xyz tv3 fid bid
           3.0533343788092013e+00   5.6523203263612443e-01   1.4602828714231926e+00 #xyz tv0
           3.0313763468794872e+00   5.0209393233782940e-01   1.5240000000000000e+00 #xyz tv1
           3.1096584319464595e+00   4.2694815985117834e-01   1.3867743687004885e+00 #xyz tv2
           2.9508780775475203e+00   5.0265964155021348e-01   1.3965657428463853e+00 -1 6 #xyz tv3 fid bid
           3.0533343788092013e+00   5.6523203263612443e-01   1.4602828714231926e+00 #xyz ev0
           3.0313763468794872e+00   5.0209393233782940e-01   1.5240000000000000e+00 -1 6 #xyz ev1 fid bid
   0   0.000000000000e+00   0.000000000000e+00   0.000000000000e+00 #flag location
END_ERR 
G3dErrFileVersion 2025R1
FlagFileMetaData Begin
   Mesh Size - Setup1, Refinement, Pass #5, Freq. 1.100000e+10 :Title    
   Listing of mesh elements with poor quality. :ToolTip  
   hf3d :Author   
   1768245409 :TimeStamp
   mm :UnitName 
   1.0000000000000000e-03 :UnitConv
FlagFileMetaData End
BEGIN_ERR 
26 Small mesh segment detected on body : Substrate
 Small mesh segment detected on body : Substrate 
 Segment Statistics - Number of Segments : 1 --- Segment length(s) : 0.063535mm. The cutoff frequency for S-Matrix Only Solve is 18.142850278383MHz 
1 -1  # nfids, fids[]
1 6  # nbids, bids[]
      5 0 1 0 #ntets ntri ned npts
           2.9732269741389725e+00   6.3747403126067703e-01   1.4753624938030756e+00 #xyz tv0
           2.9221044958494686e+00   6.0225048675347637e-01   1.4618550573450446e+00 #xyz tv1
           2.9209744406511375e+00   7.4702338371828991e-01   1.4295693980057222e+00 #xyz tv2
           2.8969999999999998e+00   6.6236221618205304e-01   1.5240000000000000e+00 -1 6 #xyz tv3 fid bid
           2.9732269741389725e+00   6.3747403126067703e-01   1.4753624938030756e+00 #xyz tv0
           2.9209744406511375e+00   7.4702338371828991e-01   1.4295693980057222e+00 #xyz tv1
           2.9221044958494686e+00   6.0225048675347637e-01   1.4618550573450446e+00 #xyz tv2
           2.9728134298230842e+00   6.5534545628793628e-01   1.3717892396592690e+00 -1 6 #xyz tv3 fid bid
           2.9732269741389725e+00   6.3747403126067703e-01   1.4753624938030756e+00 #xyz tv0
           3.0313763468794872e+00   5.0209393233782940e-01   1.5240000000000000e+00 #xyz tv1
           2.9221044958494686e+00   6.0225048675347637e-01   1.4618550573450446e+00 #xyz tv2
           2.8969999999999998e+00   6.6236221618205304e-01   1.5240000000000000e+00 -1 6 #xyz tv3 fid bid
           2.9732269741389725e+00   6.3747403126067703e-01   1.4753624938030756e+00 #xyz tv0
           2.9728134298230842e+00   6.5534545628793628e-01   1.3717892396592690e+00 #xyz tv1
           2.9221044958494686e+00   6.0225048675347637e-01   1.4618550573450446e+00 #xyz tv2
           3.0410744654449555e+00   5.7568449435073155e-01   1.4560312371748916e+00 -1 6 #xyz tv3 fid bid
           2.9732269741389725e+00   6.3747403126067703e-01   1.4753624938030756e+00 #xyz tv0
           2.9221044958494686e+00   6.0225048675347637e-01   1.4618550573450446e+00 #xyz tv1
           3.0313763468794872e+00   5.0209393233782940e-01   1.5240000000000000e+00 #xyz tv2
           3.0410744654449555e+00   5.7568449435073155e-01   1.4560312371748916e+00 -1 6 #xyz tv3 fid bid
           2.9221044958494686e+00   6.0225048675347637e-01   1.4618550573450446e+00 #xyz ev0
           2.9732269741389725e+00   6.3747403126067703e-01   1.4753624938030756e+00 -1 6 #xyz ev1 fid bid
   0   0.000000000000e+00   0.000000000000e+00   0.000000000000e+00 #flag location
END_ERR 
BEGIN_ERR 
26 Small mesh segment detected on body : Substrate
 Small mesh segment detected on body : Substrate 
 Segment Statistics - Number of Segments : 1 --- Segment length(s) : 0.068036mm. The cutoff frequency for S-Matrix Only Solve is 18.142850278383MHz 
1 -1  # nfids, fids[]
1 6  # nbids, bids[]
      5 0 1 0 #ntets ntri ned npts
          -2.9583729599616619e+00   2.9790474871055688e+00   1.5240000000000000e+00 #xyz tv0
          -3.0200560360506516e+00   2.8927092891520862e+00   1.5240000000000000e+00 #xyz tv1
          -2.9713729362661407e+00   3.0081579901247339e+00   1.4638963436366619e+00 #xyz tv2
          -3.0290884708236860e+00   3.0722048241055750e+00   1.5240000000000000e+00 -1 6 #xyz tv3 fid bid
          -2.9711340869184157e+00   2.9195847990574775e+00   1.4678713624818065e+00 #xyz tv0
          -2.9713729362661407e+00   3.0081579901247339e+00   1.4638963436366619e+00 #xyz tv1
          -2.9583729599616619e+00   2.9790474871055688e+00   1.5240000000000000e+00 #xyz tv2
          -3.0200560360506516e+00   2.8927092891520862e+00   1.5240000000000000e+00 -1 6 #xyz tv3 fid bid
          -2.9222121377861798e+00   2.9464603089628687e+00   1.4117427249636127e+00 #xyz tv0
          -2.8723992515317294e+00   3.0365000753335138e+00   1.5240000000000000e+00 #xyz tv1
          -2.9583729599616619e+00   2.9790474871055688e+00   1.5240000000000000e+00 #xyz tv2
          -2.9713729362661407e+00   3.0081579901247339e+00   1.4638963436366619e+00 -1 6 #xyz tv3 fid bid
          -2.9583729599616619e+00   2.9790474871055688e+00   1.5240000000000000e+00 #xyz tv0
          -2.9713729362661407e+00   3.0081579901247339e+00   1.4638963436366619e+00 #xyz tv1
          -2.8723992515317294e+00   3.0365000753335138e+00   1.5240000000000000e+00 #xyz tv2
          -3.0290884708236860e+00   3.0722048241055750e+00   1.5240000000000000e+00 -1 6 #xyz tv3 fid bid
          -2.9711340869184157e+00   2.9195847990574775e+00   1.4678713624818065e+00 #xyz tv0
          -2.9583729599616619e+00   2.9790474871055688e+00   1.5240000000000000e+00 #xyz tv1
          -2.9713729362661407e+00   3.0081579901247339e+00   1.4638963436366619e+00 #xyz tv2
          -2.9222121377861798e+00   2.9464603089628687e+00   1.4117427249636127e+00 -1 6 #xyz tv3 fid bid
          -2.9583729599616619e+00   2.9790474871055688e+00   1.5240000000000000e+00 #xyz ev0
          -2.9713729362661407e+00   3.0081579901247339e+00   1.4638963436366619e+00 -1 6 #xyz ev1 fid bid
   0   0.000000000000e+00   0.000000000000e+00   0.000000000000e+00 #flag location
END_ERR 
BEGIN_ERR 
26 Small mesh segment detected on body : Substrate
 Small mesh segment detected on body : Substrate 
 Segment Statistics - Number of Segments : 1 --- Segment length(s) : 0.071411mm. The cutoff frequency for S-Matrix Only Solve is 18.142850278383MHz 
1 -1  # nfids, fids[]
1 6  # nbids, bids[]
      4 0 1 0 #ntets ntri ned npts
           2.9410479107780576e+00  -2.7623713515205495e+00   1.4384002442150785e+00 #xyz tv0
           2.8757371998807413e+00  -2.6724798375025478e+00   1.3547803858898910e+00 #xyz tv1
           2.8710818056912086e+00  -2.7766171867848835e+00   1.4395505482480413e+00 #xyz tv2
           2.9850958215561154e+00  -2.8088052030410995e+00   1.3528004884301572e+00 -1 6 #xyz tv3 fid bid
           2.9410479107780576e+00  -2.7623713515205495e+00   1.4384002442150785e+00 #xyz tv0
           2.8710818056912086e+00  -2.7766171867848835e+00   1.4395505482480413e+00 #xyz tv1
           2.8757371998807413e+00  -2.6724798375025478e+00   1.3547803858898910e+00 #xyz tv2
           2.8969999999999998e+00  -2.7159374999999999e+00   1.5240000000000000e+00 -1 6 #xyz tv3 fid bid
           2.9410479107780576e+00  -2.7623713515205495e+00   1.4384002442150785e+00 #xyz tv0
           2.8710818056912086e+00  -2.7766171867848835e+00   1.4395505482480413e+00 #xyz tv1
           2.9367073695400587e+00  -2.8591237370749134e+00   1.4442295955290188e+00 #xyz tv2
           2.9850958215561154e+00  -2.8088052030410995e+00   1.3528004884301572e+00 -1 6 #xyz tv3 fid bid
           2.9410479107780576e+00  -2.7623713515205495e+00   1.4384002442150785e+00 #xyz tv0
           2.9367073695400587e+00  -2.8591237370749134e+00   1.4442295955290188e+00 #xyz tv1
           2.8710818056912086e+00  -2.7766171867848835e+00   1.4395505482480413e+00 #xyz tv2
           2.8969999999999998e+00  -2.7159374999999999e+00   1.5240000000000000e+00 -1 6 #xyz tv3 fid bid
           2.8710818056912086e+00  -2.7766171867848835e+00   1.4395505482480413e+00 #xyz ev0
           2.9410479107780576e+00  -2.7623713515205495e+00   1.4384002442150785e+00 -1 6 #xyz ev1 fid bid
   0   0.000000000000e+00   0.000000000000e+00   0.000000000000e+00 #flag location
END_ERR 
G3dErrFileVersion 2025R1
FlagFileMetaData Begin
   Mesh Size - Setup1, Refinement, Pass #6, Freq. 1.100000e+10 :Title    
   Listing of mesh elements with poor quality. :ToolTip  
   hf3d :Author   
   1768245416 :TimeStamp
   mm :UnitName 
   1.0000000000000000e-03 :UnitConv
FlagFileMetaData End
BEGIN_ERR 
26 Small mesh segment detected on body : Substrate
 Small mesh segment detected on body : Substrate 
 Segment Statistics - Number of Segments : 1 --- Segment length(s) : 0.047358mm. The cutoff frequency for S-Matrix Only Solve is 18.142850278383MHz 
1 -1  # nfids, fids[]
1 6  # nbids, bids[]
      5 0 1 0 #ntets ntri ned npts
           2.9639902963402562e+00   5.8403924319685230e-01   1.5240000000000000e+00 #xyz tv0
           2.9312771754258371e+00   6.1260064186957619e-01   1.4586557562867286e+00 #xyz tv1
           2.9664216859334944e+00   6.4151459953987466e-01   1.4717566381600011e+00 #xyz tv2
           2.8969999999999998e+00   6.5021062616947167e-01   1.5240000000000000e+00 -1 6 #xyz tv3 fid bid
           2.9639902963402562e+00   5.8403924319685230e-01   1.5240000000000000e+00 #xyz tv0
           2.9312771754258371e+00   6.1260064186957619e-01   1.4586557562867286e+00 #xyz tv1
           3.0410744654449555e+00   5.7568449435073155e-01   1.4560312371748918e+00 #xyz tv2
           2.9664216859334944e+00   6.4151459953987466e-01   1.4717566381600011e+00 -1 6 #xyz tv3 fid bid
           2.9664216859334944e+00   6.4151459953987466e-01   1.4717566381600011e+00 #xyz tv0
           2.9312771754258371e+00   6.1260064186957619e-01   1.4586557562867286e+00 #xyz tv1
           2.9173634491763707e+00   7.4206838345311976e-01   1.4350220932034086e+00 #xyz tv2
           2.8969999999999998e+00   6.5021062616947167e-01   1.5240000000000000e+00 -1 6 #xyz tv3 fid bid
           2.9664216859334944e+00   6.4151459953987466e-01   1.4717566381600011e+00 #xyz tv0
           2.9728134298230842e+00   6.5534545628793628e-01   1.3717892396592690e+00 #xyz tv1
           2.9312771754258371e+00   6.1260064186957619e-01   1.4586557562867286e+00 #xyz tv2
           3.0410744654449555e+00   5.7568449435073155e-01   1.4560312371748918e+00 -1 6 #xyz tv3 fid bid
           2.9664216859334944e+00   6.4151459953987466e-01   1.4717566381600011e+00 #xyz tv0
           2.9173634491763707e+00   7.4206838345311976e-01   1.4350220932034086e+00 #xyz tv1
           2.9312771754258371e+00   6.1260064186957619e-01   1.4586557562867286e+00 #xyz tv2
           2.9728134298230842e+00   6.5534545628793628e-01   1.3717892396592690e+00 -1 6 #xyz tv3 fid bid
           2.9312771754258371e+00   6.1260064186957619e-01   1.4586557562867286e+00 #xyz ev0
           2.9664216859334944e+00   6.4151459953987466e-01   1.4717566381600011e+00 -1 6 #xyz ev1 fid bid
   0   0.000000000000e+00   0.000000000000e+00   0.000000000000e+00 #flag location
END_ERR 
BEGIN_ERR 
26 Small mesh segment detected on body : Substrate
 Small mesh segment detected on body : Substrate 
 Segment Statistics - Number of Segments : 1 --- Segment length(s) : 0.048319mm. The cutoff frequency for S-Matrix Only Solve is 18.142850278383MHz 
1 -1  # nfids, fids[]
1 6  # nbids, bids[]
      5 0 1 0 #ntets ntri ned npts
           2.8969999999999998e+00  -6.1999218327924585e-02   1.5240000000000000e+00 #xyz tv0
           2.7383304989858281e+00   4.0484035447215898e-03   1.5240000000000000e+00 #xyz tv1
           2.8964754809811897e+00  -5.2039509074961236e-02   1.4767216169471671e+00 #xyz tv2
           2.8969999999999998e+00   5.9317651070654405e-02   1.5240000000000000e+00 -1 6 #xyz tv3 fid bid
           2.8964754809811897e+00  -5.2039509074961236e-02   1.4767216169471671e+00 #xyz tv0
           2.8969999999999998e+00  -6.1999218327924585e-02   1.5240000000000000e+00 #xyz tv1
           2.7698171129332989e+00  -7.3982207626510144e-02   1.4321423657747721e+00 #xyz tv2
           2.7383304989858281e+00   4.0484035447215898e-03   1.5240000000000000e+00 -1 6 #xyz tv3 fid bid
           2.8969999999999998e+00  -6.1999218327924585e-02   1.5240000000000000e+00 #xyz tv0
           2.8964754809811897e+00  -5.2039509074961236e-02   1.4767216169471671e+00 #xyz tv1
           3.0184518911627833e+00  -3.7178910347307685e-02   1.5240000000000000e+00 #xyz tv2
           2.8969999999999998e+00   5.9317651070654405e-02   1.5240000000000000e+00 -1 6 #xyz tv3 fid bid
           2.8969999999999998e+00  -6.1999218327924585e-02   1.5240000000000000e+00 #xyz tv0
           3.0184518911627833e+00  -3.7178910347307685e-02   1.5240000000000000e+00 #xyz tv1
           2.8964754809811897e+00  -5.2039509074961236e-02   1.4767216169471671e+00 #xyz tv2
           2.8969999999999998e+00  -1.8538737418502566e-01   1.5240000000000000e+00 -1 6 #xyz tv3 fid bid
           2.8964754809811897e+00  -5.2039509074961236e-02   1.4767216169471671e+00 #xyz tv0
           2.7698171129332989e+00  -7.3982207626510144e-02   1.4321423657747721e+00 #xyz tv1
           2.8969999999999998e+00  -6.1999218327924585e-02   1.5240000000000000e+00 #xyz tv2
           2.8969999999999998e+00  -1.8538737418502566e-01   1.5240000000000000e+00 -1 6 #xyz tv3 fid bid
           2.8969999999999998e+00  -6.1999218327924585e-02   1.5240000000000000e+00 #xyz ev0
           2.8964754809811897e+00  -5.2039509074961236e-02   1.4767216169471671e+00 -1 6 #xyz ev1 fid bid
   0   0.000000000000e+00   0.000000000000e+00   0.000000000000e+00 #flag location
END_ERR 
BEGIN_ERR 
26 Small mesh segment detected on body : Substrate
 Small mesh segment detected on body : Substrate 
 Segment Statistics - Number of Segments : 1 --- Segment length(s) : 0.052931mm. The cutoff frequency for S-Matrix Only Solve is 18.142850278383MHz 
1 -1  # nfids, fids[]
1 6  # nbids, bids[]
      5 0 1 0 #ntets ntri ned npts
           2.0230723496543998e-01   2.9389609372390142e+00   1.4149149838266331e+00 #xyz tv0
           2.6643685494710356e-01   2.9576724263836329e+00   1.5240000000000000e+00 #xyz tv1
           2.4184776083568121e-01   3.0153675422328630e+00   1.4463573672640666e+00 #xyz tv2
           2.9246099755806826e-01   2.9509383450473439e+00   1.4784024955258213e+00 -1 6 #xyz tv3 fid bid
           2.6643685494710356e-01   2.9576724263836329e+00   1.5240000000000000e+00 #xyz tv0
           3.4907174289257964e-01   3.0278756376782230e+00   1.5240000000000000e+00 #xyz tv1
           2.4184776083568121e-01   3.0153675422328630e+00   1.4463573672640666e+00 #xyz tv2
