G3dErrFileVersion 2025R1
FlagFileMetaData Begin
   Mesh Size - Setup1, Refinement, Pass #1, Freq. 1.000000e+10 :Title    
   Listing of mesh elements with poor quality. :ToolTip  
   hf3d :Author   
   1779613538 :TimeStamp
   mm :UnitName 
   1.0000000000000000e-03 :UnitConv
FlagFileMetaData End
BEGIN_ERR 
26 Small mesh segment detected on body : Substrate
 Small mesh segment detected on body : Substrate 
 Segment Statistics - Number of Segments : 1 --- Segment length(s) : 0.937500mm. The cutoff frequency for S-Matrix Only Solve is 18.142850278383MHz 
4 -1  8  76  112  # nfids, fids[]
2 6  -1  # nbids, bids[]
      6 6 1 0 #ntets ntri ned npts
          -9.3750000000000000e-01  -7.5000000000000000e+00   1.9050000000000000e-01 #xyz tv0
          -9.3750000000000000e-01  -7.5000000000000000e+00   0.0000000000000000e+00 #xyz tv1
          -9.3750000000000000e-01  -6.5625000000000000e+00   0.0000000000000000e+00 #xyz tv2
          -1.4062500000000000e+00  -7.0312500000000000e+00   1.9050000000000000e-01 -1 6 #xyz tv3 fid bid
          -9.3750000000000000e-01  -6.5625000000000000e+00   0.0000000000000000e+00 #xyz tv0
          -9.3750000000000000e-01  -7.5000000000000000e+00   0.0000000000000000e+00 #xyz tv1
          -1.8750000000000000e+00  -7.5000000000000000e+00   0.0000000000000000e+00 #xyz tv2
          -1.4062500000000000e+00  -7.0312500000000000e+00   1.9050000000000000e-01 -1 6 #xyz tv3 fid bid
          -9.3750000000000000e-01  -7.5000000000000000e+00   0.0000000000000000e+00 #xyz tv0
          -1.9576394983780034e+00  -6.2486803030451741e+00  -1.6382709093355636e+00 #xyz tv1
          -9.3750000000000000e-01  -6.5625000000000000e+00   0.0000000000000000e+00 #xyz tv2
          -1.8750000000000000e+00  -7.5000000000000000e+00   0.0000000000000000e+00 -1 6 #xyz tv3 fid bid
          -9.3750000000000000e-01  -6.5625000000000000e+00   0.0000000000000000e+00 #xyz tv0
          -9.3750000000000000e-01  -7.5000000000000000e+00   1.9050000000000000e-01 #xyz tv1
           0.0000000000000000e+00  -7.5000000000000000e+00   0.0000000000000000e+00 #xyz tv2
          -9.3750000000000000e-01  -7.5000000000000000e+00   0.0000000000000000e+00 -1 6 #xyz tv3 fid bid
          -9.3750000000000000e-01  -7.5000000000000000e+00   0.0000000000000000e+00 #xyz tv0
          -9.3750000000000000e-01  -6.5625000000000000e+00   0.0000000000000000e+00 #xyz tv1
          -1.9576394983780034e+00  -6.2486803030451741e+00  -1.6382709093355636e+00 #xyz tv2
           0.0000000000000000e+00  -8.2500000000000000e+00  -6.7729236734125764e-01 -1 6 #xyz tv3 fid bid
          -9.3750000000000000e-01  -7.5000000000000000e+00   0.0000000000000000e+00 #xyz tv0
          -9.3750000000000000e-01  -6.5625000000000000e+00   0.0000000000000000e+00 #xyz tv1
           0.0000000000000000e+00  -8.2500000000000000e+00  -6.7729236734125764e-01 #xyz tv2
           0.0000000000000000e+00  -7.5000000000000000e+00   0.0000000000000000e+00 -1 6 #xyz tv3 fid bid
           0.0000000000000000e+00  -7.5000000000000000e+00   0.0000000000000000e+00 #xyz tv0
          -9.3750000000000000e-01  -7.5000000000000000e+00   0.0000000000000000e+00 #xyz tv1
          -9.3750000000000000e-01  -6.5625000000000000e+00   0.0000000000000000e+00 8 -1 #xyz tv2 fid bid
           0.0000000000000000e+00  -7.5000000000000000e+00   0.0000000000000000e+00 #xyz tv0
          -9.3750000000000000e-01  -7.5000000000000000e+00   0.0000000000000000e+00 #xyz tv1
          -9.3750000000000000e-01  -6.5625000000000000e+00   0.0000000000000000e+00 76 -1 #xyz tv2 fid bid
           0.0000000000000000e+00  -7.5000000000000000e+00   0.0000000000000000e+00 #xyz tv0
          -9.3750000000000000e-01  -7.5000000000000000e+00   0.0000000000000000e+00 #xyz tv1
          -9.3750000000000000e-01  -6.5625000000000000e+00   0.0000000000000000e+00 112 -1 #xyz tv2 fid bid
          -9.3750000000000000e-01  -7.5000000000000000e+00   0.0000000000000000e+00 #xyz tv0
          -1.8750000000000000e+00  -7.5000000000000000e+00   0.0000000000000000e+00 #xyz tv1
          -9.3750000000000000e-01  -6.5625000000000000e+00   0.0000000000000000e+00 8 -1 #xyz tv2 fid bid
          -9.3750000000000000e-01  -7.5000000000000000e+00   0.0000000000000000e+00 #xyz tv0
          -1.8750000000000000e+00  -7.5000000000000000e+00   0.0000000000000000e+00 #xyz tv1
          -9.3750000000000000e-01  -6.5625000000000000e+00   0.0000000000000000e+00 76 -1 #xyz tv2 fid bid
          -9.3750000000000000e-01  -7.5000000000000000e+00   0.0000000000000000e+00 #xyz tv0
          -1.8750000000000000e+00  -7.5000000000000000e+00   0.0000000000000000e+00 #xyz tv1
          -9.3750000000000000e-01  -6.5625000000000000e+00   0.0000000000000000e+00 112 -1 #xyz tv2 fid bid
          -9.3750000000000000e-01  -7.5000000000000000e+00   0.0000000000000000e+00 #xyz ev0
          -9.3750000000000000e-01  -6.5625000000000000e+00   0.0000000000000000e+00 -1 6 #xyz ev1 fid bid
   0   0.000000000000e+00   0.000000000000e+00   0.000000000000e+00 #flag location
END_ERR 
BEGIN_ERR 
26 Small mesh segment detected on body : Substrate
 Small mesh segment detected on body : Substrate 
 Segment Statistics - Number of Segments : 1 --- Segment length(s) : 1.325825mm. The cutoff frequency for S-Matrix Only Solve is 18.142850278383MHz 
4 -1  8  76  112  # nfids, fids[]
2 6  -1  # nbids, bids[]
      4 6 1 0 #ntets ntri ned npts
          -9.3750000000000000e-01  -6.5625000000000000e+00   0.0000000000000000e+00 #xyz tv0
          -9.3750000000000000e-01  -7.5000000000000000e+00   0.0000000000000000e+00 #xyz tv1
          -1.8750000000000000e+00  -7.5000000000000000e+00   0.0000000000000000e+00 #xyz tv2
          -1.4062500000000000e+00  -7.0312500000000000e+00   1.9050000000000000e-01 -1 6 #xyz tv3 fid bid
          -9.3750000000000000e-01  -7.5000000000000000e+00   0.0000000000000000e+00 #xyz tv0
          -1.9576394983780034e+00  -6.2486803030451741e+00  -1.6382709093355636e+00 #xyz tv1
          -9.3750000000000000e-01  -6.5625000000000000e+00   0.0000000000000000e+00 #xyz tv2
          -1.8750000000000000e+00  -7.5000000000000000e+00   0.0000000000000000e+00 -1 6 #xyz tv3 fid bid
          -1.4062500000000000e+00  -7.0312500000000000e+00   1.9050000000000000e-01 #xyz tv0
          -1.8750000000000000e+00  -6.5625000000000000e+00   0.0000000000000000e+00 #xyz tv1
          -1.8750000000000000e+00  -7.5000000000000000e+00   0.0000000000000000e+00 #xyz tv2
          -9.3750000000000000e-01  -6.5625000000000000e+00   0.0000000000000000e+00 -1 6 #xyz tv3 fid bid
          -1.8750000000000000e+00  -6.5625000000000000e+00   0.0000000000000000e+00 #xyz tv0
          -9.3750000000000000e-01  -6.5625000000000000e+00   0.0000000000000000e+00 #xyz tv1
          -1.9576394983780034e+00  -6.2486803030451741e+00  -1.6382709093355636e+00 #xyz tv2
          -1.8750000000000000e+00  -7.5000000000000000e+00   0.0000000000000000e+00 -1 6 #xyz tv3 fid bid
          -9.3750000000000000e-01  -7.5000000000000000e+00   0.0000000000000000e+00 #xyz tv0
          -1.8750000000000000e+00  -7.5000000000000000e+00   0.0000000000000000e+00 #xyz tv1
          -9.3750000000000000e-01  -6.5625000000000000e+00   0.0000000000000000e+00 8 -1 #xyz tv2 fid bid
          -9.3750000000000000e-01  -7.5000000000000000e+00   0.0000000000000000e+00 #xyz tv0
          -1.8750000000000000e+00  -7.5000000000000000e+00   0.0000000000000000e+00 #xyz tv1
          -9.3750000000000000e-01  -6.5625000000000000e+00   0.0000000000000000e+00 76 -1 #xyz tv2 fid bid
          -9.3750000000000000e-01  -7.5000000000000000e+00   0.0000000000000000e+00 #xyz tv0
          -1.8750000000000000e+00  -7.5000000000000000e+00   0.0000000000000000e+00 #xyz tv1
          -9.3750000000000000e-01  -6.5625000000000000e+00   0.0000000000000000e+00 112 -1 #xyz tv2 fid bid
          -1.8750000000000000e+00  -7.5000000000000000e+00   0.0000000000000000e+00 #xyz tv0
          -1.8750000000000000e+00  -6.5625000000000000e+00   0.0000000000000000e+00 #xyz tv1
          -9.3750000000000000e-01  -6.5625000000000000e+00   0.0000000000000000e+00 8 -1 #xyz tv2 fid bid
          -1.8750000000000000e+00  -7.5000000000000000e+00   0.0000000000000000e+00 #xyz tv0
          -1.8750000000000000e+00  -6.5625000000000000e+00   0.0000000000000000e+00 #xyz tv1
          -9.3750000000000000e-01  -6.5625000000000000e+00   0.0000000000000000e+00 76 -1 #xyz tv2 fid bid
          -1.8750000000000000e+00  -7.5000000000000000e+00   0.0000000000000000e+00 #xyz tv0
          -1.8750000000000000e+00  -6.5625000000000000e+00   0.0000000000000000e+00 #xyz tv1
          -9.3750000000000000e-01  -6.5625000000000000e+00   0.0000000000000000e+00 112 -1 #xyz tv2 fid bid
          -1.8750000000000000e+00  -7.5000000000000000e+00   0.0000000000000000e+00 #xyz ev0
          -9.3750000000000000e-01  -6.5625000000000000e+00   0.0000000000000000e+00 -1 6 #xyz ev1 fid bid
   0   0.000000000000e+00   0.000000000000e+00   0.000000000000e+00 #flag location
END_ERR 
G3dErrFileVersion 2025R1
FlagFileMetaData Begin
   Mesh Size - Setup1, Refinement, Pass #2, Freq. 1.000000e+10 :Title    
   Listing of mesh elements with poor quality. :ToolTip  
   hf3d :Author   
   1779613543 :TimeStamp
   mm :UnitName 
   1.0000000000000000e-03 :UnitConv
FlagFileMetaData End
BEGIN_ERR 
26 Small mesh segment detected on body : Substrate
 Small mesh segment detected on body : Substrate 
 Segment Statistics - Number of Segments : 1 --- Segment length(s) : 0.937500mm. The cutoff frequency for S-Matrix Only Solve is 18.142850278383MHz 
4 -1  8  76  112  # nfids, fids[]
2 6  -1  # nbids, bids[]
      6 6 1 0 #ntets ntri ned npts
          -9.3750000000000000e-01  -7.5000000000000000e+00   1.9050000000000000e-01 #xyz tv0
          -9.3750000000000000e-01  -7.5000000000000000e+00   0.0000000000000000e+00 #xyz tv1
          -9.3750000000000000e-01  -6.5625000000000000e+00   0.0000000000000000e+00 #xyz tv2
          -1.4062500000000000e+00  -7.0312500000000000e+00   1.9050000000000000e-01 -1 6 #xyz tv3 fid bid
          -9.3750000000000000e-01  -6.5625000000000000e+00   0.0000000000000000e+00 #xyz tv0
          -9.3750000000000000e-01  -7.5000000000000000e+00   0.0000000000000000e+00 #xyz tv1
          -1.8750000000000000e+00  -7.5000000000000000e+00   0.0000000000000000e+00 #xyz tv2
          -1.4062500000000000e+00  -7.0312500000000000e+00   1.9050000000000000e-01 -1 6 #xyz tv3 fid bid
          -9.3750000000000000e-01  -7.5000000000000000e+00   0.0000000000000000e+00 #xyz tv0
          -1.9576394983780034e+00  -6.2486803030451741e+00  -1.6382709093355636e+00 #xyz tv1
          -9.3750000000000000e-01  -6.5625000000000000e+00   0.0000000000000000e+00 #xyz tv2
          -1.8750000000000000e+00  -7.5000000000000000e+00   0.0000000000000000e+00 -1 6 #xyz tv3 fid bid
          -9.3750000000000000e-01  -6.5625000000000000e+00   0.0000000000000000e+00 #xyz tv0
          -9.3750000000000000e-01  -7.5000000000000000e+00   1.9050000000000000e-01 #xyz tv1
           0.0000000000000000e+00  -7.5000000000000000e+00   0.0000000000000000e+00 #xyz tv2
          -9.3750000000000000e-01  -7.5000000000000000e+00   0.0000000000000000e+00 -1 6 #xyz tv3 fid bid
          -9.3750000000000000e-01  -7.5000000000000000e+00   0.0000000000000000e+00 #xyz tv0
          -9.3750000000000000e-01  -6.5625000000000000e+00   0.0000000000000000e+00 #xyz tv1
          -1.9576394983780034e+00  -6.2486803030451741e+00  -1.6382709093355636e+00 #xyz tv2
           0.0000000000000000e+00  -8.2500000000000000e+00  -6.7729236734125764e-01 -1 6 #xyz tv3 fid bid
          -9.3750000000000000e-01  -7.5000000000000000e+00   0.0000000000000000e+00 #xyz tv0
          -9.3750000000000000e-01  -6.5625000000000000e+00   0.0000000000000000e+00 #xyz tv1
           0.0000000000000000e+00  -8.2500000000000000e+00  -6.7729236734125764e-01 #xyz tv2
           0.0000000000000000e+00  -7.5000000000000000e+00   0.0000000000000000e+00 -1 6 #xyz tv3 fid bid
           0.0000000000000000e+00  -7.5000000000000000e+00   0.0000000000000000e+00 #xyz tv0
          -9.3750000000000000e-01  -7.5000000000000000e+00   0.0000000000000000e+00 #xyz tv1
          -9.3750000000000000e-01  -6.5625000000000000e+00   0.0000000000000000e+00 8 -1 #xyz tv2 fid bid
           0.0000000000000000e+00  -7.5000000000000000e+00   0.0000000000000000e+00 #xyz tv0
          -9.3750000000000000e-01  -7.5000000000000000e+00   0.0000000000000000e+00 #xyz tv1
          -9.3750000000000000e-01  -6.5625000000000000e+00   0.0000000000000000e+00 76 -1 #xyz tv2 fid bid
           0.0000000000000000e+00  -7.5000000000000000e+00   0.0000000000000000e+00 #xyz tv0
          -9.3750000000000000e-01  -7.5000000000000000e+00   0.0000000000000000e+00 #xyz tv1
          -9.3750000000000000e-01  -6.5625000000000000e+00   0.0000000000000000e+00 112 -1 #xyz tv2 fid bid
          -9.3750000000000000e-01  -7.5000000000000000e+00   0.0000000000000000e+00 #xyz tv0
          -1.8750000000000000e+00  -7.5000000000000000e+00   0.0000000000000000e+00 #xyz tv1
          -9.3750000000000000e-01  -6.5625000000000000e+00   0.0000000000000000e+00 8 -1 #xyz tv2 fid bid
          -9.3750000000000000e-01  -7.5000000000000000e+00   0.0000000000000000e+00 #xyz tv0
          -1.8750000000000000e+00  -7.5000000000000000e+00   0.0000000000000000e+00 #xyz tv1
          -9.3750000000000000e-01  -6.5625000000000000e+00   0.0000000000000000e+00 76 -1 #xyz tv2 fid bid
          -9.3750000000000000e-01  -7.5000000000000000e+00   0.0000000000000000e+00 #xyz tv0
          -1.8750000000000000e+00  -7.5000000000000000e+00   0.0000000000000000e+00 #xyz tv1
          -9.3750000000000000e-01  -6.5625000000000000e+00   0.0000000000000000e+00 112 -1 #xyz tv2 fid bid
          -9.3750000000000000e-01  -7.5000000000000000e+00   0.0000000000000000e+00 #xyz ev0
          -9.3750000000000000e-01  -6.5625000000000000e+00   0.0000000000000000e+00 -1 6 #xyz ev1 fid bid
   0   0.000000000000e+00   0.000000000000e+00   0.000000000000e+00 #flag location
END_ERR 
BEGIN_ERR 
26 Small mesh segment detected on body : Substrate
 Small mesh segment detected on body : Substrate 
 Segment Statistics - Number of Segments : 1 --- Segment length(s) : 1.325825mm. The cutoff frequency for S-Matrix Only Solve is 18.142850278383MHz 
4 -1  8  76  112  # nfids, fids[]
2 6  -1  # nbids, bids[]
      4 6 1 0 #ntets ntri ned npts
          -9.3750000000000000e-01  -6.5625000000000000e+00   0.0000000000000000e+00 #xyz tv0
          -9.3750000000000000e-01  -7.5000000000000000e+00   0.0000000000000000e+00 #xyz tv1
          -1.8750000000000000e+00  -7.5000000000000000e+00   0.0000000000000000e+00 #xyz tv2
          -1.4062500000000000e+00  -7.0312500000000000e+00   1.9050000000000000e-01 -1 6 #xyz tv3 fid bid
          -9.3750000000000000e-01  -7.5000000000000000e+00   0.0000000000000000e+00 #xyz tv0
          -1.9576394983780034e+00  -6.2486803030451741e+00  -1.6382709093355636e+00 #xyz tv1
          -9.3750000000000000e-01  -6.5625000000000000e+00   0.0000000000000000e+00 #xyz tv2
          -1.8750000000000000e+00  -7.5000000000000000e+00   0.0000000000000000e+00 -1 6 #xyz tv3 fid bid
          -1.4062500000000000e+00  -7.0312500000000000e+00   1.9050000000000000e-01 #xyz tv0
          -1.8750000000000000e+00  -6.5625000000000000e+00   0.0000000000000000e+00 #xyz tv1
          -1.8750000000000000e+00  -7.5000000000000000e+00   0.0000000000000000e+00 #xyz tv2
          -9.3750000000000000e-01  -6.5625000000000000e+00   0.0000000000000000e+00 -1 6 #xyz tv3 fid bid
          -1.8750000000000000e+00  -6.5625000000000000e+00   0.0000000000000000e+00 #xyz tv0
          -9.3750000000000000e-01  -6.5625000000000000e+00   0.0000000000000000e+00 #xyz tv1
          -1.9576394983780034e+00  -6.2486803030451741e+00  -1.6382709093355636e+00 #xyz tv2
          -1.8750000000000000e+00  -7.5000000000000000e+00   0.0000000000000000e+00 -1 6 #xyz tv3 fid bid
          -9.3750000000000000e-01  -7.5000000000000000e+00   0.0000000000000000e+00 #xyz tv0
          -1.8750000000000000e+00  -7.5000000000000000e+00   0.0000000000000000e+00 #xyz tv1
          -9.3750000000000000e-01  -6.5625000000000000e+00   0.0000000000000000e+00 8 -1 #xyz tv2 fid bid
          -9.3750000000000000e-01  -7.5000000000000000e+00   0.0000000000000000e+00 #xyz tv0
          -1.8750000000000000e+00  -7.5000000000000000e+00   0.0000000000000000e+00 #xyz tv1
          -9.3750000000000000e-01  -6.5625000000000000e+00   0.0000000000000000e+00 76 -1 #xyz tv2 fid bid
          -9.3750000000000000e-01  -7.5000000000000000e+00   0.0000000000000000e+00 #xyz tv0
          -1.8750000000000000e+00  -7.5000000000000000e+00   0.0000000000000000e+00 #xyz tv1
          -9.3750000000000000e-01  -6.5625000000000000e+00   0.0000000000000000e+00 112 -1 #xyz tv2 fid bid
          -1.8750000000000000e+00  -7.5000000000000000e+00   0.0000000000000000e+00 #xyz tv0
          -1.8750000000000000e+00  -6.5625000000000000e+00   0.0000000000000000e+00 #xyz tv1
          -9.3750000000000000e-01  -6.5625000000000000e+00   0.0000000000000000e+00 8 -1 #xyz tv2 fid bid
          -1.8750000000000000e+00  -7.5000000000000000e+00   0.0000000000000000e+00 #xyz tv0
          -1.8750000000000000e+00  -6.5625000000000000e+00   0.0000000000000000e+00 #xyz tv1
          -9.3750000000000000e-01  -6.5625000000000000e+00   0.0000000000000000e+00 76 -1 #xyz tv2 fid bid
          -1.8750000000000000e+00  -7.5000000000000000e+00   0.0000000000000000e+00 #xyz tv0
          -1.8750000000000000e+00  -6.5625000000000000e+00   0.0000000000000000e+00 #xyz tv1
          -9.3750000000000000e-01  -6.5625000000000000e+00   0.0000000000000000e+00 112 -1 #xyz tv2 fid bid
          -1.8750000000000000e+00  -7.5000000000000000e+00   0.0000000000000000e+00 #xyz ev0
          -9.3750000000000000e-01  -6.5625000000000000e+00   0.0000000000000000e+00 -1 6 #xyz ev1 fid bid
   0   0.000000000000e+00   0.000000000000e+00   0.000000000000e+00 #flag location
END_ERR 
G3dErrFileVersion 2025R1
FlagFileMetaData Begin
   Mesh Size - Setup1, Refinement, Pass #3, Freq. 1.000000e+10 :Title    
   Listing of mesh elements with poor quality. :ToolTip  
   hf3d :Author   
   1779613548 :TimeStamp
   mm :UnitName 
   1.0000000000000000e-03 :UnitConv
FlagFileMetaData End
BEGIN_ERR 
26 Small mesh segment detected on body : Substrate
 Small mesh segment detected on body : Substrate 
 Segment Statistics - Number of Segments : 1 --- Segment length(s) : 0.937500mm. The cutoff frequency for S-Matrix Only Solve is 18.142850278383MHz 
4 -1  8  76  112  # nfids, fids[]
2 6  -1  # nbids, bids[]
      6 6 1 0 #ntets ntri ned npts
          -9.3750000000000000e-01  -7.5000000000000000e+00   1.9050000000000000e-01 #xyz tv0
          -9.3750000000000000e-01  -7.5000000000000000e+00   0.0000000000000000e+00 #xyz tv1
          -9.3750000000000000e-01  -6.5625000000000000e+00   0.0000000000000000e+00 #xyz tv2
          -1.4062500000000000e+00  -7.0312500000000000e+00   1.9050000000000000e-01 -1 6 #xyz tv3 fid bid
          -9.3750000000000000e-01  -6.5625000000000000e+00   0.0000000000000000e+00 #xyz tv0
          -9.3750000000000000e-01  -7.5000000000000000e+00   0.0000000000000000e+00 #xyz tv1
          -1.8750000000000000e+00  -7.5000000000000000e+00   0.0000000000000000e+00 #xyz tv2
          -1.4062500000000000e+00  -7.0312500000000000e+00   1.9050000000000000e-01 -1 6 #xyz tv3 fid bid
          -9.3750000000000000e-01  -7.5000000000000000e+00   0.0000000000000000e+00 #xyz tv0
          -1.9576394983780034e+00  -6.2486803030451741e+00  -1.6382709093355636e+00 #xyz tv1
          -9.3750000000000000e-01  -6.5625000000000000e+00   0.0000000000000000e+00 #xyz tv2
          -1.8750000000000000e+00  -7.5000000000000000e+00   0.0000000000000000e+00 -1 6 #xyz tv3 fid bid
          -9.3750000000000000e-01  -6.5625000000000000e+00   0.0000000000000000e+00 #xyz tv0
          -9.3750000000000000e-01  -7.5000000000000000e+00   1.9050000000000000e-01 #xyz tv1
           0.0000000000000000e+00  -7.5000000000000000e+00   0.0000000000000000e+00 #xyz tv2
          -9.3750000000000000e-01  -7.5000000000000000e+00   0.0000000000000000e+00 -1 6 #xyz tv3 fid bid
          -9.3750000000000000e-01  -7.5000000000000000e+00   0.0000000000000000e+00 #xyz tv0
          -9.3750000000000000e-01  -6.5625000000000000e+00   0.0000000000000000e+00 #xyz tv1
          -1.9576394983780034e+00  -6.2486803030451741e+00  -1.6382709093355636e+00 #xyz tv2
           0.0000000000000000e+00  -8.2500000000000000e+00  -6.7729236734125764e-01 -1 6 #xyz tv3 fid bid
          -9.3750000000000000e-01  -7.5000000000000000e+00   0.0000000000000000e+00 #xyz tv0
          -9.3750000000000000e-01  -6.5625000000000000e+00   0.0000000000000000e+00 #xyz tv1
           0.0000000000000000e+00  -8.2500000000000000e+00  -6.7729236734125764e-01 #xyz tv2
           0.0000000000000000e+00  -7.5000000000000000e+00   0.0000000000000000e+00 -1 6 #xyz tv3 fid bid
           0.0000000000000000e+00  -7.5000000000000000e+00   0.0000000000000000e+00 #xyz tv0
          -9.3750000000000000e-01  -7.5000000000000000e+00   0.0000000000000000e+00 #xyz tv1
          -9.3750000000000000e-01  -6.5625000000000000e+00   0.0000000000000000e+00 8 -1 #xyz tv2 fid bid
           0.0000000000000000e+00  -7.5000000000000000e+00   0.0000000000000000e+00 #xyz tv0
          -9.3750000000000000e-01  -7.5000000000000000e+00   0.0000000000000000e+00 #xyz tv1
          -9.3750000000000000e-01  -6.5625000000000000e+00   0.0000000000000000e+00 76 -1 #xyz tv2 fid bid
           0.0000000000000000e+00  -7.5000000000000000e+00   0.0000000000000000e+00 #xyz tv0
          -9.3750000000000000e-01  -7.5000000000000000e+00   0.0000000000000000e+00 #xyz tv1
          -9.3750000000000000e-01  -6.5625000000000000e+00   0.0000000000000000e+00 112 -1 #xyz tv2 fid bid
          -9.3750000000000000e-01  -7.5000000000000000e+00   0.0000000000000000e+00 #xyz tv0
          -1.8750000000000000e+00  -7.5000000000000000e+00   0.0000000000000000e+00 #xyz tv1
          -9.3750000000000000e-01  -6.5625000000000000e+00   0.0000000000000000e+00 8 -1 #xyz tv2 fid bid
          -9.3750000000000000e-01  -7.5000000000000000e+00   0.0000000000000000e+00 #xyz tv0
          -1.8750000000000000e+00  -7.5000000000000000e+00   0.0000000000000000e+00 #xyz tv1
          -9.3750000000000000e-01  -6.5625000000000000e+00   0.0000000000000000e+00 76 -1 #xyz tv2 fid bid
          -9.3750000000000000e-01  -7.5000000000000000e+00   0.0000000000000000e+00 #xyz tv0
          -1.8750000000000000e+00  -7.5000000000000000e+00   0.0000000000000000e+00 #xyz tv1
          -9.3750000000000000e-01  -6.5625000000000000e+00   0.0000000000000000e+00 112 -1 #xyz tv2 fid bid
          -9.3750000000000000e-01  -7.5000000000000000e+00   0.0000000000000000e+00 #xyz ev0
          -9.3750000000000000e-01  -6.5625000000000000e+00   0.0000000000000000e+00 -1 6 #xyz ev1 fid bid
   0   0.000000000000e+00   0.000000000000e+00   0.000000000000e+00 #flag location
END_ERR 
BEGIN_ERR 
26 Small mesh segment detected on body : Substrate
 Small mesh segment detected on body : Substrate 
 Segment Statistics - Number of Segments : 1 --- Segment length(s) : 1.325825mm. The cutoff frequency for S-Matrix Only Solve is 18.142850278383MHz 
4 -1  8  76  112  # nfids, fids[]
2 6  -1  # nbids, bids[]
      4 6 1 0 #ntets ntri ned npts
          -9.3750000000000000e-01  -6.5625000000000000e+00   0.0000000000000000e+00 #xyz tv0
          -9.3750000000000000e-01  -7.5000000000000000e+00   0.0000000000000000e+00 #xyz tv1
          -1.8750000000000000e+00  -7.5000000000000000e+00   0.0000000000000000e+00 #xyz tv2
          -1.4062500000000000e+00  -7.0312500000000000e+00   1.9050000000000000e-01 -1 6 #xyz tv3 fid bid
          -9.3750000000000000e-01  -7.5000000000000000e+00   0.0000000000000000e+00 #xyz tv0
          -1.9576394983780034e+00  -6.2486803030451741e+00  -1.6382709093355636e+00 #xyz tv1
          -9.3750000000000000e-01  -6.5625000000000000e+00   0.0000000000000000e+00 #xyz tv2
          -1.8750000000000000e+00  -7.5000000000000000e+00   0.0000000000000000e+00 -1 6 #xyz tv3 fid bid
          -1.4062500000000000e+00  -7.0312500000000000e+00   1.9050000000000000e-01 #xyz tv0
          -1.8750000000000000e+00  -6.5625000000000000e+00   0.0000000000000000e+00 #xyz tv1
          -1.8750000000000000e+00  -7.5000000000000000e+00   0.0000000000000000e+00 #xyz tv2
          -9.3750000000000000e-01  -6.5625000000000000e+00   0.0000000000000000e+00 -1 6 #xyz tv3 fid bid
          -1.8750000000000000e+00  -6.5625000000000000e+00   0.0000000000000000e+00 #xyz tv0
          -9.3750000000000000e-01  -6.5625000000000000e+00   0.0000000000000000e+00 #xyz tv1
          -1.9576394983780034e+00  -6.2486803030451741e+00  -1.6382709093355636e+00 #xyz tv2
          -1.8750000000000000e+00  -7.5000000000000000e+00   0.0000000000000000e+00 -1 6 #xyz tv3 fid bid
          -9.3750000000000000e-01  -7.5000000000000000e+00   0.0000000000000000e+00 #xyz tv0
          -1.8750000000000000e+00  -7.5000000000000000e+00   0.0000000000000000e+00 #xyz tv1
          -9.3750000000000000e-01  -6.5625000000000000e+00   0.0000000000000000e+00 8 -1 #xyz tv2 fid bid
          -9.3750000000000000e-01  -7.5000000000000000e+00   0.0000000000000000e+00 #xyz tv0
          -1.8750000000000000e+00  -7.5000000000000000e+00   0.0000000000000000e+00 #xyz tv1
          -9.3750000000000000e-01  -6.5625000000000000e+00   0.0000000000000000e+00 76 -1 #xyz tv2 fid bid
          -9.3750000000000000e-01  -7.5000000000000000e+00   0.0000000000000000e+00 #xyz tv0
          -1.8750000000000000e+00  -7.5000000000000000e+00   0.0000000000000000e+00 #xyz tv1
          -9.3750000000000000e-01  -6.5625000000000000e+00   0.0000000000000000e+00 112 -1 #xyz tv2 fid bid
          -1.8750000000000000e+00  -7.5000000000000000e+00   0.0000000000000000e+00 #xyz tv0
          -1.8750000000000000e+00  -6.5625000000000000e+00   0.0000000000000000e+00 #xyz tv1
          -9.3750000000000000e-01  -6.5625000000000000e+00   0.0000000000000000e+00 8 -1 #xyz tv2 fid bid
          -1.8750000000000000e+00  -7.5000000000000000e+00   0.0000000000000000e+00 #xyz tv0
          -1.8750000000000000e+00  -6.5625000000000000e+00   0.0000000000000000e+00 #xyz tv1
          -9.3750000000000000e-01  -6.5625000000000000e+00   0.0000000000000000e+00 76 -1 #xyz tv2 fid bid
          -1.8750000000000000e+00  -7.5000000000000000e+00   0.0000000000000000e+00 #xyz tv0
          -1.8750000000000000e+00  -6.5625000000000000e+00   0.0000000000000000e+00 #xyz tv1
          -9.3750000000000000e-01  -6.5625000000000000e+00   0.0000000000000000e+00 112 -1 #xyz tv2 fid bid
          -1.8750000000000000e+00  -7.5000000000000000e+00   0.0000000000000000e+00 #xyz ev0
          -9.3750000000000000e-01  -6.5625000000000000e+00   0.0000000000000000e+00 -1 6 #xyz ev1 fid bid
   0   0.000000000000e+00   0.000000000000e+00   0.000000000000e+00 #flag location
END_ERR 
BEGIN_ERR 
26 Small mesh segment detected on body : Substrate
 Small mesh segment detected on body : Substrate 
 Segment Statistics - Number of Segments : 1 --- Segment length(s) : 1.325825mm. The cutoff frequency for S-Matrix Only Solve is 18.142850278383MHz 
4 -1  8  76  112  # nfids, fids[]
2 6  -1  # nbids, bids[]
      5 6 1 0 #ntets ntri ned npts
           6.9917962185637510e+00   3.1962432695240128e+00   4.2218043599120281e-01 #xyz tv0
           7.5000000000000000e+00   2.8125000000000000e+00   0.0000000000000000e+00 #xyz tv1
           7.5000000000000000e+00   3.7500000000000000e+00   0.0000000000000000e+00 #xyz tv2
           6.5625000000000000e+00   2.8125000000000000e+00   0.0000000000000000e+00 -1 6 #xyz tv3 fid bid
           7.5000000000000000e+00   2.8125000000000000e+00   0.0000000000000000e+00 #xyz tv0
           6.5625000000000000e+00   2.8125000000000000e+00   0.0000000000000000e+00 #xyz tv1
           6.3286903895656188e+00   1.6117175319150583e+00  -1.7095101166162738e+00 #xyz tv2
           7.5000000000000000e+00   3.7500000000000000e+00   0.0000000000000000e+00 -1 6 #xyz tv3 fid bid
           6.9917962185637510e+00   3.1962432695240128e+00   4.2218043599120281e-01 #xyz tv0
           7.5000000000000000e+00   3.7500000000000000e+00   0.0000000000000000e+00 #xyz tv1
           6.5625000000000000e+00   3.7500000000000000e+00   0.0000000000000000e+00 #xyz tv2
           6.5625000000000000e+00   2.8125000000000000e+00   0.0000000000000000e+00 -1 6 #xyz tv3 fid bid
           5.2525868858197358e+00   3.4905317604847674e+00  -1.9504138943319136e+00 #xyz tv0
           7.5000000000000000e+00   3.7500000000000000e+00   0.0000000000000000e+00 #xyz tv1
           6.3286903895656188e+00   1.6117175319150583e+00  -1.7095101166162738e+00 #xyz tv2
           6.5625000000000000e+00   2.8125000000000000e+00   0.0000000000000000e+00 -1 6 #xyz tv3 fid bid
           6.5625000000000000e+00   3.7500000000000000e+00   0.0000000000000000e+00 #xyz tv0
           5.2525868858197358e+00   3.4905317604847674e+00  -1.9504138943319136e+00 #xyz tv1
           6.5625000000000000e+00   2.8125000000000000e+00   0.0000000000000000e+00 #xyz tv2
           7.5000000000000000e+00   3.7500000000000000e+00   0.0000000000000000e+00 -1 6 #xyz tv3 fid bid
           6.5625000000000000e+00   3.7500000000000000e+00   0.0000000000000000e+00 #xyz tv0
           7.5000000000000000e+00   3.7500000000000000e+00   0.0000000000000000e+00 #xyz tv1
           6.5625000000000000e+00   2.8125000000000000e+00   0.0000000000000000e+00 8 -1 #xyz tv2 fid bid
           6.5625000000000000e+00   3.7500000000000000e+00   0.0000000000000000e+00 #xyz tv0
           7.5000000000000000e+00   3.7500000000000000e+00   0.0000000000000000e+00 #xyz tv1
           6.5625000000000000e+00   2.8125000000000000e+00   0.0000000000000000e+00 76 -1 #xyz tv2 fid bid
           6.5625000000000000e+00   3.7500000000000000e+00   0.0000000000000000e+00 #xyz tv0
           7.5000000000000000e+00   3.7500000000000000e+00   0.0000000000000000e+00 #xyz tv1
           6.5625000000000000e+00   2.8125000000000000e+00   0.0000000000000000e+00 112 -1 #xyz tv2 fid bid
           7.5000000000000000e+00   3.7500000000000000e+00   0.0000000000000000e+00 #xyz tv0
           7.5000000000000000e+00   2.8125000000000000e+00   0.0000000000000000e+00 #xyz tv1
           6.5625000000000000e+00   2.8125000000000000e+00   0.0000000000000000e+00 8 -1 #xyz tv2 fid bid
           7.5000000000000000e+00   3.7500000000000000e+00   0.0000000000000000e+00 #xyz tv0
           7.5000000000000000e+00   2.8125000000000000e+00   0.0000000000000000e+00 #xyz tv1
           6.5625000000000000e+00   2.8125000000000000e+00   0.0000000000000000e+00 76 -1 #xyz tv2 fid bid
           7.5000000000000000e+00   3.7500000000000000e+00   0.0000000000000000e+00 #xyz tv0
           7.5000000000000000e+00   2.8125000000000000e+00   0.0000000000000000e+00 #xyz tv1
           6.5625000000000000e+00   2.8125000000000000e+00   0.0000000000000000e+00 112 -1 #xyz tv2 fid bid
           7.5000000000000000e+00   3.7500000000000000e+00   0.0000000000000000e+00 #xyz ev0
           6.5625000000000000e+00   2.8125000000000000e+00   0.0000000000000000e+00 -1 6 #xyz ev1 fid bid
   0   0.000000000000e+00   0.000000000000e+00   0.000000000000e+00 #flag location
END_ERR 
