G3dErrFileVersion 2025R1
FlagFileMetaData Begin
   Mesh Size - Setup1, Refinement, Pass #1, Freq. 1.000000e+10 :Title    
   Listing of mesh elements with poor quality. :ToolTip  
   hf3d :Author   
   1779613364 :TimeStamp
   mm :UnitName 
   1.0000000000000000e-03 :UnitConv
FlagFileMetaData End
BEGIN_ERR 
26 Small mesh segment detected on body : Substrate
 Small mesh segment detected on body : Substrate 
 Segment Statistics - Number of Segments : 1 --- Segment length(s) : 0.937500mm. The cutoff frequency for S-Matrix Only Solve is 18.142850278383MHz 
4 -1  8  76  112  # nfids, fids[]
2 6  -1  # nbids, bids[]
      5 6 1 0 #ntets ntri ned npts
           7.5000000000000000e+00   9.3750000000000000e-01   9.5250000000000001e-02 #xyz tv0
           7.5000000000000000e+00   1.8750000000000000e+00   0.0000000000000000e+00 #xyz tv1
           6.5625000000000000e+00   9.3750000000000000e-01   0.0000000000000000e+00 #xyz tv2
           7.5000000000000000e+00   9.3750000000000000e-01   0.0000000000000000e+00 -1 6 #xyz tv3 fid bid
           7.5000000000000000e+00   9.3750000000000000e-01   0.0000000000000000e+00 #xyz tv0
           6.5625000000000000e+00   9.3750000000000000e-01   0.0000000000000000e+00 #xyz tv1
           6.3637369977412286e+00   1.2935565667108855e+00  -1.8279414858978760e+00 #xyz tv2
           7.5000000000000000e+00   1.8750000000000000e+00   0.0000000000000000e+00 -1 6 #xyz tv3 fid bid
           7.5000000000000000e+00   9.3750000000000000e-01   9.5250000000000001e-02 #xyz tv0
           7.5000000000000000e+00   9.3750000000000000e-01   0.0000000000000000e+00 #xyz tv1
           6.5625000000000000e+00   9.3750000000000000e-01   0.0000000000000000e+00 #xyz tv2
           7.0312500000000000e+00   4.6875000000000000e-01   3.8100000000000001e-01 -1 6 #xyz tv3 fid bid
           7.5000000000000000e+00   9.3750000000000000e-01   0.0000000000000000e+00 #xyz tv0
           6.3637369977412286e+00   1.2935565667108855e+00  -1.8279414858978760e+00 #xyz tv1
           6.5625000000000000e+00   9.3750000000000000e-01   0.0000000000000000e+00 #xyz tv2
           7.5000000000000000e+00   0.0000000000000000e+00   0.0000000000000000e+00 -1 6 #xyz tv3 fid bid
           6.5625000000000000e+00   9.3750000000000000e-01   0.0000000000000000e+00 #xyz tv0
           7.5000000000000000e+00   9.3750000000000000e-01   0.0000000000000000e+00 #xyz tv1
           7.5000000000000000e+00   0.0000000000000000e+00   0.0000000000000000e+00 #xyz tv2
           7.0312500000000000e+00   4.6875000000000000e-01   3.8100000000000001e-01 -1 6 #xyz tv3 fid bid
           7.5000000000000000e+00   1.8750000000000000e+00   0.0000000000000000e+00 #xyz tv0
           7.5000000000000000e+00   9.3750000000000000e-01   0.0000000000000000e+00 #xyz tv1
           6.5625000000000000e+00   9.3750000000000000e-01   0.0000000000000000e+00 8 -1 #xyz tv2 fid bid
           7.5000000000000000e+00   1.8750000000000000e+00   0.0000000000000000e+00 #xyz tv0
           7.5000000000000000e+00   9.3750000000000000e-01   0.0000000000000000e+00 #xyz tv1
           6.5625000000000000e+00   9.3750000000000000e-01   0.0000000000000000e+00 76 -1 #xyz tv2 fid bid
           7.5000000000000000e+00   1.8750000000000000e+00   0.0000000000000000e+00 #xyz tv0
           7.5000000000000000e+00   9.3750000000000000e-01   0.0000000000000000e+00 #xyz tv1
           6.5625000000000000e+00   9.3750000000000000e-01   0.0000000000000000e+00 112 -1 #xyz tv2 fid bid
           7.5000000000000000e+00   9.3750000000000000e-01   0.0000000000000000e+00 #xyz tv0
           7.5000000000000000e+00   0.0000000000000000e+00   0.0000000000000000e+00 #xyz tv1
           6.5625000000000000e+00   9.3750000000000000e-01   0.0000000000000000e+00 8 -1 #xyz tv2 fid bid
           7.5000000000000000e+00   9.3750000000000000e-01   0.0000000000000000e+00 #xyz tv0
           7.5000000000000000e+00   0.0000000000000000e+00   0.0000000000000000e+00 #xyz tv1
           6.5625000000000000e+00   9.3750000000000000e-01   0.0000000000000000e+00 76 -1 #xyz tv2 fid bid
           7.5000000000000000e+00   9.3750000000000000e-01   0.0000000000000000e+00 #xyz tv0
           7.5000000000000000e+00   0.0000000000000000e+00   0.0000000000000000e+00 #xyz tv1
           6.5625000000000000e+00   9.3750000000000000e-01   0.0000000000000000e+00 112 -1 #xyz tv2 fid bid
           7.5000000000000000e+00   9.3750000000000000e-01   0.0000000000000000e+00 #xyz ev0
           6.5625000000000000e+00   9.3750000000000000e-01   0.0000000000000000e+00 -1 6 #xyz ev1 fid bid
   0   0.000000000000e+00   0.000000000000e+00   0.000000000000e+00 #flag location
END_ERR 
BEGIN_ERR 
26 Small mesh segment detected on body : Substrate
 Small mesh segment detected on body : Substrate 
 Segment Statistics - Number of Segments : 1 --- Segment length(s) : 0.937500mm. The cutoff frequency for S-Matrix Only Solve is 18.142850278383MHz 
4 -1  8  76  112  # nfids, fids[]
2 6  -1  # nbids, bids[]
      6 6 1 0 #ntets ntri ned npts
          -9.3750000000000000e-01   7.5000000000000000e+00   9.5250000000000001e-02 #xyz tv0
          -1.8750000000000000e+00   7.5000000000000000e+00   0.0000000000000000e+00 #xyz tv1
          -9.3750000000000000e-01   6.5625000000000000e+00   0.0000000000000000e+00 #xyz tv2
          -9.3750000000000000e-01   7.5000000000000000e+00   0.0000000000000000e+00 -1 6 #xyz tv3 fid bid
          -9.3750000000000000e-01   7.5000000000000000e+00   0.0000000000000000e+00 #xyz tv0
          -9.3750000000000000e-01   6.5625000000000000e+00   0.0000000000000000e+00 #xyz tv1
          -2.2061206567986895e+00   6.9351687334420289e+00  -1.6238637336489856e+00 #xyz tv2
          -1.8750000000000000e+00   7.5000000000000000e+00   0.0000000000000000e+00 -1 6 #xyz tv3 fid bid
          -9.3750000000000000e-01   7.5000000000000000e+00   9.5250000000000001e-02 #xyz tv0
          -9.3750000000000000e-01   7.5000000000000000e+00   0.0000000000000000e+00 #xyz tv1
          -9.3750000000000000e-01   6.5625000000000000e+00   0.0000000000000000e+00 #xyz tv2
          -4.7815895901490191e-01   7.1053095587661623e+00   3.0761458028244609e-01 -1 6 #xyz tv3 fid bid
          -2.2061206567986895e+00   6.9351687334420289e+00  -1.6238637336489856e+00 #xyz tv0
           8.0112067336634096e-01   8.2500000000000000e+00  -2.0311026998248916e+00 #xyz tv1
          -9.3750000000000000e-01   6.5625000000000000e+00   0.0000000000000000e+00 #xyz tv2
          -9.3750000000000000e-01   7.5000000000000000e+00   0.0000000000000000e+00 -1 6 #xyz tv3 fid bid
          -9.3750000000000000e-01   6.5625000000000000e+00   0.0000000000000000e+00 #xyz tv0
          -9.3750000000000000e-01   7.5000000000000000e+00   0.0000000000000000e+00 #xyz tv1
           0.0000000000000000e+00   7.5000000000000000e+00   0.0000000000000000e+00 #xyz tv2
          -4.7815895901490191e-01   7.1053095587661623e+00   3.0761458028244609e-01 -1 6 #xyz tv3 fid bid
           8.0112067336634096e-01   8.2500000000000000e+00  -2.0311026998248916e+00 #xyz tv0
          -9.3750000000000000e-01   6.5625000000000000e+00   0.0000000000000000e+00 #xyz tv1
          -9.3750000000000000e-01   7.5000000000000000e+00   0.0000000000000000e+00 #xyz tv2
           0.0000000000000000e+00   7.5000000000000000e+00   0.0000000000000000e+00 -1 6 #xyz tv3 fid bid
          -1.8750000000000000e+00   7.5000000000000000e+00   0.0000000000000000e+00 #xyz tv0
          -9.3750000000000000e-01   7.5000000000000000e+00   0.0000000000000000e+00 #xyz tv1
          -9.3750000000000000e-01   6.5625000000000000e+00   0.0000000000000000e+00 8 -1 #xyz tv2 fid bid
          -1.8750000000000000e+00   7.5000000000000000e+00   0.0000000000000000e+00 #xyz tv0
          -9.3750000000000000e-01   7.5000000000000000e+00   0.0000000000000000e+00 #xyz tv1
          -9.3750000000000000e-01   6.5625000000000000e+00   0.0000000000000000e+00 76 -1 #xyz tv2 fid bid
          -1.8750000000000000e+00   7.5000000000000000e+00   0.0000000000000000e+00 #xyz tv0
          -9.3750000000000000e-01   7.5000000000000000e+00   0.0000000000000000e+00 #xyz tv1
          -9.3750000000000000e-01   6.5625000000000000e+00   0.0000000000000000e+00 112 -1 #xyz tv2 fid bid
          -9.3750000000000000e-01   7.5000000000000000e+00   0.0000000000000000e+00 #xyz tv0
           0.0000000000000000e+00   7.5000000000000000e+00   0.0000000000000000e+00 #xyz tv1
          -9.3750000000000000e-01   6.5625000000000000e+00   0.0000000000000000e+00 8 -1 #xyz tv2 fid bid
          -9.3750000000000000e-01   7.5000000000000000e+00   0.0000000000000000e+00 #xyz tv0
           0.0000000000000000e+00   7.5000000000000000e+00   0.0000000000000000e+00 #xyz tv1
          -9.3750000000000000e-01   6.5625000000000000e+00   0.0000000000000000e+00 76 -1 #xyz tv2 fid bid
          -9.3750000000000000e-01   7.5000000000000000e+00   0.0000000000000000e+00 #xyz tv0
           0.0000000000000000e+00   7.5000000000000000e+00   0.0000000000000000e+00 #xyz tv1
          -9.3750000000000000e-01   6.5625000000000000e+00   0.0000000000000000e+00 112 -1 #xyz tv2 fid bid
          -9.3750000000000000e-01   7.5000000000000000e+00   0.0000000000000000e+00 #xyz ev0
          -9.3750000000000000e-01   6.5625000000000000e+00   0.0000000000000000e+00 -1 6 #xyz ev1 fid bid
   0   0.000000000000e+00   0.000000000000e+00   0.000000000000e+00 #flag location
END_ERR 
G3dErrFileVersion 2025R1
FlagFileMetaData Begin
   Mesh Size - Setup1, Refinement, Pass #2, Freq. 1.000000e+10 :Title    
   Listing of mesh elements with poor quality. :ToolTip  
   hf3d :Author   
   1779613369 :TimeStamp
   mm :UnitName 
   1.0000000000000000e-03 :UnitConv
FlagFileMetaData End
BEGIN_ERR 
26 Small mesh segment detected on body : Substrate
 Small mesh segment detected on body : Substrate 
 Segment Statistics - Number of Segments : 1 --- Segment length(s) : 0.937500mm. The cutoff frequency for S-Matrix Only Solve is 18.142850278383MHz 
4 -1  8  76  112  # nfids, fids[]
2 6  -1  # nbids, bids[]
      5 6 1 0 #ntets ntri ned npts
           7.5000000000000000e+00   9.3750000000000000e-01   9.5250000000000001e-02 #xyz tv0
           7.5000000000000000e+00   1.8750000000000000e+00   0.0000000000000000e+00 #xyz tv1
           6.5625000000000000e+00   9.3750000000000000e-01   0.0000000000000000e+00 #xyz tv2
           7.5000000000000000e+00   9.3750000000000000e-01   0.0000000000000000e+00 -1 6 #xyz tv3 fid bid
           7.5000000000000000e+00   9.3750000000000000e-01   0.0000000000000000e+00 #xyz tv0
           6.5625000000000000e+00   9.3750000000000000e-01   0.0000000000000000e+00 #xyz tv1
           6.3637369977412295e+00   1.2935565667108855e+00  -1.8279414858978760e+00 #xyz tv2
           7.5000000000000000e+00   1.8750000000000000e+00   0.0000000000000000e+00 -1 6 #xyz tv3 fid bid
           7.5000000000000000e+00   9.3750000000000000e-01   9.5250000000000001e-02 #xyz tv0
           7.5000000000000000e+00   9.3750000000000000e-01   0.0000000000000000e+00 #xyz tv1
           6.5625000000000000e+00   9.3750000000000000e-01   0.0000000000000000e+00 #xyz tv2
           7.0312500000000000e+00   4.6875000000000000e-01   3.8100000000000001e-01 -1 6 #xyz tv3 fid bid
           7.5000000000000000e+00   9.3750000000000000e-01   0.0000000000000000e+00 #xyz tv0
           6.3637369977412295e+00   1.2935565667108855e+00  -1.8279414858978760e+00 #xyz tv1
           6.5625000000000000e+00   9.3750000000000000e-01   0.0000000000000000e+00 #xyz tv2
           7.5000000000000000e+00   0.0000000000000000e+00   0.0000000000000000e+00 -1 6 #xyz tv3 fid bid
           6.5625000000000000e+00   9.3750000000000000e-01   0.0000000000000000e+00 #xyz tv0
           7.5000000000000000e+00   9.3750000000000000e-01   0.0000000000000000e+00 #xyz tv1
           7.5000000000000000e+00   0.0000000000000000e+00   0.0000000000000000e+00 #xyz tv2
           7.0312500000000000e+00   4.6875000000000000e-01   3.8100000000000001e-01 -1 6 #xyz tv3 fid bid
           7.5000000000000000e+00   1.8750000000000000e+00   0.0000000000000000e+00 #xyz tv0
           7.5000000000000000e+00   9.3750000000000000e-01   0.0000000000000000e+00 #xyz tv1
           6.5625000000000000e+00   9.3750000000000000e-01   0.0000000000000000e+00 8 -1 #xyz tv2 fid bid
           7.5000000000000000e+00   1.8750000000000000e+00   0.0000000000000000e+00 #xyz tv0
           7.5000000000000000e+00   9.3750000000000000e-01   0.0000000000000000e+00 #xyz tv1
           6.5625000000000000e+00   9.3750000000000000e-01   0.0000000000000000e+00 76 -1 #xyz tv2 fid bid
           7.5000000000000000e+00   1.8750000000000000e+00   0.0000000000000000e+00 #xyz tv0
           7.5000000000000000e+00   9.3750000000000000e-01   0.0000000000000000e+00 #xyz tv1
           6.5625000000000000e+00   9.3750000000000000e-01   0.0000000000000000e+00 112 -1 #xyz tv2 fid bid
           7.5000000000000000e+00   9.3750000000000000e-01   0.0000000000000000e+00 #xyz tv0
           7.5000000000000000e+00   0.0000000000000000e+00   0.0000000000000000e+00 #xyz tv1
           6.5625000000000000e+00   9.3750000000000000e-01   0.0000000000000000e+00 8 -1 #xyz tv2 fid bid
           7.5000000000000000e+00   9.3750000000000000e-01   0.0000000000000000e+00 #xyz tv0
           7.5000000000000000e+00   0.0000000000000000e+00   0.0000000000000000e+00 #xyz tv1
           6.5625000000000000e+00   9.3750000000000000e-01   0.0000000000000000e+00 76 -1 #xyz tv2 fid bid
           7.5000000000000000e+00   9.3750000000000000e-01   0.0000000000000000e+00 #xyz tv0
           7.5000000000000000e+00   0.0000000000000000e+00   0.0000000000000000e+00 #xyz tv1
           6.5625000000000000e+00   9.3750000000000000e-01   0.0000000000000000e+00 112 -1 #xyz tv2 fid bid
           7.5000000000000000e+00   9.3750000000000000e-01   0.0000000000000000e+00 #xyz ev0
           6.5625000000000000e+00   9.3750000000000000e-01   0.0000000000000000e+00 -1 6 #xyz ev1 fid bid
   0   0.000000000000e+00   0.000000000000e+00   0.000000000000e+00 #flag location
END_ERR 
BEGIN_ERR 
26 Small mesh segment detected on body : Substrate
 Small mesh segment detected on body : Substrate 
 Segment Statistics - Number of Segments : 1 --- Segment length(s) : 0.937500mm. The cutoff frequency for S-Matrix Only Solve is 18.142850278383MHz 
4 -1  8  76  112  # nfids, fids[]
2 6  -1  # nbids, bids[]
      6 6 1 0 #ntets ntri ned npts
          -9.3750000000000000e-01   7.5000000000000000e+00   9.5250000000000001e-02 #xyz tv0
          -1.8750000000000000e+00   7.5000000000000000e+00   0.0000000000000000e+00 #xyz tv1
          -9.3750000000000000e-01   6.5625000000000000e+00   0.0000000000000000e+00 #xyz tv2
          -9.3750000000000000e-01   7.5000000000000000e+00   0.0000000000000000e+00 -1 6 #xyz tv3 fid bid
          -9.3750000000000000e-01   7.5000000000000000e+00   0.0000000000000000e+00 #xyz tv0
          -9.3750000000000000e-01   6.5625000000000000e+00   0.0000000000000000e+00 #xyz tv1
          -2.2061206567986895e+00   6.9351687334420289e+00  -1.6238637336489856e+00 #xyz tv2
          -1.8750000000000000e+00   7.5000000000000000e+00   0.0000000000000000e+00 -1 6 #xyz tv3 fid bid
          -9.3750000000000000e-01   7.5000000000000000e+00   9.5250000000000001e-02 #xyz tv0
          -9.3750000000000000e-01   7.5000000000000000e+00   0.0000000000000000e+00 #xyz tv1
          -9.3750000000000000e-01   6.5625000000000000e+00   0.0000000000000000e+00 #xyz tv2
          -4.7815895901490191e-01   7.1053095587661623e+00   3.0761458028244609e-01 -1 6 #xyz tv3 fid bid
          -2.2061206567986895e+00   6.9351687334420289e+00  -1.6238637336489856e+00 #xyz tv0
           8.0112067336634096e-01   8.2500000000000000e+00  -2.0311026998248916e+00 #xyz tv1
          -9.3750000000000000e-01   6.5625000000000000e+00   0.0000000000000000e+00 #xyz tv2
          -9.3750000000000000e-01   7.5000000000000000e+00   0.0000000000000000e+00 -1 6 #xyz tv3 fid bid
          -9.3750000000000000e-01   6.5625000000000000e+00   0.0000000000000000e+00 #xyz tv0
          -9.3750000000000000e-01   7.5000000000000000e+00   0.0000000000000000e+00 #xyz tv1
           0.0000000000000000e+00   7.5000000000000000e+00   0.0000000000000000e+00 #xyz tv2
          -4.7815895901490191e-01   7.1053095587661623e+00   3.0761458028244609e-01 -1 6 #xyz tv3 fid bid
           8.0112067336634096e-01   8.2500000000000000e+00  -2.0311026998248916e+00 #xyz tv0
          -9.3750000000000000e-01   6.5625000000000000e+00   0.0000000000000000e+00 #xyz tv1
          -9.3750000000000000e-01   7.5000000000000000e+00   0.0000000000000000e+00 #xyz tv2
           0.0000000000000000e+00   7.5000000000000000e+00   0.0000000000000000e+00 -1 6 #xyz tv3 fid bid
          -1.8750000000000000e+00   7.5000000000000000e+00   0.0000000000000000e+00 #xyz tv0
          -9.3750000000000000e-01   7.5000000000000000e+00   0.0000000000000000e+00 #xyz tv1
          -9.3750000000000000e-01   6.5625000000000000e+00   0.0000000000000000e+00 8 -1 #xyz tv2 fid bid
          -1.8750000000000000e+00   7.5000000000000000e+00   0.0000000000000000e+00 #xyz tv0
          -9.3750000000000000e-01   7.5000000000000000e+00   0.0000000000000000e+00 #xyz tv1
          -9.3750000000000000e-01   6.5625000000000000e+00   0.0000000000000000e+00 76 -1 #xyz tv2 fid bid
          -1.8750000000000000e+00   7.5000000000000000e+00   0.0000000000000000e+00 #xyz tv0
          -9.3750000000000000e-01   7.5000000000000000e+00   0.0000000000000000e+00 #xyz tv1
          -9.3750000000000000e-01   6.5625000000000000e+00   0.0000000000000000e+00 112 -1 #xyz tv2 fid bid
          -9.3750000000000000e-01   7.5000000000000000e+00   0.0000000000000000e+00 #xyz tv0
           0.0000000000000000e+00   7.5000000000000000e+00   0.0000000000000000e+00 #xyz tv1
          -9.3750000000000000e-01   6.5625000000000000e+00   0.0000000000000000e+00 8 -1 #xyz tv2 fid bid
          -9.3750000000000000e-01   7.5000000000000000e+00   0.0000000000000000e+00 #xyz tv0
           0.0000000000000000e+00   7.5000000000000000e+00   0.0000000000000000e+00 #xyz tv1
          -9.3750000000000000e-01   6.5625000000000000e+00   0.0000000000000000e+00 76 -1 #xyz tv2 fid bid
          -9.3750000000000000e-01   7.5000000000000000e+00   0.0000000000000000e+00 #xyz tv0
           0.0000000000000000e+00   7.5000000000000000e+00   0.0000000000000000e+00 #xyz tv1
          -9.3750000000000000e-01   6.5625000000000000e+00   0.0000000000000000e+00 112 -1 #xyz tv2 fid bid
          -9.3750000000000000e-01   7.5000000000000000e+00   0.0000000000000000e+00 #xyz ev0
          -9.3750000000000000e-01   6.5625000000000000e+00   0.0000000000000000e+00 -1 6 #xyz ev1 fid bid
   0   0.000000000000e+00   0.000000000000e+00   0.000000000000e+00 #flag location
END_ERR 
G3dErrFileVersion 2025R1
FlagFileMetaData Begin
   Mesh Size - Setup1, Refinement, Pass #3, Freq. 1.000000e+10 :Title    
   Listing of mesh elements with poor quality. :ToolTip  
   hf3d :Author   
   1779613377 :TimeStamp
   mm :UnitName 
   1.0000000000000000e-03 :UnitConv
FlagFileMetaData End
BEGIN_ERR 
26 Small mesh segment detected on body : Substrate
 Small mesh segment detected on body : Substrate 
 Segment Statistics - Number of Segments : 1 --- Segment length(s) : 0.937500mm. The cutoff frequency for S-Matrix Only Solve is 18.142850278383MHz 
4 -1  8  76  112  # nfids, fids[]
2 6  -1  # nbids, bids[]
      5 6 1 0 #ntets ntri ned npts
           7.5000000000000000e+00   9.3750000000000000e-01   9.5250000000000001e-02 #xyz tv0
           7.5000000000000000e+00   1.8750000000000000e+00   0.0000000000000000e+00 #xyz tv1
           6.5625000000000000e+00   9.3750000000000000e-01   0.0000000000000000e+00 #xyz tv2
           7.5000000000000000e+00   9.3750000000000000e-01   0.0000000000000000e+00 -1 6 #xyz tv3 fid bid
           7.5000000000000000e+00   9.3750000000000000e-01   0.0000000000000000e+00 #xyz tv0
           6.5625000000000000e+00   9.3750000000000000e-01   0.0000000000000000e+00 #xyz tv1
           6.3637369977412304e+00   1.2935565667108855e+00  -1.8279414858978760e+00 #xyz tv2
           7.5000000000000000e+00   1.8750000000000000e+00   0.0000000000000000e+00 -1 6 #xyz tv3 fid bid
           7.5000000000000000e+00   9.3750000000000000e-01   9.5250000000000001e-02 #xyz tv0
           7.5000000000000000e+00   9.3750000000000000e-01   0.0000000000000000e+00 #xyz tv1
           6.5625000000000000e+00   9.3750000000000000e-01   0.0000000000000000e+00 #xyz tv2
           7.0312500000000000e+00   4.6875000000000000e-01   3.8100000000000001e-01 -1 6 #xyz tv3 fid bid
           7.5000000000000000e+00   9.3750000000000000e-01   0.0000000000000000e+00 #xyz tv0
           6.3637369977412304e+00   1.2935565667108855e+00  -1.8279414858978760e+00 #xyz tv1
           6.5625000000000000e+00   9.3750000000000000e-01   0.0000000000000000e+00 #xyz tv2
           7.5000000000000000e+00   0.0000000000000000e+00   0.0000000000000000e+00 -1 6 #xyz tv3 fid bid
           6.5625000000000000e+00   9.3750000000000000e-01   0.0000000000000000e+00 #xyz tv0
           7.5000000000000000e+00   9.3750000000000000e-01   0.0000000000000000e+00 #xyz tv1
           7.5000000000000000e+00   0.0000000000000000e+00   0.0000000000000000e+00 #xyz tv2
           7.0312500000000000e+00   4.6875000000000000e-01   3.8100000000000001e-01 -1 6 #xyz tv3 fid bid
           7.5000000000000000e+00   1.8750000000000000e+00   0.0000000000000000e+00 #xyz tv0
           7.5000000000000000e+00   9.3750000000000000e-01   0.0000000000000000e+00 #xyz tv1
           6.5625000000000000e+00   9.3750000000000000e-01   0.0000000000000000e+00 8 -1 #xyz tv2 fid bid
           7.5000000000000000e+00   1.8750000000000000e+00   0.0000000000000000e+00 #xyz tv0
           7.5000000000000000e+00   9.3750000000000000e-01   0.0000000000000000e+00 #xyz tv1
           6.5625000000000000e+00   9.3750000000000000e-01   0.0000000000000000e+00 76 -1 #xyz tv2 fid bid
           7.5000000000000000e+00   1.8750000000000000e+00   0.0000000000000000e+00 #xyz tv0
           7.5000000000000000e+00   9.3750000000000000e-01   0.0000000000000000e+00 #xyz tv1
           6.5625000000000000e+00   9.3750000000000000e-01   0.0000000000000000e+00 112 -1 #xyz tv2 fid bid
           7.5000000000000000e+00   9.3750000000000000e-01   0.0000000000000000e+00 #xyz tv0
           7.5000000000000000e+00   0.0000000000000000e+00   0.0000000000000000e+00 #xyz tv1
           6.5625000000000000e+00   9.3750000000000000e-01   0.0000000000000000e+00 8 -1 #xyz tv2 fid bid
           7.5000000000000000e+00   9.3750000000000000e-01   0.0000000000000000e+00 #xyz tv0
           7.5000000000000000e+00   0.0000000000000000e+00   0.0000000000000000e+00 #xyz tv1
           6.5625000000000000e+00   9.3750000000000000e-01   0.0000000000000000e+00 76 -1 #xyz tv2 fid bid
           7.5000000000000000e+00   9.3750000000000000e-01   0.0000000000000000e+00 #xyz tv0
           7.5000000000000000e+00   0.0000000000000000e+00   0.0000000000000000e+00 #xyz tv1
           6.5625000000000000e+00   9.3750000000000000e-01   0.0000000000000000e+00 112 -1 #xyz tv2 fid bid
           7.5000000000000000e+00   9.3750000000000000e-01   0.0000000000000000e+00 #xyz ev0
           6.5625000000000000e+00   9.3750000000000000e-01   0.0000000000000000e+00 -1 6 #xyz ev1 fid bid
   0   0.000000000000e+00   0.000000000000e+00   0.000000000000e+00 #flag location
END_ERR 
BEGIN_ERR 
26 Small mesh segment detected on body : Substrate
 Small mesh segment detected on body : Substrate 
 Segment Statistics - Number of Segments : 1 --- Segment length(s) : 0.937500mm. The cutoff frequency for S-Matrix Only Solve is 18.142850278383MHz 
4 -1  8  76  112  # nfids, fids[]
2 6  -1  # nbids, bids[]
      6 6 1 0 #ntets ntri ned npts
          -9.3750000000000000e-01   7.5000000000000000e+00   9.5250000000000001e-02 #xyz tv0
          -1.8750000000000000e+00   7.5000000000000000e+00   0.0000000000000000e+00 #xyz tv1
          -9.3750000000000000e-01   6.5625000000000000e+00   0.0000000000000000e+00 #xyz tv2
          -9.3750000000000000e-01   7.5000000000000000e+00   0.0000000000000000e+00 -1 6 #xyz tv3 fid bid
          -9.3750000000000000e-01   7.5000000000000000e+00   0.0000000000000000e+00 #xyz tv0
          -9.3750000000000000e-01   6.5625000000000000e+00   0.0000000000000000e+00 #xyz tv1
          -2.2061206567986895e+00   6.9351687334420289e+00  -1.6238637336489856e+00 #xyz tv2
          -1.8750000000000000e+00   7.5000000000000000e+00   0.0000000000000000e+00 -1 6 #xyz tv3 fid bid
          -9.3750000000000000e-01   7.5000000000000000e+00   9.5250000000000001e-02 #xyz tv0
          -9.3750000000000000e-01   7.5000000000000000e+00   0.0000000000000000e+00 #xyz tv1
          -9.3750000000000000e-01   6.5625000000000000e+00   0.0000000000000000e+00 #xyz tv2
          -4.7815895901490191e-01   7.1053095587661623e+00   3.0761458028244609e-01 -1 6 #xyz tv3 fid bid
          -2.2061206567986895e+00   6.9351687334420289e+00  -1.6238637336489856e+00 #xyz tv0
           8.0112067336634096e-01   8.2500000000000000e+00  -2.0311026998248916e+00 #xyz tv1
          -9.3750000000000000e-01   6.5625000000000000e+00   0.0000000000000000e+00 #xyz tv2
          -9.3750000000000000e-01   7.5000000000000000e+00   0.0000000000000000e+00 -1 6 #xyz tv3 fid bid
          -9.3750000000000000e-01   6.5625000000000000e+00   0.0000000000000000e+00 #xyz tv0
          -9.3750000000000000e-01   7.5000000000000000e+00   0.0000000000000000e+00 #xyz tv1
           0.0000000000000000e+00   7.5000000000000000e+00   0.0000000000000000e+00 #xyz tv2
          -4.7815895901490191e-01   7.1053095587661623e+00   3.0761458028244609e-01 -1 6 #xyz tv3 fid bid
           8.0112067336634096e-01   8.2500000000000000e+00  -2.0311026998248916e+00 #xyz tv0
          -9.3750000000000000e-01   6.5625000000000000e+00   0.0000000000000000e+00 #xyz tv1
          -9.3750000000000000e-01   7.5000000000000000e+00   0.0000000000000000e+00 #xyz tv2
           0.0000000000000000e+00   7.5000000000000000e+00   0.0000000000000000e+00 -1 6 #xyz tv3 fid bid
          -1.8750000000000000e+00   7.5000000000000000e+00   0.0000000000000000e+00 #xyz tv0
          -9.3750000000000000e-01   7.5000000000000000e+00   0.0000000000000000e+00 #xyz tv1
          -9.3750000000000000e-01   6.5625000000000000e+00   0.0000000000000000e+00 8 -1 #xyz tv2 fid bid
          -1.8750000000000000e+00   7.5000000000000000e+00   0.0000000000000000e+00 #xyz tv0
          -9.3750000000000000e-01   7.5000000000000000e+00   0.0000000000000000e+00 #xyz tv1
          -9.3750000000000000e-01   6.5625000000000000e+00   0.0000000000000000e+00 76 -1 #xyz tv2 fid bid
          -1.8750000000000000e+00   7.5000000000000000e+00   0.0000000000000000e+00 #xyz tv0
          -9.3750000000000000e-01   7.5000000000000000e+00   0.0000000000000000e+00 #xyz tv1
          -9.3750000000000000e-01   6.5625000000000000e+00   0.0000000000000000e+00 112 -1 #xyz tv2 fid bid
          -9.3750000000000000e-01   7.5000000000000000e+00   0.0000000000000000e+00 #xyz tv0
           0.0000000000000000e+00   7.5000000000000000e+00   0.0000000000000000e+00 #xyz tv1
          -9.3750000000000000e-01   6.5625000000000000e+00   0.0000000000000000e+00 8 -1 #xyz tv2 fid bid
          -9.3750000000000000e-01   7.5000000000000000e+00   0.0000000000000000e+00 #xyz tv0
           0.0000000000000000e+00   7.5000000000000000e+00   0.0000000000000000e+00 #xyz tv1
          -9.3750000000000000e-01   6.5625000000000000e+00   0.0000000000000000e+00 76 -1 #xyz tv2 fid bid
          -9.3750000000000000e-01   7.5000000000000000e+00   0.0000000000000000e+00 #xyz tv0
           0.0000000000000000e+00   7.5000000000000000e+00   0.0000000000000000e+00 #xyz tv1
          -9.3750000000000000e-01   6.5625000000000000e+00   0.0000000000000000e+00 112 -1 #xyz tv2 fid bid
          -9.3750000000000000e-01   7.5000000000000000e+00   0.0000000000000000e+00 #xyz ev0
          -9.3750000000000000e-01   6.5625000000000000e+00   0.0000000000000000e+00 -1 6 #xyz ev1 fid bid
   0   0.000000000000e+00   0.000000000000e+00   0.000000000000e+00 #flag location
END_ERR 
BEGIN_ERR 
26 Small mesh segment detected on body : Substrate
 Small mesh segment detected on body : Substrate 
 Segment Statistics - Number of Segments : 1 --- Segment length(s) : 0.937500mm. The cutoff frequency for S-Matrix Only Solve is 18.142850278383MHz 
4 -1  8  76  112  # nfids, fids[]
2 6  -1  # nbids, bids[]
      6 6 1 0 #ntets ntri ned npts
          -9.3750000000000000e-01  -7.5000000000000000e+00   9.5250000000000001e-02 #xyz tv0
          -9.3750000000000000e-01  -6.5625000000000000e+00   0.0000000000000000e+00 #xyz tv1
          -1.8750000000000000e+00  -7.5000000000000000e+00   0.0000000000000000e+00 #xyz tv2
          -9.3750000000000000e-01  -7.5000000000000000e+00   0.0000000000000000e+00 -1 6 #xyz tv3 fid bid
          -1.8021289387929391e+00  -5.9193959616776883e+00  -1.2360498194844820e+00 #xyz tv0
          -9.3750000000000000e-01  -6.5625000000000000e+00   0.0000000000000000e+00 #xyz tv1
          -9.3750000000000000e-01  -7.5000000000000000e+00   0.0000000000000000e+00 #xyz tv2
          -1.8750000000000000e+00  -7.5000000000000000e+00   0.0000000000000000e+00 -1 6 #xyz tv3 fid bid
          -9.3750000000000000e-01  -7.5000000000000000e+00   9.5250000000000001e-02 #xyz tv0
          -9.3750000000000000e-01  -6.5625000000000000e+00   0.0000000000000000e+00 #xyz tv1
          -9.3750000000000000e-01  -7.5000000000000000e+00   0.0000000000000000e+00 #xyz tv2
          -4.6875000000000000e-01  -7.0312500000000000e+00   3.8100000000000001e-01 -1 6 #xyz tv3 fid bid
          -9.3750000000000000e-01  -7.5000000000000000e+00   0.0000000000000000e+00 #xyz tv0
          -9.3750000000000000e-01  -6.5625000000000000e+00   0.0000000000000000e+00 #xyz tv1
          -1.4963420210333811e-02  -8.2500000000000000e+00  -1.0495455803983025e+00 #xyz tv2
           0.0000000000000000e+00  -7.5000000000000000e+00   0.0000000000000000e+00 -1 6 #xyz tv3 fid bid
          -1.8021289387929391e+00  -5.9193959616776883e+00  -1.2360498194844820e+00 #xyz tv0
          -9.3750000000000000e-01  -7.5000000000000000e+00   0.0000000000000000e+00 #xyz tv1
          -9.3750000000000000e-01  -6.5625000000000000e+00   0.0000000000000000e+00 #xyz tv2
          -1.4963420210333811e-02  -8.2500000000000000e+00  -1.0495455803983025e+00 -1 6 #xyz tv3 fid bid
          -9.3750000000000000e-01  -6.5625000000000000e+00   0.0000000000000000e+00 #xyz tv0
           0.0000000000000000e+00  -7.5000000000000000e+00   0.0000000000000000e+00 #xyz tv1
          -9.3750000000000000e-01  -7.5000000000000000e+00   0.0000000000000000e+00 #xyz tv2
          -4.6875000000000000e-01  -7.0312500000000000e+00   3.8100000000000001e-01 -1 6 #xyz tv3 fid bid
           0.0000000000000000e+00  -7.5000000000000000e+00   0.0000000000000000e+00 #xyz tv0
          -9.3750000000000000e-01  -7.5000000000000000e+00   0.0000000000000000e+00 #xyz tv1
          -9.3750000000000000e-01  -6.5625000000000000e+00   0.0000000000000000e+00 8 -1 #xyz tv2 fid bid
           0.0000000000000000e+00  -7.5000000000000000e+00   0.0000000000000000e+00 #xyz tv0
          -9.3750000000000000e-01  -7.5000000000000000e+00   0.0000000000000000e+00 #xyz tv1
          -9.3750000000000000e-01  -6.5625000000000000e+00   0.0000000000000000e+00 76 -1 #xyz tv2 fid bid
           0.0000000000000000e+00  -7.5000000000000000e+00   0.0000000000000000e+00 #xyz tv0
          -9.3750000000000000e-01  -7.5000000000000000e+00   0.0000000000000000e+00 #xyz tv1
          -9.3750000000000000e-01  -6.5625000000000000e+00   0.0000000000000000e+00 112 -1 #xyz tv2 fid bid
          -9.3750000000000000e-01  -7.5000000000000000e+00   0.0000000000000000e+00 #xyz tv0
          -1.8750000000000000e+00  -7.5000000000000000e+00   0.0000000000000000e+00 #xyz tv1
          -9.3750000000000000e-01  -6.5625000000000000e+00   0.0000000000000000e+00 8 -1 #xyz tv2 fid bid
          -9.3750000000000000e-01  -7.5000000000000000e+00   0.0000000000000000e+00 #xyz tv0
          -1.8750000000000000e+00  -7.5000000000000000e+00   0.0000000000000000e+00 #xyz tv1
          -9.3750000000000000e-01  -6.5625000000000000e+00   0.0000000000000000e+00 76 -1 #xyz tv2 fid bid
          -9.3750000000000000e-01  -7.5000000000000000e+00   0.0000000000000000e+00 #xyz tv0
          -1.8750000000000000e+00  -7.5000000000000000e+00   0.0000000000000000e+00 #xyz tv1
          -9.3750000000000000e-01  -6.5625000000000000e+00   0.0000000000000000e+00 112 -1 #xyz tv2 fid bid
          -9.3750000000000000e-01  -7.5000000000000000e+00   0.0000000000000000e+00 #xyz ev0
          -9.3750000000000000e-01  -6.5625000000000000e+00   0.0000000000000000e+00 -1 6 #xyz ev1 fid bid
   0   0.000000000000e+00   0.000000000000e+00   0.000000000000e+00 #flag location
END_ERR 
BEGIN_ERR 
26 Small mesh segment detected on body : Substrate
 Small mesh segment detected on body : Substrate 
 Segment Statistics - Number of Segments : 1 --- Segment length(s) : 1.325825mm. The cutoff frequency for S-Matrix Only Solve is 18.142850278383MHz 
4 -1  8  76  112  # nfids, fids[]
2 6  -1  # nbids, bids[]
      5 6 1 0 #ntets ntri ned npts
          -9.3750000000000000e-01  -7.5000000000000000e+00   9.5250000000000001e-02 #xyz tv0
          -9.3750000000000000e-01  -6.5625000000000000e+00   0.0000000000000000e+00 #xyz tv1
          -1.8750000000000000e+00  -7.5000000000000000e+00   0.0000000000000000e+00 #xyz tv2
          -9.3750000000000000e-01  -7.5000000000000000e+00   0.0000000000000000e+00 -1 6 #xyz tv3 fid bid
          -9.3750000000000000e-01  -7.5000000000000000e+00   9.5250000000000001e-02 #xyz tv0
          -1.8750000000000000e+00  -7.5000000000000000e+00   0.0000000000000000e+00 #xyz tv1
          -9.3750000000000000e-01  -6.5625000000000000e+00   0.0000000000000000e+00 #xyz tv2
          -1.8750000000000000e+00  -7.5000000000000000e+00   1.9050000000000000e-01 -1 6 #xyz tv3 fid bid
          -1.8021289387929391e+00  -5.9193959616776883e+00  -1.2360498194844820e+00 #xyz tv0
          -9.3750000000000000e-01  -6.5625000000000000e+00   0.0000000000000000e+00 #xyz tv1
          -9.3750000000000000e-01  -7.5000000000000000e+00   0.0000000000000000e+00 #xyz tv2
          -1.8750000000000000e+00  -7.5000000000000000e+00   0.0000000000000000e+00 -1 6 #xyz tv3 fid bid
          -1.8750000000000000e+00  -6.5625000000000000e+00   0.0000000000000000e+00 #xyz tv0
          -1.8750000000000000e+00  -7.5000000000000000e+00   1.9050000000000000e-01 #xyz tv1
          -9.3750000000000000e-01  -6.5625000000000000e+00   0.0000000000000000e+00 #xyz tv2
          -1.8750000000000000e+00  -7.5000000000000000e+00   0.0000000000000000e+00 -1 6 #xyz tv3 fid bid
          -1.8750000000000000e+00  -6.5625000000000000e+00   0.0000000000000000e+00 #xyz tv0
          -9.3750000000000000e-01  -6.5625000000000000e+00   0.0000000000000000e+00 #xyz tv1
          -1.8021289387929391e+00  -5.9193959616776883e+00  -1.2360498194844820e+00 #xyz tv2
          -1.8750000000000000e+00  -7.5000000000000000e+00   0.0000000000000000e+00 -1 6 #xyz tv3 fid bid
          -9.3750000000000000e-01  -7.5000000000000000e+00   0.0000000000000000e+00 #xyz tv0
          -1.8750000000000000e+00  -7.5000000000000000e+00   0.0000000000000000e+00 #xyz tv1
          -9.3750000000000000e-01  -6.5625000000000000e+00   0.0000000000000000e+00 8 -1 #xyz tv2 fid bid
          -9.3750000000000000e-01  -7.5000000000000000e+00   0.0000000000000000e+00 #xyz tv0
          -1.8750000000000000e+00  -7.5000000000000000e+00   0.0000000000000000e+00 #xyz tv1
          -9.3750000000000000e-01  -6.5625000000000000e+00   0.0000000000000000e+00 76 -1 #xyz tv2 fid bid
          -9.3750000000000000e-01  -7.5000000000000000e+00   0.0000000000000000e+00 #xyz tv0
          -1.8750000000000000e+00  -7.5000000000000000e+00   0.0000000000000000e+00 #xyz tv1
          -9.3750000000000000e-01  -6.5625000000000000e+00   0.0000000000000000e+00 112 -1 #xyz tv2 fid bid
          -1.8750000000000000e+00  -7.5000000000000000e+00   0.0000000000000000e+00 #xyz tv0
          -1.8750000000000000e+00  -6.5625000000000000e+00   0.0000000000000000e+00 #xyz tv1
          -9.3750000000000000e-01  -6.5625000000000000e+00   0.0000000000000000e+00 8 -1 #xyz tv2 fid bid
          -1.8750000000000000e+00  -7.5000000000000000e+00   0.0000000000000000e+00 #xyz tv0
          -1.8750000000000000e+00  -6.5625000000000000e+00   0.0000000000000000e+00 #xyz tv1
          -9.3750000000000000e-01  -6.5625000000000000e+00   0.0000000000000000e+00 76 -1 #xyz tv2 fid bid
          -1.8750000000000000e+00  -7.5000000000000000e+00   0.0000000000000000e+00 #xyz tv0
          -1.8750000000000000e+00  -6.5625000000000000e+00   0.0000000000000000e+00 #xyz tv1
          -9.3750000000000000e-01  -6.5625000000000000e+00   0.0000000000000000e+00 112 -1 #xyz tv2 fid bid
          -1.8750000000000000e+00  -7.5000000000000000e+00   0.0000000000000000e+00 #xyz ev0
          -9.3750000000000000e-01  -6.5625000000000000e+00   0.0000000000000000e+00 -1 6 #xyz ev1 fid bid
   0   0.000000000000e+00   0.000000000000e+00   0.000000000000e+00 #flag location
END_ERR 
G3dErrFileVersion 2025R1
FlagFileMetaData Begin
   Mesh Size - Setup1, Refinement, Pass #4, Freq. 1.000000e+10 :Title    
   Listing of mesh elements with poor quality. :ToolTip  
   hf3d :Author   
   1779613383 :TimeStamp
   mm :UnitName 
   1.0000000000000000e-03 :UnitConv
FlagFileMetaData End
BEGIN_ERR 
26 Small mesh segment detected on body : Substrate
 Small mesh segment detected on body : Substrate 
 Segment Statistics - Number of Segments : 1 --- Segment length(s) : 0.064918mm. The cutoff frequency for S-Matrix Only Solve is 18.142850278383MHz 
1 -1  # nfids, fids[]
1 6  # nbids, bids[]
      4 0 1 0 #ntets ntri ned npts
          -3.2520872072444362e+00  -3.6334983042198634e+00   1.5240000000000000e+00 #xyz tv0
          -3.2635659512901594e+00  -3.6433201604339729e+00   1.4608647560840273e+00 #xyz tv1
          -3.3384451556220189e+00  -3.5319999999999996e+00   1.5240000000000000e+00 #xyz tv2
          -3.3613608930297687e+00  -3.7376365494525556e+00   1.5240000000000000e+00 -1 6 #xyz tv3 fid bid
          -3.2520872072444362e+00  -3.6334983042198634e+00   1.5240000000000000e+00 #xyz tv0
          -3.3384451556220189e+00  -3.5319999999999996e+00   1.5240000000000000e+00 #xyz tv1
          -3.2635659512901594e+00  -3.6433201604339729e+00   1.4608647560840273e+00 #xyz tv2
          -3.1323233991233423e+00  -3.5319999999999996e+00   1.5240000000000000e+00 -1 6 #xyz tv3 fid bid
          -3.2520872072444362e+00  -3.6334983042198634e+00   1.5240000000000000e+00 #xyz tv0
          -3.1368757508408751e+00  -3.7281327618063749e+00   1.5240000000000000e+00 #xyz tv1
          -3.2635659512901594e+00  -3.6433201604339729e+00   1.4608647560840273e+00 #xyz tv2
          -3.3613608930297687e+00  -3.7376365494525556e+00   1.5240000000000000e+00 -1 6 #xyz tv3 fid bid
          -3.2520872072444362e+00  -3.6334983042198634e+00   1.5240000000000000e+00 #xyz tv0
          -3.2635659512901594e+00  -3.6433201604339729e+00   1.4608647560840273e+00 #xyz tv1
          -3.1368757508408751e+00  -3.7281327618063749e+00   1.5240000000000000e+00 #xyz tv2
          -3.1323233991233423e+00  -3.5319999999999996e+00   1.5240000000000000e+00 -1 6 #xyz tv3 fid bid
          -3.2520872072444362e+00  -3.6334983042198634e+00   1.5240000000000000e+00 #xyz ev0
          -3.2635659512901594e+00  -3.6433201604339729e+00   1.4608647560840273e+00 -1 6 #xyz ev1 fid bid
   0   0.000000000000e+00   0.000000000000e+00   0.000000000000e+00 #flag location
END_ERR 
BEGIN_ERR 
26 Small mesh segment detected on body : Substrate
 Small mesh segment detected on body : Substrate 
 Segment Statistics - Number of Segments : 1 --- Segment length(s) : 0.072869mm. The cutoff frequency for S-Matrix Only Solve is 18.142850278383MHz 
1 -1  # nfids, fids[]
1 6  # nbids, bids[]
      4 0 1 0 #ntets ntri ned npts
          -2.8706414325509968e+00  -3.5934851709716811e+00   1.3801907985264561e+00 #xyz tv0
