G3dErrFileVersion 2025R1
FlagFileMetaData Begin
   Mesh Size - Setup1, Refinement, Pass #1, Freq. 1.100000e+10 :Title    
   Listing of mesh elements with poor quality. :ToolTip  
   hf3d :Author   
   1768245531 :TimeStamp
   mm :UnitName 
   1.0000000000000000e-03 :UnitConv
FlagFileMetaData End
BEGIN_ERR 
26 Small mesh segment detected on body : Substrate
 Small mesh segment detected on body : Substrate 
 Segment Statistics - Number of Segments : 1 --- Segment length(s) : 0.625000mm. The cutoff frequency for S-Matrix Only Solve is 18.142850278383MHz 
4 -1  8  76  112  # nfids, fids[]
2 6  -1  # nbids, bids[]
      5 6 1 0 #ntets ntri ned npts
          -6.2500000000000000e-01   5.0000000000000000e+00   0.0000000000000000e+00 #xyz tv0
          -1.2500000000000000e+00   5.0000000000000000e+00   1.9050000000000000e-01 #xyz tv1
          -6.2500000000000000e-01   4.3750000000000000e+00   0.0000000000000000e+00 #xyz tv2
          -1.2500000000000000e+00   5.0000000000000000e+00   0.0000000000000000e+00 -1 6 #xyz tv3 fid bid
          -6.2500000000000000e-01   5.0000000000000000e+00   0.0000000000000000e+00 #xyz tv0
          -6.2500000000000000e-01   5.0000000000000000e+00   4.7625000000000001e-01 #xyz tv1
          -6.2500000000000000e-01   4.3750000000000000e+00   0.0000000000000000e+00 #xyz tv2
          -1.2500000000000000e+00   5.0000000000000000e+00   1.9050000000000000e-01 -1 6 #xyz tv3 fid bid
          -6.2500000000000000e-01   5.0000000000000000e+00   0.0000000000000000e+00 #xyz tv0
          -6.2500000000000000e-01   4.3750000000000000e+00   0.0000000000000000e+00 #xyz tv1
          -2.1825396825396831e-01   5.5000000000000000e+00  -2.4717828176229624e+00 #xyz tv2
          -1.2500000000000000e+00   5.0000000000000000e+00   0.0000000000000000e+00 -1 6 #xyz tv3 fid bid
          -6.2500000000000000e-01   5.0000000000000000e+00   0.0000000000000000e+00 #xyz tv0
          -6.2500000000000000e-01   4.3750000000000000e+00   0.0000000000000000e+00 #xyz tv1
          -6.2500000000000000e-01   5.0000000000000000e+00   4.7625000000000001e-01 #xyz tv2
           0.0000000000000000e+00   5.0000000000000000e+00   0.0000000000000000e+00 -1 6 #xyz tv3 fid bid
          -6.2500000000000000e-01   5.0000000000000000e+00   0.0000000000000000e+00 #xyz tv0
          -2.1825396825396831e-01   5.5000000000000000e+00  -2.4717828176229624e+00 #xyz tv1
          -6.2500000000000000e-01   4.3750000000000000e+00   0.0000000000000000e+00 #xyz tv2
           0.0000000000000000e+00   5.0000000000000000e+00   0.0000000000000000e+00 -1 6 #xyz tv3 fid bid
          -1.2500000000000000e+00   5.0000000000000000e+00   0.0000000000000000e+00 #xyz tv0
          -6.2500000000000000e-01   5.0000000000000000e+00   0.0000000000000000e+00 #xyz tv1
          -6.2500000000000000e-01   4.3750000000000000e+00   0.0000000000000000e+00 8 -1 #xyz tv2 fid bid
          -1.2500000000000000e+00   5.0000000000000000e+00   0.0000000000000000e+00 #xyz tv0
          -6.2500000000000000e-01   5.0000000000000000e+00   0.0000000000000000e+00 #xyz tv1
          -6.2500000000000000e-01   4.3750000000000000e+00   0.0000000000000000e+00 76 -1 #xyz tv2 fid bid
          -1.2500000000000000e+00   5.0000000000000000e+00   0.0000000000000000e+00 #xyz tv0
          -6.2500000000000000e-01   5.0000000000000000e+00   0.0000000000000000e+00 #xyz tv1
          -6.2500000000000000e-01   4.3750000000000000e+00   0.0000000000000000e+00 112 -1 #xyz tv2 fid bid
          -6.2500000000000000e-01   5.0000000000000000e+00   0.0000000000000000e+00 #xyz tv0
           0.0000000000000000e+00   5.0000000000000000e+00   0.0000000000000000e+00 #xyz tv1
          -6.2500000000000000e-01   4.3750000000000000e+00   0.0000000000000000e+00 8 -1 #xyz tv2 fid bid
          -6.2500000000000000e-01   5.0000000000000000e+00   0.0000000000000000e+00 #xyz tv0
           0.0000000000000000e+00   5.0000000000000000e+00   0.0000000000000000e+00 #xyz tv1
          -6.2500000000000000e-01   4.3750000000000000e+00   0.0000000000000000e+00 76 -1 #xyz tv2 fid bid
          -6.2500000000000000e-01   5.0000000000000000e+00   0.0000000000000000e+00 #xyz tv0
           0.0000000000000000e+00   5.0000000000000000e+00   0.0000000000000000e+00 #xyz tv1
          -6.2500000000000000e-01   4.3750000000000000e+00   0.0000000000000000e+00 112 -1 #xyz tv2 fid bid
          -6.2500000000000000e-01   5.0000000000000000e+00   0.0000000000000000e+00 #xyz ev0
          -6.2500000000000000e-01   4.3750000000000000e+00   0.0000000000000000e+00 -1 6 #xyz ev1 fid bid
   0   0.000000000000e+00   0.000000000000e+00   0.000000000000e+00 #flag location
END_ERR 
G3dErrFileVersion 2025R1
FlagFileMetaData Begin
   Mesh Size - Setup1, Refinement, Pass #2, Freq. 1.100000e+10 :Title    
   Listing of mesh elements with poor quality. :ToolTip  
   hf3d :Author   
   1768245537 :TimeStamp
   mm :UnitName 
   1.0000000000000000e-03 :UnitConv
FlagFileMetaData End
BEGIN_ERR 
26 Small mesh segment detected on body : Substrate
 Small mesh segment detected on body : Substrate 
 Segment Statistics - Number of Segments : 1 --- Segment length(s) : 0.625000mm. The cutoff frequency for S-Matrix Only Solve is 18.142850278383MHz 
4 -1  8  76  112  # nfids, fids[]
2 6  -1  # nbids, bids[]
      5 6 1 0 #ntets ntri ned npts
          -6.2500000000000000e-01   5.0000000000000000e+00   0.0000000000000000e+00 #xyz tv0
          -1.2500000000000000e+00   5.0000000000000000e+00   1.9050000000000000e-01 #xyz tv1
          -6.2500000000000000e-01   4.3750000000000000e+00   0.0000000000000000e+00 #xyz tv2
          -1.2500000000000000e+00   5.0000000000000000e+00   0.0000000000000000e+00 -1 6 #xyz tv3 fid bid
          -6.2500000000000000e-01   5.0000000000000000e+00   0.0000000000000000e+00 #xyz tv0
          -6.2500000000000000e-01   5.0000000000000000e+00   4.7625000000000001e-01 #xyz tv1
          -6.2500000000000000e-01   4.3750000000000000e+00   0.0000000000000000e+00 #xyz tv2
          -1.2500000000000000e+00   5.0000000000000000e+00   1.9050000000000000e-01 -1 6 #xyz tv3 fid bid
          -6.2500000000000000e-01   5.0000000000000000e+00   0.0000000000000000e+00 #xyz tv0
          -6.2500000000000000e-01   4.3750000000000000e+00   0.0000000000000000e+00 #xyz tv1
          -2.1825396825396831e-01   5.5000000000000000e+00  -2.4717828176229624e+00 #xyz tv2
          -1.2500000000000000e+00   5.0000000000000000e+00   0.0000000000000000e+00 -1 6 #xyz tv3 fid bid
          -6.2500000000000000e-01   5.0000000000000000e+00   0.0000000000000000e+00 #xyz tv0
          -6.2500000000000000e-01   4.3750000000000000e+00   0.0000000000000000e+00 #xyz tv1
          -6.2500000000000000e-01   5.0000000000000000e+00   4.7625000000000001e-01 #xyz tv2
           0.0000000000000000e+00   5.0000000000000000e+00   0.0000000000000000e+00 -1 6 #xyz tv3 fid bid
          -6.2500000000000000e-01   5.0000000000000000e+00   0.0000000000000000e+00 #xyz tv0
          -2.1825396825396831e-01   5.5000000000000000e+00  -2.4717828176229624e+00 #xyz tv1
          -6.2500000000000000e-01   4.3750000000000000e+00   0.0000000000000000e+00 #xyz tv2
           0.0000000000000000e+00   5.0000000000000000e+00   0.0000000000000000e+00 -1 6 #xyz tv3 fid bid
          -1.2500000000000000e+00   5.0000000000000000e+00   0.0000000000000000e+00 #xyz tv0
          -6.2500000000000000e-01   5.0000000000000000e+00   0.0000000000000000e+00 #xyz tv1
          -6.2500000000000000e-01   4.3750000000000000e+00   0.0000000000000000e+00 8 -1 #xyz tv2 fid bid
          -1.2500000000000000e+00   5.0000000000000000e+00   0.0000000000000000e+00 #xyz tv0
          -6.2500000000000000e-01   5.0000000000000000e+00   0.0000000000000000e+00 #xyz tv1
          -6.2500000000000000e-01   4.3750000000000000e+00   0.0000000000000000e+00 76 -1 #xyz tv2 fid bid
          -1.2500000000000000e+00   5.0000000000000000e+00   0.0000000000000000e+00 #xyz tv0
          -6.2500000000000000e-01   5.0000000000000000e+00   0.0000000000000000e+00 #xyz tv1
          -6.2500000000000000e-01   4.3750000000000000e+00   0.0000000000000000e+00 112 -1 #xyz tv2 fid bid
          -6.2500000000000000e-01   5.0000000000000000e+00   0.0000000000000000e+00 #xyz tv0
           0.0000000000000000e+00   5.0000000000000000e+00   0.0000000000000000e+00 #xyz tv1
          -6.2500000000000000e-01   4.3750000000000000e+00   0.0000000000000000e+00 8 -1 #xyz tv2 fid bid
          -6.2500000000000000e-01   5.0000000000000000e+00   0.0000000000000000e+00 #xyz tv0
           0.0000000000000000e+00   5.0000000000000000e+00   0.0000000000000000e+00 #xyz tv1
          -6.2500000000000000e-01   4.3750000000000000e+00   0.0000000000000000e+00 76 -1 #xyz tv2 fid bid
          -6.2500000000000000e-01   5.0000000000000000e+00   0.0000000000000000e+00 #xyz tv0
           0.0000000000000000e+00   5.0000000000000000e+00   0.0000000000000000e+00 #xyz tv1
          -6.2500000000000000e-01   4.3750000000000000e+00   0.0000000000000000e+00 112 -1 #xyz tv2 fid bid
          -6.2500000000000000e-01   5.0000000000000000e+00   0.0000000000000000e+00 #xyz ev0
          -6.2500000000000000e-01   4.3750000000000000e+00   0.0000000000000000e+00 -1 6 #xyz ev1 fid bid
   0   0.000000000000e+00   0.000000000000e+00   0.000000000000e+00 #flag location
END_ERR 
G3dErrFileVersion 2025R1
FlagFileMetaData Begin
   Mesh Size - Setup1, Refinement, Pass #3, Freq. 1.100000e+10 :Title    
   Listing of mesh elements with poor quality. :ToolTip  
   hf3d :Author   
   1768245544 :TimeStamp
   mm :UnitName 
   1.0000000000000000e-03 :UnitConv
FlagFileMetaData End
BEGIN_ERR 
26 Small mesh segment detected on body : Substrate
 Small mesh segment detected on body : Substrate 
 Segment Statistics - Number of Segments : 1 --- Segment length(s) : 0.883883mm. The cutoff frequency for S-Matrix Only Solve is 18.142850278383MHz 
4 -1  8  76  112  # nfids, fids[]
2 6  -1  # nbids, bids[]
      5 6 1 0 #ntets ntri ned npts
           1.8750000000000000e+00  -5.0000000000000000e+00   0.0000000000000000e+00 #xyz tv0
           1.8750000000000000e+00  -5.0000000000000000e+00   1.9050000000000000e-01 #xyz tv1
           1.8750000000000000e+00  -4.3750000000000000e+00   0.0000000000000000e+00 #xyz tv2
           2.5000000000000000e+00  -5.0000000000000000e+00   0.0000000000000000e+00 -1 6 #xyz tv3 fid bid
           1.8750000000000000e+00  -5.0000000000000000e+00   1.9050000000000000e-01 #xyz tv0
           2.5000000000000000e+00  -5.0000000000000000e+00   7.6200000000000001e-01 #xyz tv1
           1.8750000000000000e+00  -4.3750000000000000e+00   0.0000000000000000e+00 #xyz tv2
           2.5000000000000000e+00  -5.0000000000000000e+00   0.0000000000000000e+00 -1 6 #xyz tv3 fid bid
           1.8750000000000000e+00  -5.0000000000000000e+00   0.0000000000000000e+00 #xyz tv0
           1.8750000000000000e+00  -4.3750000000000000e+00   0.0000000000000000e+00 #xyz tv1
           2.1713330616989914e+00  -5.5000000000000000e+00  -2.4224576512407339e+00 #xyz tv2
           2.5000000000000000e+00  -5.0000000000000000e+00   0.0000000000000000e+00 -1 6 #xyz tv3 fid bid
           1.8750000000000000e+00  -4.3750000000000000e+00   0.0000000000000000e+00 #xyz tv0
           2.5000000000000000e+00  -5.0000000000000000e+00   7.6200000000000001e-01 #xyz tv1
           2.5000000000000000e+00  -4.3750000000000000e+00   0.0000000000000000e+00 #xyz tv2
           2.5000000000000000e+00  -5.0000000000000000e+00   0.0000000000000000e+00 -1 6 #xyz tv3 fid bid
           2.5000000000000000e+00  -4.3750000000000000e+00   0.0000000000000000e+00 #xyz tv0
           2.1713330616989914e+00  -5.5000000000000000e+00  -2.4224576512407339e+00 #xyz tv1
           1.8750000000000000e+00  -4.3750000000000000e+00   0.0000000000000000e+00 #xyz tv2
           2.5000000000000000e+00  -5.0000000000000000e+00   0.0000000000000000e+00 -1 6 #xyz tv3 fid bid
           2.5000000000000000e+00  -4.3750000000000000e+00   0.0000000000000000e+00 #xyz tv0
           2.5000000000000000e+00  -5.0000000000000000e+00   0.0000000000000000e+00 #xyz tv1
           1.8750000000000000e+00  -4.3750000000000000e+00   0.0000000000000000e+00 8 -1 #xyz tv2 fid bid
           2.5000000000000000e+00  -4.3750000000000000e+00   0.0000000000000000e+00 #xyz tv0
           2.5000000000000000e+00  -5.0000000000000000e+00   0.0000000000000000e+00 #xyz tv1
           1.8750000000000000e+00  -4.3750000000000000e+00   0.0000000000000000e+00 76 -1 #xyz tv2 fid bid
           2.5000000000000000e+00  -4.3750000000000000e+00   0.0000000000000000e+00 #xyz tv0
           2.5000000000000000e+00  -5.0000000000000000e+00   0.0000000000000000e+00 #xyz tv1
           1.8750000000000000e+00  -4.3750000000000000e+00   0.0000000000000000e+00 112 -1 #xyz tv2 fid bid
           2.5000000000000000e+00  -5.0000000000000000e+00   0.0000000000000000e+00 #xyz tv0
           1.8750000000000000e+00  -5.0000000000000000e+00   0.0000000000000000e+00 #xyz tv1
           1.8750000000000000e+00  -4.3750000000000000e+00   0.0000000000000000e+00 8 -1 #xyz tv2 fid bid
           2.5000000000000000e+00  -5.0000000000000000e+00   0.0000000000000000e+00 #xyz tv0
           1.8750000000000000e+00  -5.0000000000000000e+00   0.0000000000000000e+00 #xyz tv1
           1.8750000000000000e+00  -4.3750000000000000e+00   0.0000000000000000e+00 76 -1 #xyz tv2 fid bid
           2.5000000000000000e+00  -5.0000000000000000e+00   0.0000000000000000e+00 #xyz tv0
           1.8750000000000000e+00  -5.0000000000000000e+00   0.0000000000000000e+00 #xyz tv1
           1.8750000000000000e+00  -4.3750000000000000e+00   0.0000000000000000e+00 112 -1 #xyz tv2 fid bid
           2.5000000000000000e+00  -5.0000000000000000e+00   0.0000000000000000e+00 #xyz ev0
           1.8750000000000000e+00  -4.3750000000000000e+00   0.0000000000000000e+00 -1 6 #xyz ev1 fid bid
   0   0.000000000000e+00   0.000000000000e+00   0.000000000000e+00 #flag location
END_ERR 
BEGIN_ERR 
26 Small mesh segment detected on body : Substrate
 Small mesh segment detected on body : Substrate 
 Segment Statistics - Number of Segments : 1 --- Segment length(s) : 0.625000mm. The cutoff frequency for S-Matrix Only Solve is 18.142850278383MHz 
4 -1  8  76  112  # nfids, fids[]
2 6  -1  # nbids, bids[]
      5 6 1 0 #ntets ntri ned npts
          -5.0000000000000000e+00   3.1250000000000000e+00   9.5250000000000001e-02 #xyz tv0
          -5.0000000000000000e+00   3.1250000000000000e+00   0.0000000000000000e+00 #xyz tv1
          -4.3750000000000000e+00   3.1250000000000000e+00   0.0000000000000000e+00 #xyz tv2
          -5.0000000000000000e+00   3.7500000000000000e+00   1.9050000000000000e-01 -1 6 #xyz tv3 fid bid
          -5.0000000000000000e+00   3.1250000000000000e+00   9.5250000000000001e-02 #xyz tv0
          -4.3750000000000000e+00   3.1250000000000000e+00   0.0000000000000000e+00 #xyz tv1
          -5.0000000000000000e+00   3.1250000000000000e+00   0.0000000000000000e+00 #xyz tv2
          -5.0000000000000000e+00   2.5000000000000000e+00   0.0000000000000000e+00 -1 6 #xyz tv3 fid bid
          -5.0000000000000000e+00   3.1250000000000000e+00   0.0000000000000000e+00 #xyz tv0
          -4.3750000000000000e+00   3.1250000000000000e+00   0.0000000000000000e+00 #xyz tv1
          -5.0000000000000000e+00   3.7500000000000000e+00   1.9050000000000000e-01 #xyz tv2
          -5.0000000000000000e+00   3.7500000000000000e+00   0.0000000000000000e+00 -1 6 #xyz tv3 fid bid
          -5.0000000000000000e+00   3.1250000000000000e+00   0.0000000000000000e+00 #xyz tv0
          -4.3750000000000000e+00   3.1250000000000000e+00   0.0000000000000000e+00 #xyz tv1
          -5.5000000000000000e+00   2.7273988480011058e+00  -2.7109646798476184e+00 #xyz tv2
          -5.0000000000000000e+00   2.5000000000000000e+00   0.0000000000000000e+00 -1 6 #xyz tv3 fid bid
          -5.0000000000000000e+00   3.1250000000000000e+00   0.0000000000000000e+00 #xyz tv0
          -5.5000000000000000e+00   2.7273988480011058e+00  -2.7109646798476184e+00 #xyz tv1
          -4.3750000000000000e+00   3.1250000000000000e+00   0.0000000000000000e+00 #xyz tv2
          -5.0000000000000000e+00   3.7500000000000000e+00   0.0000000000000000e+00 -1 6 #xyz tv3 fid bid
          -5.0000000000000000e+00   2.5000000000000000e+00   0.0000000000000000e+00 #xyz tv0
          -5.0000000000000000e+00   3.1250000000000000e+00   0.0000000000000000e+00 #xyz tv1
          -4.3750000000000000e+00   3.1250000000000000e+00   0.0000000000000000e+00 8 -1 #xyz tv2 fid bid
          -5.0000000000000000e+00   2.5000000000000000e+00   0.0000000000000000e+00 #xyz tv0
          -5.0000000000000000e+00   3.1250000000000000e+00   0.0000000000000000e+00 #xyz tv1
          -4.3750000000000000e+00   3.1250000000000000e+00   0.0000000000000000e+00 76 -1 #xyz tv2 fid bid
          -5.0000000000000000e+00   2.5000000000000000e+00   0.0000000000000000e+00 #xyz tv0
          -5.0000000000000000e+00   3.1250000000000000e+00   0.0000000000000000e+00 #xyz tv1
          -4.3750000000000000e+00   3.1250000000000000e+00   0.0000000000000000e+00 112 -1 #xyz tv2 fid bid
          -5.0000000000000000e+00   3.1250000000000000e+00   0.0000000000000000e+00 #xyz tv0
          -5.0000000000000000e+00   3.7500000000000000e+00   0.0000000000000000e+00 #xyz tv1
          -4.3750000000000000e+00   3.1250000000000000e+00   0.0000000000000000e+00 8 -1 #xyz tv2 fid bid
          -5.0000000000000000e+00   3.1250000000000000e+00   0.0000000000000000e+00 #xyz tv0
          -5.0000000000000000e+00   3.7500000000000000e+00   0.0000000000000000e+00 #xyz tv1
          -4.3750000000000000e+00   3.1250000000000000e+00   0.0000000000000000e+00 76 -1 #xyz tv2 fid bid
          -5.0000000000000000e+00   3.1250000000000000e+00   0.0000000000000000e+00 #xyz tv0
          -5.0000000000000000e+00   3.7500000000000000e+00   0.0000000000000000e+00 #xyz tv1
          -4.3750000000000000e+00   3.1250000000000000e+00   0.0000000000000000e+00 112 -1 #xyz tv2 fid bid
          -5.0000000000000000e+00   3.1250000000000000e+00   0.0000000000000000e+00 #xyz ev0
          -4.3750000000000000e+00   3.1250000000000000e+00   0.0000000000000000e+00 -1 6 #xyz ev1 fid bid
   0   0.000000000000e+00   0.000000000000e+00   0.000000000000e+00 #flag location
END_ERR 
G3dErrFileVersion 2025R1
FlagFileMetaData Begin
   Mesh Size - Setup1, Refinement, Pass #4, Freq. 1.100000e+10 :Title    
   Listing of mesh elements with poor quality. :ToolTip  
   hf3d :Author   
   1768245555 :TimeStamp
   mm :UnitName 
   1.0000000000000000e-03 :UnitConv
FlagFileMetaData End
BEGIN_ERR 
26 Small mesh segment detected on body : Substrate
 Small mesh segment detected on body : Substrate 
 Segment Statistics - Number of Segments : 1 --- Segment length(s) : 0.087893mm. The cutoff frequency for S-Matrix Only Solve is 18.142850278383MHz 
1 -1  # nfids, fids[]
1 6  # nbids, bids[]
      5 0 1 0 #ntets ntri ned npts
           3.2069763814238779e+00  -3.4137352360004605e+00   1.3791319169982339e+00 #xyz tv0
           3.3325856842157604e+00  -3.2453745212293663e+00   1.4167328248718554e+00 #xyz tv1
           3.2470137039150888e+00  -3.2257165000191792e+00   1.4127040792924732e+00 #xyz tv2
           3.3370187136109442e+00  -3.3124745253344878e+00   1.3094656497437103e+00 -1 6 #xyz tv3 fid bid
           3.2069763814238779e+00  -3.4137352360004605e+00   1.3791319169982339e+00 #xyz tv0
           3.2470137039150888e+00  -3.2257165000191792e+00   1.4127040792924732e+00 #xyz tv1
           3.3325856842157604e+00  -3.2453745212293663e+00   1.4167328248718554e+00 #xyz tv2
           3.3088032167175774e+00  -3.3610581132779060e+00   1.5240000000000000e+00 -1 6 #xyz tv3 fid bid
           3.3325856842157604e+00  -3.2453745212293663e+00   1.4167328248718554e+00 #xyz tv0
           3.3501765991737336e+00  -3.1088336625541095e+00   1.3721309542375495e+00 #xyz tv1
           3.2470137039150888e+00  -3.2257165000191792e+00   1.4127040792924732e+00 #xyz tv2
           3.3370187136109442e+00  -3.3124745253344878e+00   1.3094656497437103e+00 -1 6 #xyz tv3 fid bid
           3.3325856842157604e+00  -3.2453745212293663e+00   1.4167328248718554e+00 #xyz tv0
           3.3088032167175774e+00  -3.3610581132779060e+00   1.5240000000000000e+00 #xyz tv1
           3.2470137039150888e+00  -3.2257165000191792e+00   1.4127040792924732e+00 #xyz tv2
           3.3281526548205775e+00  -3.1782745171242448e+00   1.5240000000000000e+00 -1 6 #xyz tv3 fid bid
           3.3325856842157604e+00  -3.2453745212293663e+00   1.4167328248718554e+00 #xyz tv0
           3.2470137039150888e+00  -3.2257165000191792e+00   1.4127040792924732e+00 #xyz tv1
           3.3501765991737336e+00  -3.1088336625541095e+00   1.3721309542375495e+00 #xyz tv2
           3.3281526548205775e+00  -3.1782745171242448e+00   1.5240000000000000e+00 -1 6 #xyz tv3 fid bid
           3.3325856842157604e+00  -3.2453745212293663e+00   1.4167328248718554e+00 #xyz ev0
           3.2470137039150888e+00  -3.2257165000191792e+00   1.4127040792924732e+00 -1 6 #xyz ev1 fid bid
   0   0.000000000000e+00   0.000000000000e+00   0.000000000000e+00 #flag location
END_ERR 
BEGIN_ERR 
26 Small mesh segment detected on body : Substrate
 Small mesh segment detected on body : Substrate 
 Segment Statistics - Number of Segments : 1 --- Segment length(s) : 0.090744mm. The cutoff frequency for S-Matrix Only Solve is 18.142850278383MHz 
1 -1  # nfids, fids[]
1 6  # nbids, bids[]
      5 0 1 0 #ntets ntri ned npts
          -3.1246448645202678e+00  -3.0472222653048915e+00   1.3915830387261210e+00 #xyz tv0
          -3.0348322433658099e+00  -3.1910555056068848e+00   1.4469739599308435e+00 #xyz tv1
          -3.1091010707049791e+00  -3.2397771301331275e+00   1.4284046563095791e+00 #xyz tv2
          -3.1510000000000002e+00  -3.1510000000000002e+00   1.5240000000000000e+00 -1 6 #xyz tv3 fid bid
          -3.1246448645202678e+00  -3.0472222653048915e+00   1.3915830387261210e+00 #xyz tv0
          -3.1091010707049791e+00  -3.2397771301331275e+00   1.4284046563095791e+00 #xyz tv1
          -3.0348322433658099e+00  -3.1910555056068848e+00   1.4469739599308435e+00 #xyz tv2
          -3.0368360397576906e+00  -3.2169110700274111e+00   1.3489253732625850e+00 -1 6 #xyz tv3 fid bid
          -3.0348322433658099e+00  -3.1910555056068848e+00   1.4469739599308435e+00 #xyz tv0
          -3.1510000000000002e+00  -3.1510000000000002e+00   1.5240000000000000e+00 #xyz tv1
          -3.0547992703945859e+00  -3.2924007541506191e+00   1.5240000000000000e+00 #xyz tv2
          -3.1091010707049791e+00  -3.2397771301331275e+00   1.4284046563095791e+00 -1 6 #xyz tv3 fid bid
          -3.0348322433658099e+00  -3.1910555056068848e+00   1.4469739599308435e+00 #xyz tv0
          -2.9366605779816619e+00  -3.2752508652793639e+00   1.4192866785071183e+00 #xyz tv1
          -3.0368360397576906e+00  -3.2169110700274111e+00   1.3489253732625850e+00 #xyz tv2
          -3.1091010707049791e+00  -3.2397771301331275e+00   1.4284046563095791e+00 -1 6 #xyz tv3 fid bid
          -3.0348322433658099e+00  -3.1910555056068848e+00   1.4469739599308435e+00 #xyz tv0
          -3.0547992703945859e+00  -3.2924007541506191e+00   1.5240000000000000e+00 #xyz tv1
          -2.9366605779816619e+00  -3.2752508652793639e+00   1.4192866785071183e+00 #xyz tv2
          -3.1091010707049791e+00  -3.2397771301331275e+00   1.4284046563095791e+00 -1 6 #xyz tv3 fid bid
          -3.1091010707049791e+00  -3.2397771301331275e+00   1.4284046563095791e+00 #xyz ev0
          -3.0348322433658099e+00  -3.1910555056068848e+00   1.4469739599308435e+00 -1 6 #xyz ev1 fid bid
   0   0.000000000000e+00   0.000000000000e+00   0.000000000000e+00 #flag location
END_ERR 
G3dErrFileVersion 2025R1
FlagFileMetaData Begin
   Mesh Size - Setup1, Refinement, Pass #5, Freq. 1.100000e+10 :Title    
   Listing of mesh elements with poor quality. :ToolTip  
   hf3d :Author   
   1768245570 :TimeStamp
   mm :UnitName 
   1.0000000000000000e-03 :UnitConv
FlagFileMetaData End
BEGIN_ERR 
26 Small mesh segment detected on body : Substrate
 Small mesh segment detected on body : Substrate 
 Segment Statistics - Number of Segments : 1 --- Segment length(s) : 0.074752mm. The cutoff frequency for S-Matrix Only Solve is 18.142850278383MHz 
1 -1  # nfids, fids[]
1 6  # nbids, bids[]
      5 0 1 0 #ntets ntri ned npts
           3.1846331727925921e+00   3.1592159801220396e+00   1.4298071172825730e+00 #xyz tv0
           3.2577280449661181e+00   3.1669347891286623e+00   1.4434265538359876e+00 #xyz tv1
           3.2354174472774719e+00   3.0334539599828654e+00   1.4282769343706279e+00 #xyz tv2
           3.1510000000000002e+00   3.1510000000000002e+00   1.5240000000000000e+00 -1 6 #xyz tv3 fid bid
           3.1846331727925921e+00   3.1592159801220396e+00   1.4298071172825730e+00 #xyz tv0
           3.2354174472774719e+00   3.0334539599828654e+00   1.4282769343706279e+00 #xyz tv1
           3.2577280449661181e+00   3.1669347891286623e+00   1.4434265538359876e+00 #xyz tv2
           3.2115050862583479e+00   3.1164287479465598e+00   1.3345069529781659e+00 -1 6 #xyz tv3 fid bid
           3.1846331727925921e+00   3.1592159801220396e+00   1.4298071172825730e+00 #xyz tv0
           3.2203697662611295e+00   3.2346666711105705e+00   1.5240000000000000e+00 #xyz tv1
           3.2577280449661181e+00   3.1669347891286623e+00   1.4434265538359876e+00 #xyz tv2
           3.1510000000000002e+00   3.1510000000000002e+00   1.5240000000000000e+00 -1 6 #xyz tv3 fid bid
           3.1846331727925921e+00   3.1592159801220396e+00   1.4298071172825730e+00 #xyz tv0
           3.2115050862583479e+00   3.1164287479465598e+00   1.3345069529781659e+00 #xyz tv1
           3.2577280449661181e+00   3.1669347891286623e+00   1.4434265538359876e+00 #xyz tv2
           3.2237493261745458e+00   3.2400863679773133e+00   1.3634280034118329e+00 -1 6 #xyz tv3 fid bid
           3.1846331727925921e+00   3.1592159801220396e+00   1.4298071172825730e+00 #xyz tv0
           3.2577280449661181e+00   3.1669347891286623e+00   1.4434265538359876e+00 #xyz tv1
           3.2203697662611295e+00   3.2346666711105705e+00   1.5240000000000000e+00 #xyz tv2
           3.2237493261745458e+00   3.2400863679773133e+00   1.3634280034118329e+00 -1 6 #xyz tv3 fid bid
           3.2577280449661181e+00   3.1669347891286623e+00   1.4434265538359876e+00 #xyz ev0
           3.1846331727925921e+00   3.1592159801220396e+00   1.4298071172825730e+00 -1 6 #xyz ev1 fid bid
   0   0.000000000000e+00   0.000000000000e+00   0.000000000000e+00 #flag location
END_ERR 
BEGIN_ERR 
26 Small mesh segment detected on body : Substrate
 Small mesh segment detected on body : Substrate 
 Segment Statistics - Number of Segments : 1 --- Segment length(s) : 0.075256mm. The cutoff frequency for S-Matrix Only Solve is 18.142850278383MHz 
1 -1  # nfids, fids[]
1 6  # nbids, bids[]
      6 0 1 0 #ntets ntri ned npts
          -2.7854798562220762e-01  -3.2842858539047928e+00   1.4425930865791070e+00 #xyz tv0
          -1.8334816869627685e-01  -3.1510000000000002e+00   1.5240000000000000e+00 #xyz tv1
          -3.9977205373230396e-01  -3.1510000000000002e+00   1.5240000000000000e+00 #xyz tv2
          -3.2102793619423120e-01  -3.2315671017851360e+00   1.4097352853437579e+00 -1 6 #xyz tv3 fid bid
          -4.0193527785330319e-01  -3.2997192010819534e+00   1.4562573432924240e+00 #xyz tv0
          -2.7854798562220762e-01  -3.2842858539047928e+00   1.4425930865791070e+00 #xyz tv1
          -3.9977205373230396e-01  -3.1510000000000002e+00   1.5240000000000000e+00 #xyz tv2
          -3.2102793619423120e-01  -3.2315671017851360e+00   1.4097352853437579e+00 -1 6 #xyz tv3 fid bid
          -2.7854798562220762e-01  -3.2842858539047928e+00   1.4425930865791070e+00 #xyz tv0
          -1.2319952779343211e-01  -3.2250259300895627e+00   1.4196417118676963e+00 #xyz tv1
          -1.8334816869627685e-01  -3.1510000000000002e+00   1.5240000000000000e+00 #xyz tv2
          -3.2102793619423120e-01  -3.2315671017851360e+00   1.4097352853437579e+00 -1 6 #xyz tv3 fid bid
          -2.7854798562220762e-01  -3.2842858539047928e+00   1.4425930865791070e+00 #xyz tv0
          -4.0193527785330319e-01  -3.2997192010819534e+00   1.4562573432924240e+00 #xyz tv1
          -4.0170812670227135e-01  -3.3240713766017853e+00   1.3107093182205189e+00 #xyz tv2
          -3.2102793619423120e-01  -3.2315671017851360e+00   1.4097352853437579e+00 -1 6 #xyz tv3 fid bid
          -2.7854798562220762e-01  -3.2842858539047928e+00   1.4425930865791070e+00 #xyz tv0
          -1.8431884707607527e-01  -3.3231330201938367e+00   1.3219898170837356e+00 #xyz tv1
          -1.2319952779343211e-01  -3.2250259300895627e+00   1.4196417118676963e+00 #xyz tv2
          -3.2102793619423120e-01  -3.2315671017851360e+00   1.4097352853437579e+00 -1 6 #xyz tv3 fid bid
          -2.7854798562220762e-01  -3.2842858539047928e+00   1.4425930865791070e+00 #xyz tv0
          -4.0170812670227135e-01  -3.3240713766017853e+00   1.3107093182205189e+00 #xyz tv1
          -1.8431884707607527e-01  -3.3231330201938367e+00   1.3219898170837356e+00 #xyz tv2
          -3.2102793619423120e-01  -3.2315671017851360e+00   1.4097352853437579e+00 -1 6 #xyz tv3 fid bid
          -3.2102793619423120e-01  -3.2315671017851360e+00   1.4097352853437579e+00 #xyz ev0
          -2.7854798562220762e-01  -3.2842858539047928e+00   1.4425930865791070e+00 -1 6 #xyz ev1 fid bid
   0   0.000000000000e+00   0.000000000000e+00   0.000000000000e+00 #flag location
END_ERR 
BEGIN_ERR 
26 Small mesh segment detected on body : Substrate
 Small mesh segment detected on body : Substrate 
 Segment Statistics - Number of Segments : 1 --- Segment length(s) : 0.084337mm. The cutoff frequency for S-Matrix Only Solve is 18.142850278383MHz 
1 -1  # nfids, fids[]
1 6  # nbids, bids[]
      5 0 1 0 #ntets ntri ned npts
           1.4122062887812388e+00  -3.3623250663107718e+00   1.4450972838314078e+00 #xyz tv0
           1.5329635736569767e+00  -3.1510000000000002e+00   1.5240000000000000e+00 #xyz tv1
           1.3824435531590931e+00  -3.3611990853119331e+00   1.5240000000000000e+00 #xyz tv2
           1.2805034955508896e+00  -3.1510000000000002e+00   1.5240000000000000e+00 -1 6 #xyz tv3 fid bid
           1.2805034955508896e+00  -3.1510000000000002e+00   1.5240000000000000e+00 #xyz tv0
           1.2454463356855339e+00  -3.4043106526660321e+00   1.3923333473131643e+00 #xyz tv1
           1.3824435531590931e+00  -3.3611990853119331e+00   1.5240000000000000e+00 #xyz tv2
           1.4122062887812388e+00  -3.3623250663107718e+00   1.4450972838314078e+00 -1 6 #xyz tv3 fid bid
           1.4122062887812388e+00  -3.3623250663107718e+00   1.4450972838314078e+00 #xyz tv0
           1.3824435531590931e+00  -3.3611990853119331e+00   1.5240000000000000e+00 #xyz tv1
           1.5329635736569767e+00  -3.1510000000000002e+00   1.5240000000000000e+00 #xyz tv2
           1.5933161027726388e+00  -3.3601361852412301e+00   1.5240000000000000e+00 -1 6 #xyz tv3 fid bid
           1.3824435531590931e+00  -3.3611990853119331e+00   1.5240000000000000e+00 #xyz tv0
           1.2454463356855339e+00  -3.4043106526660321e+00   1.3923333473131643e+00 #xyz tv1
           1.4289076969743746e+00  -3.6076512979960587e+00   1.5240000000000000e+00 #xyz tv2
           1.4122062887812388e+00  -3.3623250663107718e+00   1.4450972838314078e+00 -1 6 #xyz tv3 fid bid
           1.3824435531590931e+00  -3.3611990853119331e+00   1.5240000000000000e+00 #xyz tv0
           1.4122062887812388e+00  -3.3623250663107718e+00   1.4450972838314078e+00 #xyz tv1
           1.4289076969743746e+00  -3.6076512979960587e+00   1.5240000000000000e+00 #xyz tv2
           1.5933161027726388e+00  -3.3601361852412301e+00   1.5240000000000000e+00 -1 6 #xyz tv3 fid bid
           1.3824435531590931e+00  -3.3611990853119331e+00   1.5240000000000000e+00 #xyz ev0
           1.4122062887812388e+00  -3.3623250663107718e+00   1.4450972838314078e+00 -1 6 #xyz ev1 fid bid
   0   0.000000000000e+00   0.000000000000e+00   0.000000000000e+00 #flag location
END_ERR 
G3dErrFileVersion 2025R1
FlagFileMetaData Begin
   Mesh Size - Setup1, Refinement, Pass #6, Freq. 1.100000e+10 :Title    
   Listing of mesh elements with poor quality. :ToolTip  
   hf3d :Author   
   1768245578 :TimeStamp
   mm :UnitName 
   1.0000000000000000e-03 :UnitConv
FlagFileMetaData End
BEGIN_ERR 
26 Small mesh segment detected on body : Substrate
 Small mesh segment detected on body : Substrate 
 Segment Statistics - Number of Segments : 1 --- Segment length(s) : 0.056361mm. The cutoff frequency for S-Matrix Only Solve is 18.142850278383MHz 
1 -1  # nfids, fids[]
1 6  # nbids, bids[]
      5 0 1 0 #ntets ntri ned npts
          -3.2296816073306944e+00   3.0935336936068509e+00   1.5240000000000000e+00 #xyz tv0
          -3.2624428632169371e+00   3.1061708486504878e+00   1.4799138554974429e+00 #xyz tv1
          -3.2200782567244586e+00   3.2005166644858138e+00   1.5240000000000000e+00 #xyz tv2
          -3.3073999764222135e+00   3.1557183572399432e+00   1.5240000000000000e+00 -1 6 #xyz tv3 fid bid
          -3.2296816073306944e+00   3.0935336936068509e+00   1.5240000000000000e+00 #xyz tv0
          -3.2200782567244586e+00   3.2005166644858138e+00   1.5240000000000000e+00 #xyz tv1
          -3.2624428632169371e+00   3.1061708486504878e+00   1.4799138554974429e+00 #xyz tv2
          -3.1510000000000002e+00   3.1510000000000002e+00   1.5240000000000000e+00 -1 6 #xyz tv3 fid bid
          -3.2296816073306944e+00   3.0935336936068509e+00   1.5240000000000000e+00 #xyz tv0
          -3.3460774264880726e+00   3.0290853975822509e+00   1.5240000000000000e+00 #xyz tv1
          -3.2624428632169371e+00   3.1061708486504878e+00   1.4799138554974429e+00 #xyz tv2
          -3.3073999764222135e+00   3.1557183572399432e+00   1.5240000000000000e+00 -1 6 #xyz tv3 fid bid
          -3.2296816073306944e+00   3.0935336936068509e+00   1.5240000000000000e+00 #xyz tv0
          -3.2125850032459073e+00   3.0466033664284842e+00   1.4320563498594203e+00 #xyz tv1
          -3.1510000000000002e+00   3.1510000000000002e+00   1.5240000000000000e+00 #xyz tv2
          -3.2624428632169371e+00   3.1061708486504878e+00   1.4799138554974429e+00 -1 6 #xyz tv3 fid bid
          -3.2296816073306944e+00   3.0935336936068509e+00   1.5240000000000000e+00 #xyz tv0
          -3.3460774264880726e+00   3.0290853975822509e+00   1.5240000000000000e+00 #xyz tv1
          -3.2125850032459073e+00   3.0466033664284842e+00   1.4320563498594203e+00 #xyz tv2
          -3.2624428632169371e+00   3.1061708486504878e+00   1.4799138554974429e+00 -1 6 #xyz tv3 fid bid
          -3.2624428632169371e+00   3.1061708486504878e+00   1.4799138554974429e+00 #xyz ev0
          -3.2296816073306944e+00   3.0935336936068509e+00   1.5240000000000000e+00 -1 6 #xyz ev1 fid bid
   0   0.000000000000e+00   0.000000000000e+00   0.000000000000e+00 #flag location
END_ERR 
BEGIN_ERR 
26 Small mesh segment detected on body : Simulation_Box
 Small mesh segment detected on body : Simulation_Box 
 Segment Statistics - Number of Segments : 1 --- Segment length(s) : 0.057303mm. The cutoff frequency for S-Matrix Only Solve is 18.142850278383MHz 
1 -1  # nfids, fids[]
1 74  # nbids, bids[]
      5 0 1 0 #ntets ntri ned npts
           2.3328241333240336e+00   3.3602194502502281e+00   1.5240000000000000e+00 #xyz tv0
           2.4346081441751264e+00   3.2493363648687410e+00   1.5240000000000000e+00 #xyz tv1
           2.2523414744090804e+00   3.2493363648687410e+00   1.5240000000000000e+00 #xyz tv2
           2.2661821120191079e+00   3.2860169635900833e+00   1.5657925678502436e+00 -1 74 #xyz tv3 fid bid
           2.2523414744090804e+00   3.2493363648687410e+00   1.5240000000000000e+00 #xyz tv0
           2.4346081441751264e+00   3.2493363648687410e+00   1.5240000000000000e+00 #xyz tv1
           2.3862619277229449e+00   3.1973674532404619e+00   1.6430796144863000e+00 #xyz tv2
           2.2661821120191079e+00   3.2860169635900833e+00   1.5657925678502436e+00 -1 74 #xyz tv3 fid bid
           2.2661821120191079e+00   3.2860169635900833e+00   1.5657925678502436e+00 #xyz tv0
           2.1317987904412505e+00   3.3731693275166821e+00   1.5240000000000000e+00 #xyz tv1
           2.2523414744090804e+00   3.2493363648687410e+00   1.5240000000000000e+00 #xyz tv2
           2.3328241333240336e+00   3.3602194502502281e+00   1.5240000000000000e+00 -1 74 #xyz tv3 fid bid
           2.2661821120191079e+00   3.2860169635900833e+00   1.5657925678502436e+00 #xyz tv0
           2.3862619277229449e+00   3.1973674532404619e+00   1.6430796144863000e+00 #xyz tv1
           2.2523414744090804e+00   3.2493363648687410e+00   1.5240000000000000e+00 #xyz tv2
           2.2079107703645855e+00   3.2239048679500155e+00   1.6097897947378197e+00 -1 74 #xyz tv3 fid bid
           2.2661821120191079e+00   3.2860169635900833e+00   1.5657925678502436e+00 #xyz tv0
           2.2523414744090804e+00   3.2493363648687410e+00   1.5240000000000000e+00 #xyz tv1
           2.1317987904412505e+00   3.3731693275166821e+00   1.5240000000000000e+00 #xyz tv2
           2.2079107703645855e+00   3.2239048679500155e+00   1.6097897947378197e+00 -1 74 #xyz tv3 fid bid
           2.2523414744090804e+00   3.2493363648687410e+00   1.5240000000000000e+00 #xyz ev0
           2.2661821120191079e+00   3.2860169635900833e+00   1.5657925678502436e+00 -1 74 #xyz ev1 fid bid
   0   0.000000000000e+00   0.000000000000e+00   0.000000000000e+00 #flag location
END_ERR 
BEGIN_ERR 
26 Small mesh segment detected on body : Simulation_Box
 Small mesh segment detected on body : Simulation_Box 
 Segment Statistics - Number of Segments : 1 --- Segment length(s) : 0.057569mm. The cutoff frequency for S-Matrix Only Solve is 18.142850278383MHz 
1 -1  # nfids, fids[]
1 74  # nbids, bids[]
      5 0 1 0 #ntets ntri ned npts
          -2.7648225686328258e+00   3.2389702495752690e+00   1.5801479900695825e+00 #xyz tv0
          -2.7675573183697546e+00   3.2513826523804097e+00   1.5240000000000000e+00 #xyz tv1
          -2.8844325878197146e+00   3.2576651218823933e+00   1.5240000000000000e+00 #xyz tv2
          -2.7760436560284436e+00   3.1510000000000002e+00   1.5240000000000000e+00 -1 74 #xyz tv3 fid bid
          -2.7833895425329818e+00   3.3712208616945474e+00   1.5240000000000000e+00 #xyz tv0
          -2.8844325878197146e+00   3.2576651218823933e+00   1.5240000000000000e+00 #xyz tv1
          -2.7648225686328258e+00   3.2389702495752690e+00   1.5801479900695825e+00 #xyz tv2
          -2.7675573183697546e+00   3.2513826523804097e+00   1.5240000000000000e+00 -1 74 #xyz tv3 fid bid
          -2.7648225686328258e+00   3.2389702495752690e+00   1.5801479900695825e+00 #xyz tv0
          -2.7760436560284436e+00   3.1510000000000002e+00   1.5240000000000000e+00 #xyz tv1
          -2.6283878799785168e+00   3.1510000000000002e+00   1.5240000000000000e+00 #xyz tv2
          -2.7675573183697546e+00   3.2513826523804097e+00   1.5240000000000000e+00 -1 74 #xyz tv3 fid bid
          -2.6560378852876068e+00   3.3128183303899865e+00   1.5240000000000000e+00 #xyz tv0
          -2.7833895425329818e+00   3.3712208616945474e+00   1.5240000000000000e+00 #xyz tv1
          -2.7648225686328258e+00   3.2389702495752690e+00   1.5801479900695825e+00 #xyz tv2
          -2.7675573183697546e+00   3.2513826523804097e+00   1.5240000000000000e+00 -1 74 #xyz tv3 fid bid
          -2.7648225686328258e+00   3.2389702495752690e+00   1.5801479900695825e+00 #xyz tv0
          -2.6283878799785168e+00   3.1510000000000002e+00   1.5240000000000000e+00 #xyz tv1
          -2.6560378852876068e+00   3.3128183303899865e+00   1.5240000000000000e+00 #xyz tv2
          -2.7675573183697546e+00   3.2513826523804097e+00   1.5240000000000000e+00 -1 74 #xyz tv3 fid bid
          -2.7648225686328258e+00   3.2389702495752690e+00   1.5801479900695825e+00 #xyz ev0
          -2.7675573183697546e+00   3.2513826523804097e+00   1.5240000000000000e+00 -1 74 #xyz ev1 fid bid
   0   0.000000000000e+00   0.000000000000e+00   0.000000000000e+00 #flag location
END_ERR 
BEGIN_ERR 
