G3dErrFileVersion 2025R1
FlagFileMetaData Begin
   Mesh Size - Setup1, Refinement, Pass #1, Freq. 1.100000e+10 :Title    
   Listing of mesh elements with poor quality. :ToolTip  
   hf3d :Author   
   1768245624 :TimeStamp
   mm :UnitName 
   1.0000000000000000e-03 :UnitConv
FlagFileMetaData End
BEGIN_ERR 
26 Small mesh segment detected on body : Substrate
 Small mesh segment detected on body : Substrate 
 Segment Statistics - Number of Segments : 1 --- Segment length(s) : 0.883883mm. The cutoff frequency for S-Matrix Only Solve is 18.142850278383MHz 
4 -1  8  76  112  # nfids, fids[]
2 6  -1  # nbids, bids[]
      6 6 1 0 #ntets ntri ned npts
          -4.3750000000000000e+00   5.0000000000000000e+00   0.0000000000000000e+00 #xyz tv0
          -4.3750000000000000e+00   5.0000000000000000e+00   4.7625000000000001e-01 #xyz tv1
          -4.3750000000000000e+00   4.3750000000000000e+00   0.0000000000000000e+00 #xyz tv2
          -5.0000000000000000e+00   5.0000000000000000e+00   0.0000000000000000e+00 -1 6 #xyz tv3 fid bid
          -4.3750000000000000e+00   4.3750000000000000e+00   0.0000000000000000e+00 #xyz tv0
          -4.6204922233883208e+00   4.6802196532725748e+00   5.2087862528761331e-01 #xyz tv1
          -5.0000000000000000e+00   5.0000000000000000e+00   0.0000000000000000e+00 #xyz tv2
          -4.3750000000000000e+00   5.0000000000000000e+00   4.7625000000000001e-01 -1 6 #xyz tv3 fid bid
          -4.3750000000000000e+00   5.0000000000000000e+00   0.0000000000000000e+00 #xyz tv0
          -4.3750000000000000e+00   4.3750000000000000e+00   0.0000000000000000e+00 #xyz tv1
          -5.5000000000000000e+00   5.5000000000000000e+00  -2.0513231865277834e+00 #xyz tv2
          -5.0000000000000000e+00   5.0000000000000000e+00   0.0000000000000000e+00 -1 6 #xyz tv3 fid bid
          -4.3750000000000000e+00   4.3750000000000000e+00   0.0000000000000000e+00 #xyz tv0
          -5.0000000000000000e+00   5.0000000000000000e+00   0.0000000000000000e+00 #xyz tv1
          -4.6204922233883208e+00   4.6802196532725748e+00   5.2087862528761331e-01 #xyz tv2
          -4.5982081256307143e+00   4.2654271931729362e+00   4.4029946747204235e-01 -1 6 #xyz tv3 fid bid
          -5.0000000000000000e+00   4.3750000000000000e+00   0.0000000000000000e+00 #xyz tv0
          -5.5000000000000000e+00   5.5000000000000000e+00  -2.0513231865277834e+00 #xyz tv1
          -4.3750000000000000e+00   4.3750000000000000e+00   0.0000000000000000e+00 #xyz tv2
          -5.0000000000000000e+00   5.0000000000000000e+00   0.0000000000000000e+00 -1 6 #xyz tv3 fid bid
          -5.0000000000000000e+00   4.3750000000000000e+00   0.0000000000000000e+00 #xyz tv0
          -4.3750000000000000e+00   4.3750000000000000e+00   0.0000000000000000e+00 #xyz tv1
          -4.5982081256307143e+00   4.2654271931729362e+00   4.4029946747204235e-01 #xyz tv2
          -5.0000000000000000e+00   5.0000000000000000e+00   0.0000000000000000e+00 -1 6 #xyz tv3 fid bid
          -5.0000000000000000e+00   4.3750000000000000e+00   0.0000000000000000e+00 #xyz tv0
          -5.0000000000000000e+00   5.0000000000000000e+00   0.0000000000000000e+00 #xyz tv1
          -4.3750000000000000e+00   4.3750000000000000e+00   0.0000000000000000e+00 8 -1 #xyz tv2 fid bid
          -5.0000000000000000e+00   4.3750000000000000e+00   0.0000000000000000e+00 #xyz tv0
          -5.0000000000000000e+00   5.0000000000000000e+00   0.0000000000000000e+00 #xyz tv1
          -4.3750000000000000e+00   4.3750000000000000e+00   0.0000000000000000e+00 76 -1 #xyz tv2 fid bid
          -5.0000000000000000e+00   4.3750000000000000e+00   0.0000000000000000e+00 #xyz tv0
          -5.0000000000000000e+00   5.0000000000000000e+00   0.0000000000000000e+00 #xyz tv1
          -4.3750000000000000e+00   4.3750000000000000e+00   0.0000000000000000e+00 112 -1 #xyz tv2 fid bid
          -5.0000000000000000e+00   5.0000000000000000e+00   0.0000000000000000e+00 #xyz tv0
          -4.3750000000000000e+00   5.0000000000000000e+00   0.0000000000000000e+00 #xyz tv1
          -4.3750000000000000e+00   4.3750000000000000e+00   0.0000000000000000e+00 8 -1 #xyz tv2 fid bid
          -5.0000000000000000e+00   5.0000000000000000e+00   0.0000000000000000e+00 #xyz tv0
          -4.3750000000000000e+00   5.0000000000000000e+00   0.0000000000000000e+00 #xyz tv1
          -4.3750000000000000e+00   4.3750000000000000e+00   0.0000000000000000e+00 76 -1 #xyz tv2 fid bid
          -5.0000000000000000e+00   5.0000000000000000e+00   0.0000000000000000e+00 #xyz tv0
          -4.3750000000000000e+00   5.0000000000000000e+00   0.0000000000000000e+00 #xyz tv1
          -4.3750000000000000e+00   4.3750000000000000e+00   0.0000000000000000e+00 112 -1 #xyz tv2 fid bid
          -5.0000000000000000e+00   5.0000000000000000e+00   0.0000000000000000e+00 #xyz ev0
          -4.3750000000000000e+00   4.3750000000000000e+00   0.0000000000000000e+00 -1 6 #xyz ev1 fid bid
   0   0.000000000000e+00   0.000000000000e+00   0.000000000000e+00 #flag location
END_ERR 
G3dErrFileVersion 2025R1
FlagFileMetaData Begin
   Mesh Size - Setup1, Refinement, Pass #2, Freq. 1.100000e+10 :Title    
   Listing of mesh elements with poor quality. :ToolTip  
   hf3d :Author   
   1768245629 :TimeStamp
   mm :UnitName 
   1.0000000000000000e-03 :UnitConv
FlagFileMetaData End
BEGIN_ERR 
26 Small mesh segment detected on body : Substrate
 Small mesh segment detected on body : Substrate 
 Segment Statistics - Number of Segments : 1 --- Segment length(s) : 0.883883mm. The cutoff frequency for S-Matrix Only Solve is 18.142850278383MHz 
4 -1  8  76  112  # nfids, fids[]
2 6  -1  # nbids, bids[]
      6 6 1 0 #ntets ntri ned npts
          -4.3750000000000000e+00   5.0000000000000000e+00   0.0000000000000000e+00 #xyz tv0
          -4.3750000000000000e+00   5.0000000000000000e+00   4.7625000000000001e-01 #xyz tv1
          -4.3750000000000000e+00   4.3750000000000000e+00   0.0000000000000000e+00 #xyz tv2
          -5.0000000000000000e+00   5.0000000000000000e+00   0.0000000000000000e+00 -1 6 #xyz tv3 fid bid
          -4.3750000000000000e+00   4.3750000000000000e+00   0.0000000000000000e+00 #xyz tv0
          -4.6204922233883208e+00   4.6802196532725748e+00   5.2087862528761342e-01 #xyz tv1
          -5.0000000000000000e+00   5.0000000000000000e+00   0.0000000000000000e+00 #xyz tv2
          -4.3750000000000000e+00   5.0000000000000000e+00   4.7625000000000001e-01 -1 6 #xyz tv3 fid bid
          -4.3750000000000000e+00   5.0000000000000000e+00   0.0000000000000000e+00 #xyz tv0
          -4.3750000000000000e+00   4.3750000000000000e+00   0.0000000000000000e+00 #xyz tv1
          -5.5000000000000000e+00   5.5000000000000000e+00  -1.9460467515734639e+00 #xyz tv2
          -5.0000000000000000e+00   5.0000000000000000e+00   0.0000000000000000e+00 -1 6 #xyz tv3 fid bid
          -4.3750000000000000e+00   4.3750000000000000e+00   0.0000000000000000e+00 #xyz tv0
          -5.0000000000000000e+00   5.0000000000000000e+00   0.0000000000000000e+00 #xyz tv1
          -4.6204922233883208e+00   4.6802196532725748e+00   5.2087862528761342e-01 #xyz tv2
          -4.5982081256307143e+00   4.2654271931729362e+00   4.4029946747204235e-01 -1 6 #xyz tv3 fid bid
          -5.0000000000000000e+00   4.3750000000000000e+00   0.0000000000000000e+00 #xyz tv0
          -5.5000000000000000e+00   5.5000000000000000e+00  -1.9460467515734639e+00 #xyz tv1
          -4.3750000000000000e+00   4.3750000000000000e+00   0.0000000000000000e+00 #xyz tv2
          -5.0000000000000000e+00   5.0000000000000000e+00   0.0000000000000000e+00 -1 6 #xyz tv3 fid bid
          -5.0000000000000000e+00   4.3750000000000000e+00   0.0000000000000000e+00 #xyz tv0
          -4.3750000000000000e+00   4.3750000000000000e+00   0.0000000000000000e+00 #xyz tv1
          -4.5982081256307143e+00   4.2654271931729362e+00   4.4029946747204235e-01 #xyz tv2
          -5.0000000000000000e+00   5.0000000000000000e+00   0.0000000000000000e+00 -1 6 #xyz tv3 fid bid
          -5.0000000000000000e+00   4.3750000000000000e+00   0.0000000000000000e+00 #xyz tv0
          -5.0000000000000000e+00   5.0000000000000000e+00   0.0000000000000000e+00 #xyz tv1
          -4.3750000000000000e+00   4.3750000000000000e+00   0.0000000000000000e+00 8 -1 #xyz tv2 fid bid
          -5.0000000000000000e+00   4.3750000000000000e+00   0.0000000000000000e+00 #xyz tv0
          -5.0000000000000000e+00   5.0000000000000000e+00   0.0000000000000000e+00 #xyz tv1
          -4.3750000000000000e+00   4.3750000000000000e+00   0.0000000000000000e+00 76 -1 #xyz tv2 fid bid
          -5.0000000000000000e+00   4.3750000000000000e+00   0.0000000000000000e+00 #xyz tv0
          -5.0000000000000000e+00   5.0000000000000000e+00   0.0000000000000000e+00 #xyz tv1
          -4.3750000000000000e+00   4.3750000000000000e+00   0.0000000000000000e+00 112 -1 #xyz tv2 fid bid
          -5.0000000000000000e+00   5.0000000000000000e+00   0.0000000000000000e+00 #xyz tv0
          -4.3750000000000000e+00   5.0000000000000000e+00   0.0000000000000000e+00 #xyz tv1
          -4.3750000000000000e+00   4.3750000000000000e+00   0.0000000000000000e+00 8 -1 #xyz tv2 fid bid
          -5.0000000000000000e+00   5.0000000000000000e+00   0.0000000000000000e+00 #xyz tv0
          -4.3750000000000000e+00   5.0000000000000000e+00   0.0000000000000000e+00 #xyz tv1
          -4.3750000000000000e+00   4.3750000000000000e+00   0.0000000000000000e+00 76 -1 #xyz tv2 fid bid
          -5.0000000000000000e+00   5.0000000000000000e+00   0.0000000000000000e+00 #xyz tv0
          -4.3750000000000000e+00   5.0000000000000000e+00   0.0000000000000000e+00 #xyz tv1
          -4.3750000000000000e+00   4.3750000000000000e+00   0.0000000000000000e+00 112 -1 #xyz tv2 fid bid
          -5.0000000000000000e+00   5.0000000000000000e+00   0.0000000000000000e+00 #xyz ev0
          -4.3750000000000000e+00   4.3750000000000000e+00   0.0000000000000000e+00 -1 6 #xyz ev1 fid bid
   0   0.000000000000e+00   0.000000000000e+00   0.000000000000e+00 #flag location
END_ERR 
G3dErrFileVersion 2025R1
FlagFileMetaData Begin
   Mesh Size - Setup1, Refinement, Pass #3, Freq. 1.100000e+10 :Title    
   Listing of mesh elements with poor quality. :ToolTip  
   hf3d :Author   
   1768245636 :TimeStamp
   mm :UnitName 
   1.0000000000000000e-03 :UnitConv
FlagFileMetaData End
BEGIN_ERR 
26 Small mesh segment detected on body : Substrate
 Small mesh segment detected on body : Substrate 
 Segment Statistics - Number of Segments : 1 --- Segment length(s) : 0.883883mm. The cutoff frequency for S-Matrix Only Solve is 18.142850278383MHz 
4 -1  8  76  112  # nfids, fids[]
2 6  -1  # nbids, bids[]
      6 6 1 0 #ntets ntri ned npts
          -4.3750000000000000e+00   5.0000000000000000e+00   0.0000000000000000e+00 #xyz tv0
          -4.3750000000000000e+00   5.0000000000000000e+00   4.7625000000000001e-01 #xyz tv1
          -4.3750000000000000e+00   4.3750000000000000e+00   0.0000000000000000e+00 #xyz tv2
          -5.0000000000000000e+00   5.0000000000000000e+00   0.0000000000000000e+00 -1 6 #xyz tv3 fid bid
          -4.3750000000000000e+00   4.3750000000000000e+00   0.0000000000000000e+00 #xyz tv0
          -4.6204922233883208e+00   4.6802196532725748e+00   5.2087862528761342e-01 #xyz tv1
          -5.0000000000000000e+00   5.0000000000000000e+00   0.0000000000000000e+00 #xyz tv2
          -4.3750000000000000e+00   5.0000000000000000e+00   4.7625000000000001e-01 -1 6 #xyz tv3 fid bid
          -4.3750000000000000e+00   5.0000000000000000e+00   0.0000000000000000e+00 #xyz tv0
          -4.3750000000000000e+00   4.3750000000000000e+00   0.0000000000000000e+00 #xyz tv1
          -5.5000000000000000e+00   5.5000000000000000e+00  -1.9131478656502390e+00 #xyz tv2
          -5.0000000000000000e+00   5.0000000000000000e+00   0.0000000000000000e+00 -1 6 #xyz tv3 fid bid
          -4.3750000000000000e+00   4.3750000000000000e+00   0.0000000000000000e+00 #xyz tv0
          -5.0000000000000000e+00   5.0000000000000000e+00   0.0000000000000000e+00 #xyz tv1
          -4.6204922233883208e+00   4.6802196532725748e+00   5.2087862528761342e-01 #xyz tv2
          -4.5982081256307143e+00   4.2654271931729362e+00   4.4029946747204235e-01 -1 6 #xyz tv3 fid bid
          -5.0000000000000000e+00   4.3750000000000000e+00   0.0000000000000000e+00 #xyz tv0
          -5.5000000000000000e+00   5.5000000000000000e+00  -1.9131478656502390e+00 #xyz tv1
          -4.3750000000000000e+00   4.3750000000000000e+00   0.0000000000000000e+00 #xyz tv2
          -5.0000000000000000e+00   5.0000000000000000e+00   0.0000000000000000e+00 -1 6 #xyz tv3 fid bid
          -5.0000000000000000e+00   4.3750000000000000e+00   0.0000000000000000e+00 #xyz tv0
          -4.3750000000000000e+00   4.3750000000000000e+00   0.0000000000000000e+00 #xyz tv1
          -4.5982081256307143e+00   4.2654271931729362e+00   4.4029946747204235e-01 #xyz tv2
          -5.0000000000000000e+00   5.0000000000000000e+00   0.0000000000000000e+00 -1 6 #xyz tv3 fid bid
          -5.0000000000000000e+00   4.3750000000000000e+00   0.0000000000000000e+00 #xyz tv0
          -5.0000000000000000e+00   5.0000000000000000e+00   0.0000000000000000e+00 #xyz tv1
          -4.3750000000000000e+00   4.3750000000000000e+00   0.0000000000000000e+00 8 -1 #xyz tv2 fid bid
          -5.0000000000000000e+00   4.3750000000000000e+00   0.0000000000000000e+00 #xyz tv0
          -5.0000000000000000e+00   5.0000000000000000e+00   0.0000000000000000e+00 #xyz tv1
          -4.3750000000000000e+00   4.3750000000000000e+00   0.0000000000000000e+00 76 -1 #xyz tv2 fid bid
          -5.0000000000000000e+00   4.3750000000000000e+00   0.0000000000000000e+00 #xyz tv0
          -5.0000000000000000e+00   5.0000000000000000e+00   0.0000000000000000e+00 #xyz tv1
          -4.3750000000000000e+00   4.3750000000000000e+00   0.0000000000000000e+00 112 -1 #xyz tv2 fid bid
          -5.0000000000000000e+00   5.0000000000000000e+00   0.0000000000000000e+00 #xyz tv0
          -4.3750000000000000e+00   5.0000000000000000e+00   0.0000000000000000e+00 #xyz tv1
          -4.3750000000000000e+00   4.3750000000000000e+00   0.0000000000000000e+00 8 -1 #xyz tv2 fid bid
          -5.0000000000000000e+00   5.0000000000000000e+00   0.0000000000000000e+00 #xyz tv0
          -4.3750000000000000e+00   5.0000000000000000e+00   0.0000000000000000e+00 #xyz tv1
          -4.3750000000000000e+00   4.3750000000000000e+00   0.0000000000000000e+00 76 -1 #xyz tv2 fid bid
          -5.0000000000000000e+00   5.0000000000000000e+00   0.0000000000000000e+00 #xyz tv0
          -4.3750000000000000e+00   5.0000000000000000e+00   0.0000000000000000e+00 #xyz tv1
          -4.3750000000000000e+00   4.3750000000000000e+00   0.0000000000000000e+00 112 -1 #xyz tv2 fid bid
          -5.0000000000000000e+00   5.0000000000000000e+00   0.0000000000000000e+00 #xyz ev0
          -4.3750000000000000e+00   4.3750000000000000e+00   0.0000000000000000e+00 -1 6 #xyz ev1 fid bid
   0   0.000000000000e+00   0.000000000000e+00   0.000000000000e+00 #flag location
END_ERR 
BEGIN_ERR 
26 Small mesh segment detected on body : Substrate
 Small mesh segment detected on body : Substrate 
 Segment Statistics - Number of Segments : 1 --- Segment length(s) : 0.625000mm. The cutoff frequency for S-Matrix Only Solve is 18.142850278383MHz 
4 -1  8  76  112  # nfids, fids[]
2 6  -1  # nbids, bids[]
      5 6 1 0 #ntets ntri ned npts
          -4.3750000000000000e+00   3.7500000000000000e+00   0.0000000000000000e+00 #xyz tv0
          -5.0000000000000000e+00   3.1250000000000000e+00   6.6674999999999995e-01 #xyz tv1
          -5.0000000000000000e+00   3.7500000000000000e+00   0.0000000000000000e+00 #xyz tv2
          -5.0000000000000000e+00   3.7500000000000000e+00   1.9050000000000000e-01 -1 6 #xyz tv3 fid bid
          -4.3750000000000000e+00   3.7500000000000000e+00   0.0000000000000000e+00 #xyz tv0
          -5.0000000000000000e+00   3.7500000000000000e+00   0.0000000000000000e+00 #xyz tv1
          -5.0000000000000000e+00   3.1250000000000000e+00   6.6674999999999995e-01 #xyz tv2
          -4.3750000000000000e+00   3.1250000000000000e+00   0.0000000000000000e+00 -1 6 #xyz tv3 fid bid
          -4.3750000000000000e+00   3.7500000000000000e+00   0.0000000000000000e+00 #xyz tv0
          -4.3750000000000000e+00   4.3750000000000000e+00   0.0000000000000000e+00 #xyz tv1
          -5.0000000000000000e+00   3.7500000000000000e+00   1.9050000000000000e-01 #xyz tv2
          -5.0000000000000000e+00   3.7500000000000000e+00   0.0000000000000000e+00 -1 6 #xyz tv3 fid bid
          -4.3750000000000000e+00   3.7500000000000000e+00   0.0000000000000000e+00 #xyz tv0
          -4.3750000000000000e+00   3.1250000000000000e+00   0.0000000000000000e+00 #xyz tv1
          -4.6844392361228833e+00   3.6971019081255450e+00  -1.7587740150421822e+00 #xyz tv2
          -5.0000000000000000e+00   3.7500000000000000e+00   0.0000000000000000e+00 -1 6 #xyz tv3 fid bid
          -4.3750000000000000e+00   3.7500000000000000e+00   0.0000000000000000e+00 #xyz tv0
          -4.6844392361228833e+00   3.6971019081255450e+00  -1.7587740150421822e+00 #xyz tv1
          -4.3750000000000000e+00   4.3750000000000000e+00   0.0000000000000000e+00 #xyz tv2
          -5.0000000000000000e+00   3.7500000000000000e+00   0.0000000000000000e+00 -1 6 #xyz tv3 fid bid
          -5.0000000000000000e+00   3.7500000000000000e+00   0.0000000000000000e+00 #xyz tv0
          -4.3750000000000000e+00   3.7500000000000000e+00   0.0000000000000000e+00 #xyz tv1
          -4.3750000000000000e+00   3.1250000000000000e+00   0.0000000000000000e+00 8 -1 #xyz tv2 fid bid
          -5.0000000000000000e+00   3.7500000000000000e+00   0.0000000000000000e+00 #xyz tv0
          -4.3750000000000000e+00   3.7500000000000000e+00   0.0000000000000000e+00 #xyz tv1
          -4.3750000000000000e+00   3.1250000000000000e+00   0.0000000000000000e+00 76 -1 #xyz tv2 fid bid
          -5.0000000000000000e+00   3.7500000000000000e+00   0.0000000000000000e+00 #xyz tv0
          -4.3750000000000000e+00   3.7500000000000000e+00   0.0000000000000000e+00 #xyz tv1
          -4.3750000000000000e+00   3.1250000000000000e+00   0.0000000000000000e+00 112 -1 #xyz tv2 fid bid
          -4.3750000000000000e+00   3.7500000000000000e+00   0.0000000000000000e+00 #xyz tv0
          -5.0000000000000000e+00   3.7500000000000000e+00   0.0000000000000000e+00 #xyz tv1
          -4.3750000000000000e+00   4.3750000000000000e+00   0.0000000000000000e+00 8 -1 #xyz tv2 fid bid
          -4.3750000000000000e+00   3.7500000000000000e+00   0.0000000000000000e+00 #xyz tv0
          -5.0000000000000000e+00   3.7500000000000000e+00   0.0000000000000000e+00 #xyz tv1
          -4.3750000000000000e+00   4.3750000000000000e+00   0.0000000000000000e+00 76 -1 #xyz tv2 fid bid
          -4.3750000000000000e+00   3.7500000000000000e+00   0.0000000000000000e+00 #xyz tv0
          -5.0000000000000000e+00   3.7500000000000000e+00   0.0000000000000000e+00 #xyz tv1
          -4.3750000000000000e+00   4.3750000000000000e+00   0.0000000000000000e+00 112 -1 #xyz tv2 fid bid
          -5.0000000000000000e+00   3.7500000000000000e+00   0.0000000000000000e+00 #xyz ev0
          -4.3750000000000000e+00   3.7500000000000000e+00   0.0000000000000000e+00 -1 6 #xyz ev1 fid bid
   0   0.000000000000e+00   0.000000000000e+00   0.000000000000e+00 #flag location
END_ERR 
G3dErrFileVersion 2025R1
FlagFileMetaData Begin
   Mesh Size - Setup1, Refinement, Pass #4, Freq. 1.100000e+10 :Title    
   Listing of mesh elements with poor quality. :ToolTip  
   hf3d :Author   
   1768245646 :TimeStamp
   mm :UnitName 
   1.0000000000000000e-03 :UnitConv
FlagFileMetaData End
BEGIN_ERR 
26 Small mesh segment detected on body : Substrate
 Small mesh segment detected on body : Substrate 
 Segment Statistics - Number of Segments : 1 --- Segment length(s) : 0.883883mm. The cutoff frequency for S-Matrix Only Solve is 18.142850278383MHz 
4 -1  8  76  112  # nfids, fids[]
2 6  -1  # nbids, bids[]
      6 6 1 0 #ntets ntri ned npts
          -4.3750000000000000e+00   5.0000000000000000e+00   0.0000000000000000e+00 #xyz tv0
          -4.3750000000000000e+00   5.0000000000000000e+00   4.7625000000000001e-01 #xyz tv1
          -4.3750000000000000e+00   4.3750000000000000e+00   0.0000000000000000e+00 #xyz tv2
          -5.0000000000000000e+00   5.0000000000000000e+00   0.0000000000000000e+00 -1 6 #xyz tv3 fid bid
          -4.3750000000000000e+00   4.3750000000000000e+00   0.0000000000000000e+00 #xyz tv0
          -4.6204922233883208e+00   4.6802196532725748e+00   5.2087862528761342e-01 #xyz tv1
          -5.0000000000000000e+00   5.0000000000000000e+00   0.0000000000000000e+00 #xyz tv2
          -4.3750000000000000e+00   5.0000000000000000e+00   4.7625000000000001e-01 -1 6 #xyz tv3 fid bid
          -4.3750000000000000e+00   5.0000000000000000e+00   0.0000000000000000e+00 #xyz tv0
          -4.3750000000000000e+00   4.3750000000000000e+00   0.0000000000000000e+00 #xyz tv1
          -5.5000000000000000e+00   5.5000000000000000e+00  -1.9110916852800375e+00 #xyz tv2
          -5.0000000000000000e+00   5.0000000000000000e+00   0.0000000000000000e+00 -1 6 #xyz tv3 fid bid
          -4.3750000000000000e+00   4.3750000000000000e+00   0.0000000000000000e+00 #xyz tv0
          -5.0000000000000000e+00   5.0000000000000000e+00   0.0000000000000000e+00 #xyz tv1
          -4.6204922233883208e+00   4.6802196532725748e+00   5.2087862528761342e-01 #xyz tv2
          -4.5982081256307143e+00   4.2654271931729362e+00   4.4029946747204235e-01 -1 6 #xyz tv3 fid bid
          -5.0000000000000000e+00   4.3750000000000000e+00   0.0000000000000000e+00 #xyz tv0
          -5.5000000000000000e+00   5.5000000000000000e+00  -1.9110916852800375e+00 #xyz tv1
          -4.3750000000000000e+00   4.3750000000000000e+00   0.0000000000000000e+00 #xyz tv2
          -5.0000000000000000e+00   5.0000000000000000e+00   0.0000000000000000e+00 -1 6 #xyz tv3 fid bid
          -5.0000000000000000e+00   4.3750000000000000e+00   0.0000000000000000e+00 #xyz tv0
          -4.3750000000000000e+00   4.3750000000000000e+00   0.0000000000000000e+00 #xyz tv1
          -4.5982081256307143e+00   4.2654271931729362e+00   4.4029946747204235e-01 #xyz tv2
          -5.0000000000000000e+00   5.0000000000000000e+00   0.0000000000000000e+00 -1 6 #xyz tv3 fid bid
          -5.0000000000000000e+00   4.3750000000000000e+00   0.0000000000000000e+00 #xyz tv0
          -5.0000000000000000e+00   5.0000000000000000e+00   0.0000000000000000e+00 #xyz tv1
          -4.3750000000000000e+00   4.3750000000000000e+00   0.0000000000000000e+00 8 -1 #xyz tv2 fid bid
          -5.0000000000000000e+00   4.3750000000000000e+00   0.0000000000000000e+00 #xyz tv0
          -5.0000000000000000e+00   5.0000000000000000e+00   0.0000000000000000e+00 #xyz tv1
          -4.3750000000000000e+00   4.3750000000000000e+00   0.0000000000000000e+00 76 -1 #xyz tv2 fid bid
          -5.0000000000000000e+00   4.3750000000000000e+00   0.0000000000000000e+00 #xyz tv0
          -5.0000000000000000e+00   5.0000000000000000e+00   0.0000000000000000e+00 #xyz tv1
          -4.3750000000000000e+00   4.3750000000000000e+00   0.0000000000000000e+00 112 -1 #xyz tv2 fid bid
          -5.0000000000000000e+00   5.0000000000000000e+00   0.0000000000000000e+00 #xyz tv0
          -4.3750000000000000e+00   5.0000000000000000e+00   0.0000000000000000e+00 #xyz tv1
          -4.3750000000000000e+00   4.3750000000000000e+00   0.0000000000000000e+00 8 -1 #xyz tv2 fid bid
          -5.0000000000000000e+00   5.0000000000000000e+00   0.0000000000000000e+00 #xyz tv0
          -4.3750000000000000e+00   5.0000000000000000e+00   0.0000000000000000e+00 #xyz tv1
          -4.3750000000000000e+00   4.3750000000000000e+00   0.0000000000000000e+00 76 -1 #xyz tv2 fid bid
          -5.0000000000000000e+00   5.0000000000000000e+00   0.0000000000000000e+00 #xyz tv0
          -4.3750000000000000e+00   5.0000000000000000e+00   0.0000000000000000e+00 #xyz tv1
          -4.3750000000000000e+00   4.3750000000000000e+00   0.0000000000000000e+00 112 -1 #xyz tv2 fid bid
          -5.0000000000000000e+00   5.0000000000000000e+00   0.0000000000000000e+00 #xyz ev0
          -4.3750000000000000e+00   4.3750000000000000e+00   0.0000000000000000e+00 -1 6 #xyz ev1 fid bid
   0   0.000000000000e+00   0.000000000000e+00   0.000000000000e+00 #flag location
END_ERR 
BEGIN_ERR 
26 Small mesh segment detected on body : Substrate
 Small mesh segment detected on body : Substrate 
 Segment Statistics - Number of Segments : 1 --- Segment length(s) : 0.625000mm. The cutoff frequency for S-Matrix Only Solve is 18.142850278383MHz 
4 -1  8  76  112  # nfids, fids[]
2 6  -1  # nbids, bids[]
      5 6 1 0 #ntets ntri ned npts
          -4.3750000000000000e+00   3.7500000000000000e+00   0.0000000000000000e+00 #xyz tv0
          -5.0000000000000000e+00   3.1250000000000000e+00   6.6674999999999995e-01 #xyz tv1
          -5.0000000000000000e+00   3.7500000000000000e+00   0.0000000000000000e+00 #xyz tv2
          -5.0000000000000000e+00   3.7500000000000000e+00   1.9050000000000000e-01 -1 6 #xyz tv3 fid bid
          -4.3750000000000000e+00   3.7500000000000000e+00   0.0000000000000000e+00 #xyz tv0
          -5.0000000000000000e+00   3.7500000000000000e+00   0.0000000000000000e+00 #xyz tv1
          -5.0000000000000000e+00   3.1250000000000000e+00   6.6674999999999995e-01 #xyz tv2
          -4.3750000000000000e+00   3.1250000000000000e+00   0.0000000000000000e+00 -1 6 #xyz tv3 fid bid
          -4.3750000000000000e+00   3.7500000000000000e+00   0.0000000000000000e+00 #xyz tv0
          -4.3750000000000000e+00   4.3750000000000000e+00   0.0000000000000000e+00 #xyz tv1
          -5.0000000000000000e+00   3.7500000000000000e+00   1.9050000000000000e-01 #xyz tv2
          -5.0000000000000000e+00   3.7500000000000000e+00   0.0000000000000000e+00 -1 6 #xyz tv3 fid bid
          -4.3750000000000000e+00   3.7500000000000000e+00   0.0000000000000000e+00 #xyz tv0
          -4.3750000000000000e+00   3.1250000000000000e+00   0.0000000000000000e+00 #xyz tv1
          -4.6844392361228842e+00   3.6971019081255454e+00  -1.7587740150421822e+00 #xyz tv2
          -5.0000000000000000e+00   3.7500000000000000e+00   0.0000000000000000e+00 -1 6 #xyz tv3 fid bid
          -4.3750000000000000e+00   3.7500000000000000e+00   0.0000000000000000e+00 #xyz tv0
          -4.6844392361228842e+00   3.6971019081255454e+00  -1.7587740150421822e+00 #xyz tv1
          -4.3750000000000000e+00   4.3750000000000000e+00   0.0000000000000000e+00 #xyz tv2
          -5.0000000000000000e+00   3.7500000000000000e+00   0.0000000000000000e+00 -1 6 #xyz tv3 fid bid
          -5.0000000000000000e+00   3.7500000000000000e+00   0.0000000000000000e+00 #xyz tv0
          -4.3750000000000000e+00   3.7500000000000000e+00   0.0000000000000000e+00 #xyz tv1
          -4.3750000000000000e+00   3.1250000000000000e+00   0.0000000000000000e+00 8 -1 #xyz tv2 fid bid
          -5.0000000000000000e+00   3.7500000000000000e+00   0.0000000000000000e+00 #xyz tv0
          -4.3750000000000000e+00   3.7500000000000000e+00   0.0000000000000000e+00 #xyz tv1
          -4.3750000000000000e+00   3.1250000000000000e+00   0.0000000000000000e+00 76 -1 #xyz tv2 fid bid
          -5.0000000000000000e+00   3.7500000000000000e+00   0.0000000000000000e+00 #xyz tv0
          -4.3750000000000000e+00   3.7500000000000000e+00   0.0000000000000000e+00 #xyz tv1
          -4.3750000000000000e+00   3.1250000000000000e+00   0.0000000000000000e+00 112 -1 #xyz tv2 fid bid
          -4.3750000000000000e+00   3.7500000000000000e+00   0.0000000000000000e+00 #xyz tv0
          -5.0000000000000000e+00   3.7500000000000000e+00   0.0000000000000000e+00 #xyz tv1
          -4.3750000000000000e+00   4.3750000000000000e+00   0.0000000000000000e+00 8 -1 #xyz tv2 fid bid
          -4.3750000000000000e+00   3.7500000000000000e+00   0.0000000000000000e+00 #xyz tv0
          -5.0000000000000000e+00   3.7500000000000000e+00   0.0000000000000000e+00 #xyz tv1
          -4.3750000000000000e+00   4.3750000000000000e+00   0.0000000000000000e+00 76 -1 #xyz tv2 fid bid
          -4.3750000000000000e+00   3.7500000000000000e+00   0.0000000000000000e+00 #xyz tv0
          -5.0000000000000000e+00   3.7500000000000000e+00   0.0000000000000000e+00 #xyz tv1
          -4.3750000000000000e+00   4.3750000000000000e+00   0.0000000000000000e+00 112 -1 #xyz tv2 fid bid
          -5.0000000000000000e+00   3.7500000000000000e+00   0.0000000000000000e+00 #xyz ev0
          -4.3750000000000000e+00   3.7500000000000000e+00   0.0000000000000000e+00 -1 6 #xyz ev1 fid bid
   0   0.000000000000e+00   0.000000000000e+00   0.000000000000e+00 #flag location
END_ERR 
G3dErrFileVersion 2025R1
FlagFileMetaData Begin
   Mesh Size - Setup1, Refinement, Pass #5, Freq. 1.100000e+10 :Title    
   Listing of mesh elements with poor quality. :ToolTip  
   hf3d :Author   
   1768245659 :TimeStamp
   mm :UnitName 
   1.0000000000000000e-03 :UnitConv
FlagFileMetaData End
BEGIN_ERR 
26 Small mesh segment detected on body : Substrate
 Small mesh segment detected on body : Substrate 
 Segment Statistics - Number of Segments : 1 --- Segment length(s) : 0.067668mm. The cutoff frequency for S-Matrix Only Solve is 18.142850278383MHz 
1 -1  # nfids, fids[]
1 6  # nbids, bids[]
      4 0 1 0 #ntets ntri ned npts
          -3.4056090317263479e+00   3.3544532446798132e+00   1.3695401064252561e+00 #xyz tv0
          -3.4198119184686631e+00   3.4209980321342437e+00   1.4177222598638548e+00 #xyz tv1
          -3.3099282947742177e+00   3.3573128522256663e+00   1.4280906249671272e+00 #xyz tv2
          -3.3960154866374666e+00   3.3215096521234742e+00   1.4278631590449651e+00 -1 6 #xyz tv3 fid bid
          -3.4056090317263479e+00   3.3544532446798132e+00   1.3695401064252561e+00 #xyz tv0
          -3.3099282947742177e+00   3.3573128522256663e+00   1.4280906249671272e+00 #xyz tv1
          -3.3633123963098068e+00   3.2593792391183145e+00   1.3534059293292864e+00 #xyz tv2
          -3.3960154866374666e+00   3.3215096521234742e+00   1.4278631590449651e+00 -1 6 #xyz tv3 fid bid
          -3.4056090317263479e+00   3.3544532446798132e+00   1.3695401064252561e+00 #xyz tv0
          -3.4198119184686631e+00   3.4209980321342437e+00   1.4177222598638548e+00 #xyz tv1
          -3.3960154866374666e+00   3.3215096521234742e+00   1.4278631590449651e+00 #xyz tv2
          -3.4821026785007159e+00   3.2857064520212811e+00   1.4276356931228027e+00 -1 6 #xyz tv3 fid bid
          -3.4056090317263479e+00   3.3544532446798132e+00   1.3695401064252561e+00 #xyz tv0
          -3.3960154866374666e+00   3.3215096521234742e+00   1.4278631590449651e+00 #xyz tv1
          -3.3633123963098068e+00   3.2593792391183145e+00   1.3534059293292864e+00 #xyz tv2
          -3.4821026785007159e+00   3.2857064520212811e+00   1.4276356931228027e+00 -1 6 #xyz tv3 fid bid
          -3.4056090317263479e+00   3.3544532446798132e+00   1.3695401064252561e+00 #xyz ev0
          -3.3960154866374666e+00   3.3215096521234742e+00   1.4278631590449651e+00 -1 6 #xyz ev1 fid bid
   0   0.000000000000e+00   0.000000000000e+00   0.000000000000e+00 #flag location
END_ERR 
BEGIN_ERR 
26 Small mesh segment detected on body : Substrate
 Small mesh segment detected on body : Substrate 
 Segment Statistics - Number of Segments : 1 --- Segment length(s) : 0.073980mm. The cutoff frequency for S-Matrix Only Solve is 18.142850278383MHz 
1 -1  # nfids, fids[]
1 6  # nbids, bids[]
      6 0 1 0 #ntets ntri ned npts
          -3.2189258194581711e+00  -3.3015054039502916e+00   1.4289668545182883e+00 #xyz tv0
          -3.1297139597251853e+00  -3.3049900485031811e+00   1.3512162851069727e+00 #xyz tv1
          -3.1344725436973917e+00  -3.2148158427053506e+00   1.4186947953916520e+00 #xyz tv2
          -3.2438757600360262e+00  -3.2335229293332448e+00   1.4138362456233251e+00 -1 6 #xyz tv3 fid bid
          -3.1904225782872739e+00  -3.2202228219623823e+00   1.4935793637367736e+00 #xyz tv0
          -3.2189258194581711e+00  -3.3015054039502916e+00   1.4289668545182883e+00 #xyz tv1
          -3.1344725436973917e+00  -3.2148158427053506e+00   1.4186947953916520e+00 #xyz tv2
          -3.2438757600360262e+00  -3.2335229293332448e+00   1.4138362456233251e+00 -1 6 #xyz tv3 fid bid
          -3.1297139597251853e+00  -3.3049900485031811e+00   1.3512162851069727e+00 #xyz tv0
          -3.2189258194581711e+00  -3.3015054039502916e+00   1.4289668545182883e+00 #xyz tv1
          -3.3287819971318404e+00  -3.2636537689949456e+00   1.3393298370885804e+00 #xyz tv2
          -3.2438757600360262e+00  -3.2335229293332448e+00   1.4138362456233251e+00 -1 6 #xyz tv3 fid bid
          -3.1904225782872739e+00  -3.2202228219623823e+00   1.4935793637367736e+00 #xyz tv0
          -3.2779999999999996e+00  -3.2779999999999996e+00   1.5240000000000000e+00 #xyz tv1
          -3.2189258194581711e+00  -3.3015054039502916e+00   1.4289668545182883e+00 #xyz tv2
          -3.2438757600360262e+00  -3.2335229293332448e+00   1.4138362456233251e+00 -1 6 #xyz tv3 fid bid
          -3.2189258194581711e+00  -3.3015054039502916e+00   1.4289668545182883e+00 #xyz tv0
          -3.3647592001691216e+00  -3.2807367708416506e+00   1.4225853575703677e+00 #xyz tv1
          -3.3287819971318404e+00  -3.2636537689949456e+00   1.3393298370885804e+00 #xyz tv2
          -3.2438757600360262e+00  -3.2335229293332448e+00   1.4138362456233251e+00 -1 6 #xyz tv3 fid bid
          -3.2189258194581711e+00  -3.3015054039502916e+00   1.4289668545182883e+00 #xyz tv0
          -3.3647592001691216e+00  -3.2807367708416506e+00   1.4225853575703677e+00 #xyz tv1
          -3.2438757600360262e+00  -3.2335229293332448e+00   1.4138362456233251e+00 #xyz tv2
          -3.2779999999999996e+00  -3.2779999999999996e+00   1.5240000000000000e+00 -1 6 #xyz tv3 fid bid
          -3.2438757600360262e+00  -3.2335229293332448e+00   1.4138362456233251e+00 #xyz ev0
          -3.2189258194581711e+00  -3.3015054039502916e+00   1.4289668545182883e+00 -1 6 #xyz ev1 fid bid
   0   0.000000000000e+00   0.000000000000e+00   0.000000000000e+00 #flag location
END_ERR 
BEGIN_ERR 
26 Small mesh segment detected on body : Substrate
 Small mesh segment detected on body : Substrate 
 Segment Statistics - Number of Segments : 1 --- Segment length(s) : 0.079425mm. The cutoff frequency for S-Matrix Only Solve is 18.142850278383MHz 
1 -1  # nfids, fids[]
1 6  # nbids, bids[]
      4 0 1 0 #ntets ntri ned npts
          -3.2476613283789089e+00   3.3687792815974325e+00   1.4760453124835635e+00 #xyz tv0
          -3.2942928596922294e+00   3.4622540592225071e+00   1.5240000000000000e+00 #xyz tv1
          -3.2183165439748938e+00   3.4619261710463460e+00   1.4178365813357143e+00 #xyz tv2
          -3.1853943619836005e+00   3.3802457109691990e+00   1.5240000000000000e+00 -1 6 #xyz tv3 fid bid
          -3.2476613283789089e+00   3.3687792815974325e+00   1.4760453124835635e+00 #xyz tv0
          -3.2183165439748938e+00   3.4619261710463460e+00   1.4178365813357143e+00 #xyz tv1
          -3.1983886008498832e+00   3.3201491425062946e+00   1.3605449173246273e+00 #xyz tv2
          -3.1853943619836005e+00   3.3802457109691990e+00   1.5240000000000000e+00 -1 6 #xyz tv3 fid bid
          -3.2476613283789089e+00   3.3687792815974325e+00   1.4760453124835635e+00 #xyz tv0
          -3.2779999999999996e+00   3.2779999999999996e+00   1.5240000000000000e+00 #xyz tv1
          -3.2942928596922294e+00   3.4622540592225071e+00   1.5240000000000000e+00 #xyz tv2
          -3.1853943619836005e+00   3.3802457109691990e+00   1.5240000000000000e+00 -1 6 #xyz tv3 fid bid
          -3.2476613283789089e+00   3.3687792815974325e+00   1.4760453124835635e+00 #xyz tv0
          -3.1983886008498832e+00   3.3201491425062946e+00   1.3605449173246273e+00 #xyz tv1
          -3.2779999999999996e+00   3.2779999999999996e+00   1.5240000000000000e+00 #xyz tv2
          -3.1853943619836005e+00   3.3802457109691990e+00   1.5240000000000000e+00 -1 6 #xyz tv3 fid bid
          -3.1853943619836005e+00   3.3802457109691990e+00   1.5240000000000000e+00 #xyz ev0
          -3.2476613283789089e+00   3.3687792815974325e+00   1.4760453124835635e+00 -1 6 #xyz ev1 fid bid
   0   0.000000000000e+00   0.000000000000e+00   0.000000000000e+00 #flag location
END_ERR 
G3dErrFileVersion 2025R1
FlagFileMetaData Begin
   Mesh Size - Setup1, Refinement, Pass #6, Freq. 1.100000e+10 :Title    
   Listing of mesh elements with poor quality. :ToolTip  
   hf3d :Author   
   1768245666 :TimeStamp
   mm :UnitName 
   1.0000000000000000e-03 :UnitConv
FlagFileMetaData End
BEGIN_ERR 
26 Small mesh segment detected on body : Substrate
 Small mesh segment detected on body : Substrate 
 Segment Statistics - Number of Segments : 1 --- Segment length(s) : 0.048269mm. The cutoff frequency for S-Matrix Only Solve is 18.142850278383MHz 
1 -1  # nfids, fids[]
1 6  # nbids, bids[]
      4 0 1 0 #ntets ntri ned npts
          -3.2913720459983637e+00  -3.2884708409683649e+00   1.4217971064296888e+00 #xyz tv0
          -3.2779999999999996e+00  -3.2779999999999996e+00   1.5240000000000000e+00 #xyz tv1
          -3.2875147170509016e+00  -3.3348839572615288e+00   1.4344797360244661e+00 #xyz tv2
          -3.3674032386711623e+00  -3.2931865787490362e+00   1.4271389607616121e+00 -1 6 #xyz tv3 fid bid
          -3.2913720459983637e+00  -3.2884708409683649e+00   1.4217971064296888e+00 #xyz tv0
          -3.2813602737276106e+00  -3.3598651234123240e+00   1.3311488159300144e+00 #xyz tv1
          -3.3674032386711623e+00  -3.2931865787490362e+00   1.4271389607616121e+00 #xyz tv2
          -3.2875147170509016e+00  -3.3348839572615288e+00   1.4344797360244661e+00 -1 6 #xyz tv3 fid bid
          -3.2913720459983637e+00  -3.2884708409683649e+00   1.4217971064296888e+00 #xyz tv0
          -3.2875147170509016e+00  -3.3348839572615288e+00   1.4344797360244661e+00 #xyz tv1
          -3.2779999999999996e+00  -3.2779999999999996e+00   1.5240000000000000e+00 #xyz tv2
          -3.2189258194581711e+00  -3.3015054039502916e+00   1.4289668545182885e+00 -1 6 #xyz tv3 fid bid
          -3.2913720459983637e+00  -3.2884708409683649e+00   1.4217971064296888e+00 #xyz tv0
          -3.2189258194581711e+00  -3.3015054039502916e+00   1.4289668545182885e+00 #xyz tv1
          -3.2813602737276106e+00  -3.3598651234123240e+00   1.3311488159300144e+00 #xyz tv2
          -3.2875147170509016e+00  -3.3348839572615288e+00   1.4344797360244661e+00 -1 6 #xyz tv3 fid bid
          -3.2913720459983637e+00  -3.2884708409683649e+00   1.4217971064296888e+00 #xyz ev0
          -3.2875147170509016e+00  -3.3348839572615288e+00   1.4344797360244661e+00 -1 6 #xyz ev1 fid bid
   0   0.000000000000e+00   0.000000000000e+00   0.000000000000e+00 #flag location
END_ERR 
BEGIN_ERR 
26 Small mesh segment detected on body : Substrate
 Small mesh segment detected on body : Substrate 
 Segment Statistics - Number of Segments : 1 --- Segment length(s) : 0.051899mm. The cutoff frequency for S-Matrix Only Solve is 18.142850278383MHz 
1 -1  # nfids, fids[]
1 6  # nbids, bids[]
      5 0 1 0 #ntets ntri ned npts
          -3.5046223216849262e+00  -3.2184809405711423e+00   1.4142585465422566e+00 #xyz tv0
          -3.3435906575766765e+00  -3.2208680133503305e+00   1.4314754882097220e+00 #xyz tv1
          -3.3674032386711623e+00  -3.2931865787490362e+00   1.4271389607616121e+00 #xyz tv2
          -3.3712598100632380e+00  -3.2292699510347322e+00   1.4745723280777101e+00 -1 6 #xyz tv3 fid bid
          -3.3435906575766765e+00  -3.2208680133503305e+00   1.4314754882097220e+00 #xyz tv0
          -3.3712598100632380e+00  -3.2292699510347322e+00   1.4745723280777101e+00 #xyz tv1
          -3.2779999999999996e+00  -3.2779999999999996e+00   1.5240000000000000e+00 #xyz tv2
          -3.3674032386711623e+00  -3.2931865787490362e+00   1.4271389607616121e+00 -1 6 #xyz tv3 fid bid
          -3.4060366109060665e+00  -3.0674081959401613e+00   1.4504866938591454e+00 #xyz tv0
