G3dErrFileVersion 2025R1
FlagFileMetaData Begin
   Mesh Size - Setup1, Refinement, Pass #1, Freq. 1.000000e+10 :Title    
   Listing of mesh elements with poor quality. :ToolTip  
   hf3d :Author   
   1779613223 :TimeStamp
   mm :UnitName 
   1.0000000000000000e-03 :UnitConv
FlagFileMetaData End
BEGIN_ERR 
26 Small mesh segment detected on body : Substrate
 Small mesh segment detected on body : Substrate 
 Segment Statistics - Number of Segments : 1 --- Segment length(s) : 0.095250mm. The cutoff frequency for S-Matrix Only Solve is 18.142850278383MHz 
3 -1  10  78  # nfids, fids[]
2 6  -1  # nbids, bids[]
      4 4 1 0 #ntets ntri ned npts
          -7.5000000000000000e+00   6.5625000000000000e+00   9.5250000000000001e-02 #xyz tv0
          -7.5000000000000000e+00   6.5625000000000000e+00   0.0000000000000000e+00 #xyz tv1
          -6.5625000000000000e+00   6.5625000000000000e+00   0.0000000000000000e+00 #xyz tv2
          -7.5000000000000000e+00   7.5000000000000000e+00   0.0000000000000000e+00 -1 6 #xyz tv3 fid bid
          -7.5000000000000000e+00   6.5625000000000000e+00   9.5250000000000001e-02 #xyz tv0
          -7.5000000000000000e+00   5.6250000000000000e+00   0.0000000000000000e+00 #xyz tv1
          -6.5625000000000000e+00   6.5625000000000000e+00   0.0000000000000000e+00 #xyz tv2
          -7.5000000000000000e+00   6.5625000000000000e+00   0.0000000000000000e+00 -1 6 #xyz tv3 fid bid
          -8.2500000000000000e+00   4.1068026349801752e+00  -5.4295842825426610e-01 #xyz tv0
          -7.5000000000000000e+00   6.5625000000000000e+00   9.5250000000000001e-02 #xyz tv1
          -7.5000000000000000e+00   7.5000000000000000e+00   0.0000000000000000e+00 #xyz tv2
          -7.5000000000000000e+00   6.5625000000000000e+00   0.0000000000000000e+00 -1 6 #xyz tv3 fid bid
          -7.5000000000000000e+00   6.5625000000000000e+00   9.5250000000000001e-02 #xyz tv0
          -8.2500000000000000e+00   4.1068026349801752e+00  -5.4295842825426610e-01 #xyz tv1
          -7.5000000000000000e+00   5.6250000000000000e+00   0.0000000000000000e+00 #xyz tv2
          -7.5000000000000000e+00   6.5625000000000000e+00   0.0000000000000000e+00 -1 6 #xyz tv3 fid bid
          -7.5000000000000000e+00   6.5625000000000000e+00   9.5250000000000001e-02 #xyz tv0
          -7.5000000000000000e+00   7.5000000000000000e+00   0.0000000000000000e+00 #xyz tv1
          -7.5000000000000000e+00   6.5625000000000000e+00   0.0000000000000000e+00 10 -1 #xyz tv2 fid bid
          -7.5000000000000000e+00   6.5625000000000000e+00   9.5250000000000001e-02 #xyz tv0
          -7.5000000000000000e+00   7.5000000000000000e+00   0.0000000000000000e+00 #xyz tv1
          -7.5000000000000000e+00   6.5625000000000000e+00   0.0000000000000000e+00 78 -1 #xyz tv2 fid bid
          -7.5000000000000000e+00   5.6250000000000000e+00   0.0000000000000000e+00 #xyz tv0
          -7.5000000000000000e+00   6.5625000000000000e+00   9.5250000000000001e-02 #xyz tv1
          -7.5000000000000000e+00   6.5625000000000000e+00   0.0000000000000000e+00 10 -1 #xyz tv2 fid bid
          -7.5000000000000000e+00   5.6250000000000000e+00   0.0000000000000000e+00 #xyz tv0
          -7.5000000000000000e+00   6.5625000000000000e+00   9.5250000000000001e-02 #xyz tv1
          -7.5000000000000000e+00   6.5625000000000000e+00   0.0000000000000000e+00 78 -1 #xyz tv2 fid bid
          -7.5000000000000000e+00   6.5625000000000000e+00   0.0000000000000000e+00 #xyz ev0
          -7.5000000000000000e+00   6.5625000000000000e+00   9.5250000000000001e-02 -1 6 #xyz ev1 fid bid
   0   0.000000000000e+00   0.000000000000e+00   0.000000000000e+00 #flag location
END_ERR 
BEGIN_ERR 
26 Small mesh segment detected on body : Substrate
 Small mesh segment detected on body : Substrate 
 Segment Statistics - Number of Segments : 1 --- Segment length(s) : 1.325825mm. The cutoff frequency for S-Matrix Only Solve is 18.142850278383MHz 
4 -1  8  76  112  # nfids, fids[]
2 6  -1  # nbids, bids[]
      5 6 1 0 #ntets ntri ned npts
          -6.5625000000000000e+00  -6.5625000000000000e+00   0.0000000000000000e+00 #xyz tv0
          -7.5000000000000000e+00  -7.5000000000000000e+00   0.0000000000000000e+00 #xyz tv1
          -7.5000000000000000e+00  -6.5625000000000000e+00   0.0000000000000000e+00 #xyz tv2
          -7.0312500000000000e+00  -7.0312500000000000e+00   3.7207031250000000e-01 -1 6 #xyz tv3 fid bid
          -7.5000000000000000e+00  -6.5625000000000000e+00   0.0000000000000000e+00 #xyz tv0
          -6.5625000000000000e+00  -6.5625000000000000e+00   0.0000000000000000e+00 #xyz tv1
          -8.2500000000000000e+00  -6.1402718621399179e+00  -2.0356972697123510e+00 #xyz tv2
          -7.5000000000000000e+00  -7.5000000000000000e+00   0.0000000000000000e+00 -1 6 #xyz tv3 fid bid
          -6.5625000000000000e+00  -6.5625000000000000e+00   0.0000000000000000e+00 #xyz tv0
          -6.5625000000000000e+00  -7.5000000000000000e+00   0.0000000000000000e+00 #xyz tv1
          -7.5000000000000000e+00  -7.5000000000000000e+00   0.0000000000000000e+00 #xyz tv2
          -7.0312500000000000e+00  -7.0312500000000000e+00   3.7207031250000000e-01 -1 6 #xyz tv3 fid bid
          -6.5625000000000000e+00  -6.5625000000000000e+00   0.0000000000000000e+00 #xyz tv0
          -7.5000000000000000e+00  -7.5000000000000000e+00   0.0000000000000000e+00 #xyz tv1
          -6.7093389855189844e+00  -7.5129172499590267e+00  -1.4292328589358787e+00 #xyz tv2
          -8.2500000000000000e+00  -6.1402718621399179e+00  -2.0356972697123510e+00 -1 6 #xyz tv3 fid bid
          -6.5625000000000000e+00  -6.5625000000000000e+00   0.0000000000000000e+00 #xyz tv0
          -6.7093389855189844e+00  -7.5129172499590267e+00  -1.4292328589358787e+00 #xyz tv1
          -7.5000000000000000e+00  -7.5000000000000000e+00   0.0000000000000000e+00 #xyz tv2
          -6.5625000000000000e+00  -7.5000000000000000e+00   0.0000000000000000e+00 -1 6 #xyz tv3 fid bid
          -6.5625000000000000e+00  -7.5000000000000000e+00   0.0000000000000000e+00 #xyz tv0
          -7.5000000000000000e+00  -7.5000000000000000e+00   0.0000000000000000e+00 #xyz tv1
          -6.5625000000000000e+00  -6.5625000000000000e+00   0.0000000000000000e+00 8 -1 #xyz tv2 fid bid
          -6.5625000000000000e+00  -7.5000000000000000e+00   0.0000000000000000e+00 #xyz tv0
          -7.5000000000000000e+00  -7.5000000000000000e+00   0.0000000000000000e+00 #xyz tv1
          -6.5625000000000000e+00  -6.5625000000000000e+00   0.0000000000000000e+00 76 -1 #xyz tv2 fid bid
          -6.5625000000000000e+00  -7.5000000000000000e+00   0.0000000000000000e+00 #xyz tv0
          -7.5000000000000000e+00  -7.5000000000000000e+00   0.0000000000000000e+00 #xyz tv1
          -6.5625000000000000e+00  -6.5625000000000000e+00   0.0000000000000000e+00 112 -1 #xyz tv2 fid bid
          -7.5000000000000000e+00  -7.5000000000000000e+00   0.0000000000000000e+00 #xyz tv0
          -7.5000000000000000e+00  -6.5625000000000000e+00   0.0000000000000000e+00 #xyz tv1
          -6.5625000000000000e+00  -6.5625000000000000e+00   0.0000000000000000e+00 8 -1 #xyz tv2 fid bid
          -7.5000000000000000e+00  -7.5000000000000000e+00   0.0000000000000000e+00 #xyz tv0
          -7.5000000000000000e+00  -6.5625000000000000e+00   0.0000000000000000e+00 #xyz tv1
          -6.5625000000000000e+00  -6.5625000000000000e+00   0.0000000000000000e+00 76 -1 #xyz tv2 fid bid
          -7.5000000000000000e+00  -7.5000000000000000e+00   0.0000000000000000e+00 #xyz tv0
          -7.5000000000000000e+00  -6.5625000000000000e+00   0.0000000000000000e+00 #xyz tv1
          -6.5625000000000000e+00  -6.5625000000000000e+00   0.0000000000000000e+00 112 -1 #xyz tv2 fid bid
          -7.5000000000000000e+00  -7.5000000000000000e+00   0.0000000000000000e+00 #xyz ev0
          -6.5625000000000000e+00  -6.5625000000000000e+00   0.0000000000000000e+00 -1 6 #xyz ev1 fid bid
   0   0.000000000000e+00   0.000000000000e+00   0.000000000000e+00 #flag location
END_ERR 
G3dErrFileVersion 2025R1
FlagFileMetaData Begin
   Mesh Size - Setup1, Refinement, Pass #2, Freq. 1.000000e+10 :Title    
   Listing of mesh elements with poor quality. :ToolTip  
   hf3d :Author   
   1779613228 :TimeStamp
   mm :UnitName 
   1.0000000000000000e-03 :UnitConv
FlagFileMetaData End
BEGIN_ERR 
26 Small mesh segment detected on body : Substrate
 Small mesh segment detected on body : Substrate 
 Segment Statistics - Number of Segments : 1 --- Segment length(s) : 0.095250mm. The cutoff frequency for S-Matrix Only Solve is 18.142850278383MHz 
3 -1  10  78  # nfids, fids[]
2 6  -1  # nbids, bids[]
      4 4 1 0 #ntets ntri ned npts
          -7.5000000000000000e+00   6.5625000000000000e+00   9.5250000000000001e-02 #xyz tv0
          -7.5000000000000000e+00   6.5625000000000000e+00   0.0000000000000000e+00 #xyz tv1
          -6.5625000000000000e+00   6.5625000000000000e+00   0.0000000000000000e+00 #xyz tv2
          -7.5000000000000000e+00   7.5000000000000000e+00   0.0000000000000000e+00 -1 6 #xyz tv3 fid bid
          -7.5000000000000000e+00   6.5625000000000000e+00   9.5250000000000001e-02 #xyz tv0
          -7.5000000000000000e+00   5.6250000000000000e+00   0.0000000000000000e+00 #xyz tv1
          -6.5625000000000000e+00   6.5625000000000000e+00   0.0000000000000000e+00 #xyz tv2
          -7.5000000000000000e+00   6.5625000000000000e+00   0.0000000000000000e+00 -1 6 #xyz tv3 fid bid
          -8.2500000000000000e+00   4.2921921050352676e+00  -6.8813310819068563e-01 #xyz tv0
          -7.5000000000000000e+00   6.5625000000000000e+00   9.5250000000000001e-02 #xyz tv1
          -7.5000000000000000e+00   7.5000000000000000e+00   0.0000000000000000e+00 #xyz tv2
          -7.5000000000000000e+00   6.5625000000000000e+00   0.0000000000000000e+00 -1 6 #xyz tv3 fid bid
          -7.5000000000000000e+00   6.5625000000000000e+00   9.5250000000000001e-02 #xyz tv0
          -8.2500000000000000e+00   4.2921921050352676e+00  -6.8813310819068563e-01 #xyz tv1
          -7.5000000000000000e+00   5.6250000000000000e+00   0.0000000000000000e+00 #xyz tv2
          -7.5000000000000000e+00   6.5625000000000000e+00   0.0000000000000000e+00 -1 6 #xyz tv3 fid bid
          -7.5000000000000000e+00   6.5625000000000000e+00   9.5250000000000001e-02 #xyz tv0
          -7.5000000000000000e+00   7.5000000000000000e+00   0.0000000000000000e+00 #xyz tv1
          -7.5000000000000000e+00   6.5625000000000000e+00   0.0000000000000000e+00 10 -1 #xyz tv2 fid bid
          -7.5000000000000000e+00   6.5625000000000000e+00   9.5250000000000001e-02 #xyz tv0
          -7.5000000000000000e+00   7.5000000000000000e+00   0.0000000000000000e+00 #xyz tv1
          -7.5000000000000000e+00   6.5625000000000000e+00   0.0000000000000000e+00 78 -1 #xyz tv2 fid bid
          -7.5000000000000000e+00   5.6250000000000000e+00   0.0000000000000000e+00 #xyz tv0
          -7.5000000000000000e+00   6.5625000000000000e+00   9.5250000000000001e-02 #xyz tv1
          -7.5000000000000000e+00   6.5625000000000000e+00   0.0000000000000000e+00 10 -1 #xyz tv2 fid bid
          -7.5000000000000000e+00   5.6250000000000000e+00   0.0000000000000000e+00 #xyz tv0
          -7.5000000000000000e+00   6.5625000000000000e+00   9.5250000000000001e-02 #xyz tv1
          -7.5000000000000000e+00   6.5625000000000000e+00   0.0000000000000000e+00 78 -1 #xyz tv2 fid bid
          -7.5000000000000000e+00   6.5625000000000000e+00   0.0000000000000000e+00 #xyz ev0
          -7.5000000000000000e+00   6.5625000000000000e+00   9.5250000000000001e-02 -1 6 #xyz ev1 fid bid
   0   0.000000000000e+00   0.000000000000e+00   0.000000000000e+00 #flag location
END_ERR 
BEGIN_ERR 
26 Small mesh segment detected on body : Substrate
 Small mesh segment detected on body : Substrate 
 Segment Statistics - Number of Segments : 1 --- Segment length(s) : 1.325825mm. The cutoff frequency for S-Matrix Only Solve is 18.142850278383MHz 
4 -1  8  76  112  # nfids, fids[]
2 6  -1  # nbids, bids[]
      5 6 1 0 #ntets ntri ned npts
          -6.5625000000000000e+00  -6.5625000000000000e+00   0.0000000000000000e+00 #xyz tv0
          -7.5000000000000000e+00  -7.5000000000000000e+00   0.0000000000000000e+00 #xyz tv1
          -7.5000000000000000e+00  -6.5625000000000000e+00   0.0000000000000000e+00 #xyz tv2
          -7.0312500000000000e+00  -7.0312500000000000e+00   3.7207031250000000e-01 -1 6 #xyz tv3 fid bid
          -7.5000000000000000e+00  -6.5625000000000000e+00   0.0000000000000000e+00 #xyz tv0
          -6.5625000000000000e+00  -6.5625000000000000e+00   0.0000000000000000e+00 #xyz tv1
          -8.2500000000000000e+00  -6.1402718621399179e+00  -2.0356972697123510e+00 #xyz tv2
          -7.5000000000000000e+00  -7.5000000000000000e+00   0.0000000000000000e+00 -1 6 #xyz tv3 fid bid
          -6.5625000000000000e+00  -6.5625000000000000e+00   0.0000000000000000e+00 #xyz tv0
          -6.5625000000000000e+00  -7.5000000000000000e+00   0.0000000000000000e+00 #xyz tv1
          -7.5000000000000000e+00  -7.5000000000000000e+00   0.0000000000000000e+00 #xyz tv2
          -7.0312500000000000e+00  -7.0312500000000000e+00   3.7207031250000000e-01 -1 6 #xyz tv3 fid bid
          -6.5625000000000000e+00  -6.5625000000000000e+00   0.0000000000000000e+00 #xyz tv0
          -7.5000000000000000e+00  -7.5000000000000000e+00   0.0000000000000000e+00 #xyz tv1
          -6.7093389855189844e+00  -7.5129172499590267e+00  -1.4292328589358787e+00 #xyz tv2
          -8.2500000000000000e+00  -6.1402718621399179e+00  -2.0356972697123510e+00 -1 6 #xyz tv3 fid bid
          -6.5625000000000000e+00  -6.5625000000000000e+00   0.0000000000000000e+00 #xyz tv0
          -6.7093389855189844e+00  -7.5129172499590267e+00  -1.4292328589358787e+00 #xyz tv1
          -7.5000000000000000e+00  -7.5000000000000000e+00   0.0000000000000000e+00 #xyz tv2
          -6.5625000000000000e+00  -7.5000000000000000e+00   0.0000000000000000e+00 -1 6 #xyz tv3 fid bid
          -6.5625000000000000e+00  -7.5000000000000000e+00   0.0000000000000000e+00 #xyz tv0
          -7.5000000000000000e+00  -7.5000000000000000e+00   0.0000000000000000e+00 #xyz tv1
          -6.5625000000000000e+00  -6.5625000000000000e+00   0.0000000000000000e+00 8 -1 #xyz tv2 fid bid
          -6.5625000000000000e+00  -7.5000000000000000e+00   0.0000000000000000e+00 #xyz tv0
          -7.5000000000000000e+00  -7.5000000000000000e+00   0.0000000000000000e+00 #xyz tv1
          -6.5625000000000000e+00  -6.5625000000000000e+00   0.0000000000000000e+00 76 -1 #xyz tv2 fid bid
          -6.5625000000000000e+00  -7.5000000000000000e+00   0.0000000000000000e+00 #xyz tv0
          -7.5000000000000000e+00  -7.5000000000000000e+00   0.0000000000000000e+00 #xyz tv1
          -6.5625000000000000e+00  -6.5625000000000000e+00   0.0000000000000000e+00 112 -1 #xyz tv2 fid bid
          -7.5000000000000000e+00  -7.5000000000000000e+00   0.0000000000000000e+00 #xyz tv0
          -7.5000000000000000e+00  -6.5625000000000000e+00   0.0000000000000000e+00 #xyz tv1
          -6.5625000000000000e+00  -6.5625000000000000e+00   0.0000000000000000e+00 8 -1 #xyz tv2 fid bid
          -7.5000000000000000e+00  -7.5000000000000000e+00   0.0000000000000000e+00 #xyz tv0
          -7.5000000000000000e+00  -6.5625000000000000e+00   0.0000000000000000e+00 #xyz tv1
          -6.5625000000000000e+00  -6.5625000000000000e+00   0.0000000000000000e+00 76 -1 #xyz tv2 fid bid
          -7.5000000000000000e+00  -7.5000000000000000e+00   0.0000000000000000e+00 #xyz tv0
          -7.5000000000000000e+00  -6.5625000000000000e+00   0.0000000000000000e+00 #xyz tv1
          -6.5625000000000000e+00  -6.5625000000000000e+00   0.0000000000000000e+00 112 -1 #xyz tv2 fid bid
          -7.5000000000000000e+00  -7.5000000000000000e+00   0.0000000000000000e+00 #xyz ev0
          -6.5625000000000000e+00  -6.5625000000000000e+00   0.0000000000000000e+00 -1 6 #xyz ev1 fid bid
   0   0.000000000000e+00   0.000000000000e+00   0.000000000000e+00 #flag location
END_ERR 
G3dErrFileVersion 2025R1
FlagFileMetaData Begin
   Mesh Size - Setup1, Refinement, Pass #3, Freq. 1.000000e+10 :Title    
   Listing of mesh elements with poor quality. :ToolTip  
   hf3d :Author   
   1779613235 :TimeStamp
   mm :UnitName 
   1.0000000000000000e-03 :UnitConv
FlagFileMetaData End
BEGIN_ERR 
26 Small mesh segment detected on body : Substrate
 Small mesh segment detected on body : Substrate 
 Segment Statistics - Number of Segments : 1 --- Segment length(s) : 0.095250mm. The cutoff frequency for S-Matrix Only Solve is 18.142850278383MHz 
3 -1  10  78  # nfids, fids[]
2 6  -1  # nbids, bids[]
      4 4 1 0 #ntets ntri ned npts
          -7.5000000000000000e+00   6.5625000000000000e+00   9.5250000000000001e-02 #xyz tv0
          -7.5000000000000000e+00   6.5625000000000000e+00   0.0000000000000000e+00 #xyz tv1
          -6.5625000000000000e+00   6.5625000000000000e+00   0.0000000000000000e+00 #xyz tv2
          -7.5000000000000000e+00   7.5000000000000000e+00   0.0000000000000000e+00 -1 6 #xyz tv3 fid bid
          -7.5000000000000000e+00   6.5625000000000000e+00   9.5250000000000001e-02 #xyz tv0
          -7.5000000000000000e+00   5.6250000000000000e+00   0.0000000000000000e+00 #xyz tv1
          -6.5625000000000000e+00   6.5625000000000000e+00   0.0000000000000000e+00 #xyz tv2
          -7.5000000000000000e+00   6.5625000000000000e+00   0.0000000000000000e+00 -1 6 #xyz tv3 fid bid
          -8.2500000000000000e+00   4.3288623247885116e+00  -7.1865845376882809e-01 #xyz tv0
          -7.5000000000000000e+00   6.5625000000000000e+00   9.5250000000000001e-02 #xyz tv1
          -7.5000000000000000e+00   7.5000000000000000e+00   0.0000000000000000e+00 #xyz tv2
          -7.5000000000000000e+00   6.5625000000000000e+00   0.0000000000000000e+00 -1 6 #xyz tv3 fid bid
          -7.5000000000000000e+00   6.5625000000000000e+00   9.5250000000000001e-02 #xyz tv0
          -8.2500000000000000e+00   4.3288623247885116e+00  -7.1865845376882809e-01 #xyz tv1
          -7.5000000000000000e+00   5.6250000000000000e+00   0.0000000000000000e+00 #xyz tv2
          -7.5000000000000000e+00   6.5625000000000000e+00   0.0000000000000000e+00 -1 6 #xyz tv3 fid bid
          -7.5000000000000000e+00   6.5625000000000000e+00   9.5250000000000001e-02 #xyz tv0
          -7.5000000000000000e+00   7.5000000000000000e+00   0.0000000000000000e+00 #xyz tv1
          -7.5000000000000000e+00   6.5625000000000000e+00   0.0000000000000000e+00 10 -1 #xyz tv2 fid bid
          -7.5000000000000000e+00   6.5625000000000000e+00   9.5250000000000001e-02 #xyz tv0
          -7.5000000000000000e+00   7.5000000000000000e+00   0.0000000000000000e+00 #xyz tv1
          -7.5000000000000000e+00   6.5625000000000000e+00   0.0000000000000000e+00 78 -1 #xyz tv2 fid bid
          -7.5000000000000000e+00   5.6250000000000000e+00   0.0000000000000000e+00 #xyz tv0
          -7.5000000000000000e+00   6.5625000000000000e+00   9.5250000000000001e-02 #xyz tv1
          -7.5000000000000000e+00   6.5625000000000000e+00   0.0000000000000000e+00 10 -1 #xyz tv2 fid bid
          -7.5000000000000000e+00   5.6250000000000000e+00   0.0000000000000000e+00 #xyz tv0
          -7.5000000000000000e+00   6.5625000000000000e+00   9.5250000000000001e-02 #xyz tv1
          -7.5000000000000000e+00   6.5625000000000000e+00   0.0000000000000000e+00 78 -1 #xyz tv2 fid bid
          -7.5000000000000000e+00   6.5625000000000000e+00   0.0000000000000000e+00 #xyz ev0
          -7.5000000000000000e+00   6.5625000000000000e+00   9.5250000000000001e-02 -1 6 #xyz ev1 fid bid
   0   0.000000000000e+00   0.000000000000e+00   0.000000000000e+00 #flag location
END_ERR 
BEGIN_ERR 
26 Small mesh segment detected on body : Substrate
 Small mesh segment detected on body : Substrate 
 Segment Statistics - Number of Segments : 1 --- Segment length(s) : 1.325825mm. The cutoff frequency for S-Matrix Only Solve is 18.142850278383MHz 
4 -1  8  76  112  # nfids, fids[]
2 6  -1  # nbids, bids[]
      5 6 1 0 #ntets ntri ned npts
          -6.5625000000000000e+00  -6.5625000000000000e+00   0.0000000000000000e+00 #xyz tv0
          -7.5000000000000000e+00  -7.5000000000000000e+00   0.0000000000000000e+00 #xyz tv1
          -7.5000000000000000e+00  -6.5625000000000000e+00   0.0000000000000000e+00 #xyz tv2
          -7.0312500000000000e+00  -7.0312500000000000e+00   3.7207031250000000e-01 -1 6 #xyz tv3 fid bid
          -7.5000000000000000e+00  -6.5625000000000000e+00   0.0000000000000000e+00 #xyz tv0
          -6.5625000000000000e+00  -6.5625000000000000e+00   0.0000000000000000e+00 #xyz tv1
          -8.2500000000000000e+00  -6.1402718621399179e+00  -2.0356972697123510e+00 #xyz tv2
          -7.5000000000000000e+00  -7.5000000000000000e+00   0.0000000000000000e+00 -1 6 #xyz tv3 fid bid
          -6.5625000000000000e+00  -6.5625000000000000e+00   0.0000000000000000e+00 #xyz tv0
          -6.5625000000000000e+00  -7.5000000000000000e+00   0.0000000000000000e+00 #xyz tv1
          -7.5000000000000000e+00  -7.5000000000000000e+00   0.0000000000000000e+00 #xyz tv2
          -7.0312500000000000e+00  -7.0312500000000000e+00   3.7207031250000000e-01 -1 6 #xyz tv3 fid bid
          -6.5625000000000000e+00  -6.5625000000000000e+00   0.0000000000000000e+00 #xyz tv0
          -7.5000000000000000e+00  -7.5000000000000000e+00   0.0000000000000000e+00 #xyz tv1
          -6.7093389855189844e+00  -7.5129172499590267e+00  -1.4292328589358787e+00 #xyz tv2
          -8.2500000000000000e+00  -6.1402718621399179e+00  -2.0356972697123510e+00 -1 6 #xyz tv3 fid bid
          -6.5625000000000000e+00  -6.5625000000000000e+00   0.0000000000000000e+00 #xyz tv0
          -6.7093389855189844e+00  -7.5129172499590267e+00  -1.4292328589358787e+00 #xyz tv1
          -7.5000000000000000e+00  -7.5000000000000000e+00   0.0000000000000000e+00 #xyz tv2
          -6.5625000000000000e+00  -7.5000000000000000e+00   0.0000000000000000e+00 -1 6 #xyz tv3 fid bid
          -6.5625000000000000e+00  -7.5000000000000000e+00   0.0000000000000000e+00 #xyz tv0
          -7.5000000000000000e+00  -7.5000000000000000e+00   0.0000000000000000e+00 #xyz tv1
          -6.5625000000000000e+00  -6.5625000000000000e+00   0.0000000000000000e+00 8 -1 #xyz tv2 fid bid
          -6.5625000000000000e+00  -7.5000000000000000e+00   0.0000000000000000e+00 #xyz tv0
          -7.5000000000000000e+00  -7.5000000000000000e+00   0.0000000000000000e+00 #xyz tv1
          -6.5625000000000000e+00  -6.5625000000000000e+00   0.0000000000000000e+00 76 -1 #xyz tv2 fid bid
          -6.5625000000000000e+00  -7.5000000000000000e+00   0.0000000000000000e+00 #xyz tv0
          -7.5000000000000000e+00  -7.5000000000000000e+00   0.0000000000000000e+00 #xyz tv1
          -6.5625000000000000e+00  -6.5625000000000000e+00   0.0000000000000000e+00 112 -1 #xyz tv2 fid bid
          -7.5000000000000000e+00  -7.5000000000000000e+00   0.0000000000000000e+00 #xyz tv0
          -7.5000000000000000e+00  -6.5625000000000000e+00   0.0000000000000000e+00 #xyz tv1
          -6.5625000000000000e+00  -6.5625000000000000e+00   0.0000000000000000e+00 8 -1 #xyz tv2 fid bid
          -7.5000000000000000e+00  -7.5000000000000000e+00   0.0000000000000000e+00 #xyz tv0
          -7.5000000000000000e+00  -6.5625000000000000e+00   0.0000000000000000e+00 #xyz tv1
          -6.5625000000000000e+00  -6.5625000000000000e+00   0.0000000000000000e+00 76 -1 #xyz tv2 fid bid
          -7.5000000000000000e+00  -7.5000000000000000e+00   0.0000000000000000e+00 #xyz tv0
          -7.5000000000000000e+00  -6.5625000000000000e+00   0.0000000000000000e+00 #xyz tv1
          -6.5625000000000000e+00  -6.5625000000000000e+00   0.0000000000000000e+00 112 -1 #xyz tv2 fid bid
          -7.5000000000000000e+00  -7.5000000000000000e+00   0.0000000000000000e+00 #xyz ev0
          -6.5625000000000000e+00  -6.5625000000000000e+00   0.0000000000000000e+00 -1 6 #xyz ev1 fid bid
   0   0.000000000000e+00   0.000000000000e+00   0.000000000000e+00 #flag location
END_ERR 
BEGIN_ERR 
26 Small mesh segment detected on body : Substrate
 Small mesh segment detected on body : Substrate 
 Segment Statistics - Number of Segments : 1 --- Segment length(s) : 0.937500mm. The cutoff frequency for S-Matrix Only Solve is 18.142850278383MHz 
4 -1  8  76  112  # nfids, fids[]
2 6  -1  # nbids, bids[]
      5 6 1 0 #ntets ntri ned npts
          -9.3750000000000000e-01   7.5000000000000000e+00   1.9050000000000000e-01 #xyz tv0
          -1.8750000000000000e+00   7.5000000000000000e+00   0.0000000000000000e+00 #xyz tv1
          -9.3750000000000000e-01   6.5625000000000000e+00   0.0000000000000000e+00 #xyz tv2
          -9.3750000000000000e-01   7.5000000000000000e+00   0.0000000000000000e+00 -1 6 #xyz tv3 fid bid
          -9.3750000000000000e-01   7.5000000000000000e+00   0.0000000000000000e+00 #xyz tv0
          -9.3750000000000000e-01   6.5625000000000000e+00   0.0000000000000000e+00 #xyz tv1
           5.8846946409266887e-01   8.2500000000000000e+00  -1.6997201989351365e+00 #xyz tv2
          -1.8750000000000000e+00   7.5000000000000000e+00   0.0000000000000000e+00 -1 6 #xyz tv3 fid bid
          -9.3750000000000000e-01   7.5000000000000000e+00   1.9050000000000000e-01 #xyz tv0
          -9.3750000000000000e-01   7.5000000000000000e+00   0.0000000000000000e+00 #xyz tv1
          -9.3750000000000000e-01   6.5625000000000000e+00   0.0000000000000000e+00 #xyz tv2
          -4.5630614748322962e-01   6.9741456718423223e+00   3.8856542968750013e-01 -1 6 #xyz tv3 fid bid
          -9.3750000000000000e-01   7.5000000000000000e+00   0.0000000000000000e+00 #xyz tv0
           5.8846946409266887e-01   8.2500000000000000e+00  -1.6997201989351365e+00 #xyz tv1
          -9.3750000000000000e-01   6.5625000000000000e+00   0.0000000000000000e+00 #xyz tv2
           0.0000000000000000e+00   7.5000000000000000e+00   0.0000000000000000e+00 -1 6 #xyz tv3 fid bid
          -9.3750000000000000e-01   6.5625000000000000e+00   0.0000000000000000e+00 #xyz tv0
          -9.3750000000000000e-01   7.5000000000000000e+00   0.0000000000000000e+00 #xyz tv1
           0.0000000000000000e+00   7.5000000000000000e+00   0.0000000000000000e+00 #xyz tv2
          -4.5630614748322962e-01   6.9741456718423223e+00   3.8856542968750013e-01 -1 6 #xyz tv3 fid bid
          -1.8750000000000000e+00   7.5000000000000000e+00   0.0000000000000000e+00 #xyz tv0
          -9.3750000000000000e-01   7.5000000000000000e+00   0.0000000000000000e+00 #xyz tv1
          -9.3750000000000000e-01   6.5625000000000000e+00   0.0000000000000000e+00 8 -1 #xyz tv2 fid bid
          -1.8750000000000000e+00   7.5000000000000000e+00   0.0000000000000000e+00 #xyz tv0
          -9.3750000000000000e-01   7.5000000000000000e+00   0.0000000000000000e+00 #xyz tv1
          -9.3750000000000000e-01   6.5625000000000000e+00   0.0000000000000000e+00 76 -1 #xyz tv2 fid bid
          -1.8750000000000000e+00   7.5000000000000000e+00   0.0000000000000000e+00 #xyz tv0
          -9.3750000000000000e-01   7.5000000000000000e+00   0.0000000000000000e+00 #xyz tv1
          -9.3750000000000000e-01   6.5625000000000000e+00   0.0000000000000000e+00 112 -1 #xyz tv2 fid bid
          -9.3750000000000000e-01   7.5000000000000000e+00   0.0000000000000000e+00 #xyz tv0
           0.0000000000000000e+00   7.5000000000000000e+00   0.0000000000000000e+00 #xyz tv1
          -9.3750000000000000e-01   6.5625000000000000e+00   0.0000000000000000e+00 8 -1 #xyz tv2 fid bid
          -9.3750000000000000e-01   7.5000000000000000e+00   0.0000000000000000e+00 #xyz tv0
           0.0000000000000000e+00   7.5000000000000000e+00   0.0000000000000000e+00 #xyz tv1
          -9.3750000000000000e-01   6.5625000000000000e+00   0.0000000000000000e+00 76 -1 #xyz tv2 fid bid
          -9.3750000000000000e-01   7.5000000000000000e+00   0.0000000000000000e+00 #xyz tv0
           0.0000000000000000e+00   7.5000000000000000e+00   0.0000000000000000e+00 #xyz tv1
          -9.3750000000000000e-01   6.5625000000000000e+00   0.0000000000000000e+00 112 -1 #xyz tv2 fid bid
          -9.3750000000000000e-01   7.5000000000000000e+00   0.0000000000000000e+00 #xyz ev0
          -9.3750000000000000e-01   6.5625000000000000e+00   0.0000000000000000e+00 -1 6 #xyz ev1 fid bid
   0   0.000000000000e+00   0.000000000000e+00   0.000000000000e+00 #flag location
END_ERR 
G3dErrFileVersion 2025R1
FlagFileMetaData Begin
   Mesh Size - Setup1, Refinement, Pass #4, Freq. 1.000000e+10 :Title    
   Listing of mesh elements with poor quality. :ToolTip  
   hf3d :Author   
   1779613240 :TimeStamp
   mm :UnitName 
   1.0000000000000000e-03 :UnitConv
FlagFileMetaData End
BEGIN_ERR 
26 Small mesh segment detected on body : Substrate
 Small mesh segment detected on body : Substrate 
 Segment Statistics - Number of Segments : 1 --- Segment length(s) : 0.094738mm. The cutoff frequency for S-Matrix Only Solve is 18.142850278383MHz 
1 -1  # nfids, fids[]
1 6  # nbids, bids[]
      6 0 1 0 #ntets ntri ned npts
           3.0627994555867328e+00  -3.1669491186916687e+00   1.5240000000000000e+00 #xyz tv0
           3.1364714580773811e+00  -3.1521900159602763e+00   1.4563568352151206e+00 #xyz tv1
           3.1969069064862010e+00  -3.1248541613105827e+00   1.5240000000000000e+00 #xyz tv2
           3.0240000000000000e+00  -3.0240000000000000e+00   1.5240000000000000e+00 -1 6 #xyz tv3 fid bid
           3.0627994555867328e+00  -3.1669491186916687e+00   1.5240000000000000e+00 #xyz tv0
           3.1969069064862010e+00  -3.1248541613105827e+00   1.5240000000000000e+00 #xyz tv1
           3.1364714580773811e+00  -3.1521900159602763e+00   1.4563568352151206e+00 #xyz tv2
           3.1015989111734652e+00  -3.3098982373833366e+00   1.5240000000000000e+00 -1 6 #xyz tv3 fid bid
           3.1364714580773811e+00  -3.1521900159602763e+00   1.4563568352151206e+00 #xyz tv0
           3.1969069064862010e+00  -3.1248541613105827e+00   1.5240000000000000e+00 #xyz tv1
           3.0240000000000000e+00  -3.0240000000000000e+00   1.5240000000000000e+00 #xyz tv2
           3.1776453018799558e+00  -3.0152121039893203e+00   1.4035027006025742e+00 -1 6 #xyz tv3 fid bid
           3.1364714580773811e+00  -3.1521900159602763e+00   1.4563568352151206e+00 #xyz tv0
           3.1969069064862010e+00  -3.1248541613105827e+00   1.5240000000000000e+00 #xyz tv1
           3.2309254014559925e+00  -3.2530697793090493e+00   1.3792750167372145e+00 #xyz tv2
           3.1015989111734652e+00  -3.3098982373833366e+00   1.5240000000000000e+00 -1 6 #xyz tv3 fid bid
           3.1969069064862010e+00  -3.1248541613105827e+00   1.5240000000000000e+00 #xyz tv0
           3.1364714580773811e+00  -3.1521900159602763e+00   1.4563568352151206e+00 #xyz tv1
           3.2385631193737052e+00  -3.1202436525709749e+00   1.4179614557668518e+00 #xyz tv2
           3.1776453018799558e+00  -3.0152121039893203e+00   1.4035027006025742e+00 -1 6 #xyz tv3 fid bid
           3.1969069064862010e+00  -3.1248541613105827e+00   1.5240000000000000e+00 #xyz tv0
           3.2385631193737052e+00  -3.1202436525709749e+00   1.4179614557668518e+00 #xyz tv1
           3.1364714580773811e+00  -3.1521900159602763e+00   1.4563568352151206e+00 #xyz tv2
           3.2309254014559925e+00  -3.2530697793090493e+00   1.3792750167372145e+00 -1 6 #xyz tv3 fid bid
           3.1364714580773811e+00  -3.1521900159602763e+00   1.4563568352151206e+00 #xyz ev0
           3.1969069064862010e+00  -3.1248541613105827e+00   1.5240000000000000e+00 -1 6 #xyz ev1 fid bid
   0   0.000000000000e+00   0.000000000000e+00   0.000000000000e+00 #flag location
END_ERR 
BEGIN_ERR 
26 Small mesh segment detected on body : Substrate
 Small mesh segment detected on body : Substrate 
 Segment Statistics - Number of Segments : 1 --- Segment length(s) : 0.095250mm. The cutoff frequency for S-Matrix Only Solve is 18.142850278383MHz 
3 -1  10  78  # nfids, fids[]
2 6  -1  # nbids, bids[]
      4 4 1 0 #ntets ntri ned npts
          -7.5000000000000000e+00   6.5625000000000000e+00   9.5250000000000001e-02 #xyz tv0
          -7.5000000000000000e+00   6.5625000000000000e+00   0.0000000000000000e+00 #xyz tv1
          -6.5625000000000000e+00   6.5625000000000000e+00   0.0000000000000000e+00 #xyz tv2
          -7.5000000000000000e+00   7.5000000000000000e+00   0.0000000000000000e+00 -1 6 #xyz tv3 fid bid
          -7.5000000000000000e+00   6.5625000000000000e+00   9.5250000000000001e-02 #xyz tv0
          -7.5000000000000000e+00   5.6250000000000000e+00   0.0000000000000000e+00 #xyz tv1
          -6.5625000000000000e+00   6.5625000000000000e+00   0.0000000000000000e+00 #xyz tv2
          -7.5000000000000000e+00   6.5625000000000000e+00   0.0000000000000000e+00 -1 6 #xyz tv3 fid bid
          -8.2500000000000000e+00   4.3361058249866833e+00  -7.2468815166080702e-01 #xyz tv0
          -7.5000000000000000e+00   6.5625000000000000e+00   9.5250000000000001e-02 #xyz tv1
          -7.5000000000000000e+00   7.5000000000000000e+00   0.0000000000000000e+00 #xyz tv2
          -7.5000000000000000e+00   6.5625000000000000e+00   0.0000000000000000e+00 -1 6 #xyz tv3 fid bid
          -7.5000000000000000e+00   6.5625000000000000e+00   9.5250000000000001e-02 #xyz tv0
          -8.2500000000000000e+00   4.3361058249866833e+00  -7.2468815166080702e-01 #xyz tv1
          -7.5000000000000000e+00   5.6250000000000000e+00   0.0000000000000000e+00 #xyz tv2
          -7.5000000000000000e+00   6.5625000000000000e+00   0.0000000000000000e+00 -1 6 #xyz tv3 fid bid
          -7.5000000000000000e+00   6.5625000000000000e+00   9.5250000000000001e-02 #xyz tv0
          -7.5000000000000000e+00   7.5000000000000000e+00   0.0000000000000000e+00 #xyz tv1
          -7.5000000000000000e+00   6.5625000000000000e+00   0.0000000000000000e+00 10 -1 #xyz tv2 fid bid
          -7.5000000000000000e+00   6.5625000000000000e+00   9.5250000000000001e-02 #xyz tv0
          -7.5000000000000000e+00   7.5000000000000000e+00   0.0000000000000000e+00 #xyz tv1
          -7.5000000000000000e+00   6.5625000000000000e+00   0.0000000000000000e+00 78 -1 #xyz tv2 fid bid
          -7.5000000000000000e+00   5.6250000000000000e+00   0.0000000000000000e+00 #xyz tv0
          -7.5000000000000000e+00   6.5625000000000000e+00   9.5250000000000001e-02 #xyz tv1
          -7.5000000000000000e+00   6.5625000000000000e+00   0.0000000000000000e+00 10 -1 #xyz tv2 fid bid
          -7.5000000000000000e+00   5.6250000000000000e+00   0.0000000000000000e+00 #xyz tv0
          -7.5000000000000000e+00   6.5625000000000000e+00   9.5250000000000001e-02 #xyz tv1
          -7.5000000000000000e+00   6.5625000000000000e+00   0.0000000000000000e+00 78 -1 #xyz tv2 fid bid
          -7.5000000000000000e+00   6.5625000000000000e+00   0.0000000000000000e+00 #xyz ev0
          -7.5000000000000000e+00   6.5625000000000000e+00   9.5250000000000001e-02 -1 6 #xyz ev1 fid bid
   0   0.000000000000e+00   0.000000000000e+00   0.000000000000e+00 #flag location
END_ERR 
BEGIN_ERR 
26 Small mesh segment detected on body : Substrate
 Small mesh segment detected on body : Substrate 
 Segment Statistics - Number of Segments : 1 --- Segment length(s) : 1.325825mm. The cutoff frequency for S-Matrix Only Solve is 18.142850278383MHz 
4 -1  8  76  112  # nfids, fids[]
2 6  -1  # nbids, bids[]
      5 6 1 0 #ntets ntri ned npts
          -6.5625000000000000e+00  -6.5625000000000000e+00   0.0000000000000000e+00 #xyz tv0
          -7.5000000000000000e+00  -7.5000000000000000e+00   0.0000000000000000e+00 #xyz tv1
          -7.5000000000000000e+00  -6.5625000000000000e+00   0.0000000000000000e+00 #xyz tv2
          -7.0312500000000000e+00  -7.0312500000000000e+00   3.7207031250000000e-01 -1 6 #xyz tv3 fid bid
          -7.5000000000000000e+00  -6.5625000000000000e+00   0.0000000000000000e+00 #xyz tv0
          -6.5625000000000000e+00  -6.5625000000000000e+00   0.0000000000000000e+00 #xyz tv1
          -8.2500000000000000e+00  -6.1402718621399179e+00  -2.0356972697123510e+00 #xyz tv2
          -7.5000000000000000e+00  -7.5000000000000000e+00   0.0000000000000000e+00 -1 6 #xyz tv3 fid bid
          -6.5625000000000000e+00  -6.5625000000000000e+00   0.0000000000000000e+00 #xyz tv0
          -6.5625000000000000e+00  -7.5000000000000000e+00   0.0000000000000000e+00 #xyz tv1
          -7.5000000000000000e+00  -7.5000000000000000e+00   0.0000000000000000e+00 #xyz tv2
          -7.0312500000000000e+00  -7.0312500000000000e+00   3.7207031250000000e-01 -1 6 #xyz tv3 fid bid
          -6.5625000000000000e+00  -6.5625000000000000e+00   0.0000000000000000e+00 #xyz tv0
          -7.5000000000000000e+00  -7.5000000000000000e+00   0.0000000000000000e+00 #xyz tv1
          -6.7093389855189844e+00  -7.5129172499590267e+00  -1.4292328589358787e+00 #xyz tv2
          -8.2500000000000000e+00  -6.1402718621399179e+00  -2.0356972697123510e+00 -1 6 #xyz tv3 fid bid
          -6.5625000000000000e+00  -6.5625000000000000e+00   0.0000000000000000e+00 #xyz tv0
          -6.7093389855189844e+00  -7.5129172499590267e+00  -1.4292328589358787e+00 #xyz tv1
          -7.5000000000000000e+00  -7.5000000000000000e+00   0.0000000000000000e+00 #xyz tv2
          -6.5625000000000000e+00  -7.5000000000000000e+00   0.0000000000000000e+00 -1 6 #xyz tv3 fid bid
          -6.5625000000000000e+00  -7.5000000000000000e+00   0.0000000000000000e+00 #xyz tv0
          -7.5000000000000000e+00  -7.5000000000000000e+00   0.0000000000000000e+00 #xyz tv1
          -6.5625000000000000e+00  -6.5625000000000000e+00   0.0000000000000000e+00 8 -1 #xyz tv2 fid bid
          -6.5625000000000000e+00  -7.5000000000000000e+00   0.0000000000000000e+00 #xyz tv0
          -7.5000000000000000e+00  -7.5000000000000000e+00   0.0000000000000000e+00 #xyz tv1
          -6.5625000000000000e+00  -6.5625000000000000e+00   0.0000000000000000e+00 76 -1 #xyz tv2 fid bid
          -6.5625000000000000e+00  -7.5000000000000000e+00   0.0000000000000000e+00 #xyz tv0
          -7.5000000000000000e+00  -7.5000000000000000e+00   0.0000000000000000e+00 #xyz tv1
          -6.5625000000000000e+00  -6.5625000000000000e+00   0.0000000000000000e+00 112 -1 #xyz tv2 fid bid
          -7.5000000000000000e+00  -7.5000000000000000e+00   0.0000000000000000e+00 #xyz tv0
          -7.5000000000000000e+00  -6.5625000000000000e+00   0.0000000000000000e+00 #xyz tv1
          -6.5625000000000000e+00  -6.5625000000000000e+00   0.0000000000000000e+00 8 -1 #xyz tv2 fid bid
          -7.5000000000000000e+00  -7.5000000000000000e+00   0.0000000000000000e+00 #xyz tv0
          -7.5000000000000000e+00  -6.5625000000000000e+00   0.0000000000000000e+00 #xyz tv1
          -6.5625000000000000e+00  -6.5625000000000000e+00   0.0000000000000000e+00 76 -1 #xyz tv2 fid bid
          -7.5000000000000000e+00  -7.5000000000000000e+00   0.0000000000000000e+00 #xyz tv0
          -7.5000000000000000e+00  -6.5625000000000000e+00   0.0000000000000000e+00 #xyz tv1
          -6.5625000000000000e+00  -6.5625000000000000e+00   0.0000000000000000e+00 112 -1 #xyz tv2 fid bid
          -7.5000000000000000e+00  -7.5000000000000000e+00   0.0000000000000000e+00 #xyz ev0
          -6.5625000000000000e+00  -6.5625000000000000e+00   0.0000000000000000e+00 -1 6 #xyz ev1 fid bid
   0   0.000000000000e+00   0.000000000000e+00   0.000000000000e+00 #flag location
END_ERR 
BEGIN_ERR 
26 Small mesh segment detected on body : Substrate
 Small mesh segment detected on body : Substrate 
 Segment Statistics - Number of Segments : 1 --- Segment length(s) : 0.937500mm. The cutoff frequency for S-Matrix Only Solve is 18.142850278383MHz 
4 -1  8  76  112  # nfids, fids[]
2 6  -1  # nbids, bids[]
      5 6 1 0 #ntets ntri ned npts
          -9.3750000000000000e-01   7.5000000000000000e+00   1.9050000000000000e-01 #xyz tv0
          -1.8750000000000000e+00   7.5000000000000000e+00   0.0000000000000000e+00 #xyz tv1
          -9.3750000000000000e-01   6.5625000000000000e+00   0.0000000000000000e+00 #xyz tv2
          -9.3750000000000000e-01   7.5000000000000000e+00   0.0000000000000000e+00 -1 6 #xyz tv3 fid bid
