G3dErrFileVersion 2025R1
FlagFileMetaData Begin
   Mesh Size - Setup1, Refinement, Pass #1, Freq. 1.000000e+10 :Title    
   Listing of mesh elements with poor quality. :ToolTip  
   hf3d :Author   
   1779613153 :TimeStamp
   mm :UnitName 
   1.0000000000000000e-03 :UnitConv
FlagFileMetaData End
BEGIN_ERR 
26 Small mesh segment detected on body : Substrate
 Small mesh segment detected on body : Substrate 
 Segment Statistics - Number of Segments : 1 --- Segment length(s) : 0.937500mm. The cutoff frequency for S-Matrix Only Solve is 18.142850278383MHz 
4 -1  8  76  112  # nfids, fids[]
2 6  -1  # nbids, bids[]
      6 6 1 0 #ntets ntri ned npts
           3.2669968808095584e+00   7.0390276006018837e+00   3.3198780148741758e-01 #xyz tv0
           3.7500000000000000e+00   7.5000000000000000e+00   0.0000000000000000e+00 #xyz tv1
           3.7500000000000000e+00   6.5625000000000000e+00   0.0000000000000000e+00 #xyz tv2
           3.7500000000000000e+00   7.5000000000000000e+00   3.8100000000000001e-01 -1 6 #xyz tv3 fid bid
           3.2669968808095584e+00   7.0390276006018837e+00   3.3198780148741758e-01 #xyz tv0
           3.7500000000000000e+00   6.5625000000000000e+00   0.0000000000000000e+00 #xyz tv1
           3.7500000000000000e+00   7.5000000000000000e+00   0.0000000000000000e+00 #xyz tv2
           2.8125000000000000e+00   6.5625000000000000e+00   0.0000000000000000e+00 -1 6 #xyz tv3 fid bid
           4.2826114260749133e+00   7.0613024331149248e+00   2.6344513491807153e-01 #xyz tv0
           3.7500000000000000e+00   6.5625000000000000e+00   0.0000000000000000e+00 #xyz tv1
           3.7500000000000000e+00   7.5000000000000000e+00   0.0000000000000000e+00 #xyz tv2
           3.7500000000000000e+00   7.5000000000000000e+00   3.8100000000000001e-01 -1 6 #xyz tv3 fid bid
           3.7500000000000000e+00   6.5625000000000000e+00   0.0000000000000000e+00 #xyz tv0
           2.8125000000000000e+00   6.5625000000000000e+00   0.0000000000000000e+00 #xyz tv1
           3.2220215427790295e+00   8.2500000000000000e+00  -2.2490592763389765e+00 #xyz tv2
           3.7500000000000000e+00   7.5000000000000000e+00   0.0000000000000000e+00 -1 6 #xyz tv3 fid bid
           4.2826114260749133e+00   7.0613024331149248e+00   2.6344513491807153e-01 #xyz tv0
           3.7500000000000000e+00   7.5000000000000000e+00   0.0000000000000000e+00 #xyz tv1
           3.7500000000000000e+00   6.5625000000000000e+00   0.0000000000000000e+00 #xyz tv2
           4.6875000000000000e+00   6.5625000000000000e+00   0.0000000000000000e+00 -1 6 #xyz tv3 fid bid
           3.7500000000000000e+00   6.5625000000000000e+00   0.0000000000000000e+00 #xyz tv0
           3.2220215427790295e+00   8.2500000000000000e+00  -2.2490592763389765e+00 #xyz tv1
           4.6875000000000000e+00   6.5625000000000000e+00   0.0000000000000000e+00 #xyz tv2
           3.7500000000000000e+00   7.5000000000000000e+00   0.0000000000000000e+00 -1 6 #xyz tv3 fid bid
           3.7500000000000000e+00   7.5000000000000000e+00   0.0000000000000000e+00 #xyz tv0
           3.7500000000000000e+00   6.5625000000000000e+00   0.0000000000000000e+00 #xyz tv1
           2.8125000000000000e+00   6.5625000000000000e+00   0.0000000000000000e+00 8 -1 #xyz tv2 fid bid
           3.7500000000000000e+00   7.5000000000000000e+00   0.0000000000000000e+00 #xyz tv0
           3.7500000000000000e+00   6.5625000000000000e+00   0.0000000000000000e+00 #xyz tv1
           2.8125000000000000e+00   6.5625000000000000e+00   0.0000000000000000e+00 76 -1 #xyz tv2 fid bid
           3.7500000000000000e+00   7.5000000000000000e+00   0.0000000000000000e+00 #xyz tv0
           3.7500000000000000e+00   6.5625000000000000e+00   0.0000000000000000e+00 #xyz tv1
           2.8125000000000000e+00   6.5625000000000000e+00   0.0000000000000000e+00 112 -1 #xyz tv2 fid bid
           3.7500000000000000e+00   6.5625000000000000e+00   0.0000000000000000e+00 #xyz tv0
           3.7500000000000000e+00   7.5000000000000000e+00   0.0000000000000000e+00 #xyz tv1
           4.6875000000000000e+00   6.5625000000000000e+00   0.0000000000000000e+00 8 -1 #xyz tv2 fid bid
           3.7500000000000000e+00   6.5625000000000000e+00   0.0000000000000000e+00 #xyz tv0
           3.7500000000000000e+00   7.5000000000000000e+00   0.0000000000000000e+00 #xyz tv1
           4.6875000000000000e+00   6.5625000000000000e+00   0.0000000000000000e+00 76 -1 #xyz tv2 fid bid
           3.7500000000000000e+00   6.5625000000000000e+00   0.0000000000000000e+00 #xyz tv0
           3.7500000000000000e+00   7.5000000000000000e+00   0.0000000000000000e+00 #xyz tv1
           4.6875000000000000e+00   6.5625000000000000e+00   0.0000000000000000e+00 112 -1 #xyz tv2 fid bid
           3.7500000000000000e+00   7.5000000000000000e+00   0.0000000000000000e+00 #xyz ev0
           3.7500000000000000e+00   6.5625000000000000e+00   0.0000000000000000e+00 -1 6 #xyz ev1 fid bid
   0   0.000000000000e+00   0.000000000000e+00   0.000000000000e+00 #flag location
END_ERR 
BEGIN_ERR 
26 Small mesh segment detected on body : Substrate
 Small mesh segment detected on body : Substrate 
 Segment Statistics - Number of Segments : 1 --- Segment length(s) : 1.325825mm. The cutoff frequency for S-Matrix Only Solve is 18.142850278383MHz 
4 -1  8  76  112  # nfids, fids[]
2 6  -1  # nbids, bids[]
      4 6 1 0 #ntets ntri ned npts
           4.2826114260749133e+00   7.0613024331149248e+00   2.6344513491807153e-01 #xyz tv0
           3.7500000000000000e+00   7.5000000000000000e+00   0.0000000000000000e+00 #xyz tv1
           3.7500000000000000e+00   6.5625000000000000e+00   0.0000000000000000e+00 #xyz tv2
           4.6875000000000000e+00   6.5625000000000000e+00   0.0000000000000000e+00 -1 6 #xyz tv3 fid bid
           4.6875000000000000e+00   6.5625000000000000e+00   0.0000000000000000e+00 #xyz tv0
           3.7500000000000000e+00   7.5000000000000000e+00   0.0000000000000000e+00 #xyz tv1
           4.6875000000000000e+00   7.5000000000000000e+00   0.0000000000000000e+00 #xyz tv2
           4.2826114260749133e+00   7.0613024331149248e+00   2.6344513491807153e-01 -1 6 #xyz tv3 fid bid
           4.6875000000000000e+00   7.5000000000000000e+00   0.0000000000000000e+00 #xyz tv0
           4.6875000000000000e+00   6.5625000000000000e+00   0.0000000000000000e+00 #xyz tv1
           3.2220215427790295e+00   8.2500000000000000e+00  -2.2490592763389765e+00 #xyz tv2
           3.7500000000000000e+00   7.5000000000000000e+00   0.0000000000000000e+00 -1 6 #xyz tv3 fid bid
           3.7500000000000000e+00   6.5625000000000000e+00   0.0000000000000000e+00 #xyz tv0
           3.2220215427790295e+00   8.2500000000000000e+00  -2.2490592763389765e+00 #xyz tv1
           4.6875000000000000e+00   6.5625000000000000e+00   0.0000000000000000e+00 #xyz tv2
           3.7500000000000000e+00   7.5000000000000000e+00   0.0000000000000000e+00 -1 6 #xyz tv3 fid bid
           3.7500000000000000e+00   6.5625000000000000e+00   0.0000000000000000e+00 #xyz tv0
           3.7500000000000000e+00   7.5000000000000000e+00   0.0000000000000000e+00 #xyz tv1
           4.6875000000000000e+00   6.5625000000000000e+00   0.0000000000000000e+00 8 -1 #xyz tv2 fid bid
           3.7500000000000000e+00   6.5625000000000000e+00   0.0000000000000000e+00 #xyz tv0
           3.7500000000000000e+00   7.5000000000000000e+00   0.0000000000000000e+00 #xyz tv1
           4.6875000000000000e+00   6.5625000000000000e+00   0.0000000000000000e+00 76 -1 #xyz tv2 fid bid
           3.7500000000000000e+00   6.5625000000000000e+00   0.0000000000000000e+00 #xyz tv0
           3.7500000000000000e+00   7.5000000000000000e+00   0.0000000000000000e+00 #xyz tv1
           4.6875000000000000e+00   6.5625000000000000e+00   0.0000000000000000e+00 112 -1 #xyz tv2 fid bid
           3.7500000000000000e+00   7.5000000000000000e+00   0.0000000000000000e+00 #xyz tv0
           4.6875000000000000e+00   7.5000000000000000e+00   0.0000000000000000e+00 #xyz tv1
           4.6875000000000000e+00   6.5625000000000000e+00   0.0000000000000000e+00 8 -1 #xyz tv2 fid bid
           3.7500000000000000e+00   7.5000000000000000e+00   0.0000000000000000e+00 #xyz tv0
           4.6875000000000000e+00   7.5000000000000000e+00   0.0000000000000000e+00 #xyz tv1
           4.6875000000000000e+00   6.5625000000000000e+00   0.0000000000000000e+00 76 -1 #xyz tv2 fid bid
           3.7500000000000000e+00   7.5000000000000000e+00   0.0000000000000000e+00 #xyz tv0
           4.6875000000000000e+00   7.5000000000000000e+00   0.0000000000000000e+00 #xyz tv1
           4.6875000000000000e+00   6.5625000000000000e+00   0.0000000000000000e+00 112 -1 #xyz tv2 fid bid
           3.7500000000000000e+00   7.5000000000000000e+00   0.0000000000000000e+00 #xyz ev0
           4.6875000000000000e+00   6.5625000000000000e+00   0.0000000000000000e+00 -1 6 #xyz ev1 fid bid
   0   0.000000000000e+00   0.000000000000e+00   0.000000000000e+00 #flag location
END_ERR 
G3dErrFileVersion 2025R1
FlagFileMetaData Begin
   Mesh Size - Setup1, Refinement, Pass #2, Freq. 1.000000e+10 :Title    
   Listing of mesh elements with poor quality. :ToolTip  
   hf3d :Author   
   1779613158 :TimeStamp
   mm :UnitName 
   1.0000000000000000e-03 :UnitConv
FlagFileMetaData End
BEGIN_ERR 
26 Small mesh segment detected on body : Substrate
 Small mesh segment detected on body : Substrate 
 Segment Statistics - Number of Segments : 1 --- Segment length(s) : 0.937500mm. The cutoff frequency for S-Matrix Only Solve is 18.142850278383MHz 
4 -1  8  76  112  # nfids, fids[]
2 6  -1  # nbids, bids[]
      6 6 1 0 #ntets ntri ned npts
           3.2669966727936952e+00   7.0390274496330552e+00   3.3198931585626207e-01 #xyz tv0
           3.7500000000000000e+00   7.5000000000000000e+00   0.0000000000000000e+00 #xyz tv1
           3.7500000000000000e+00   6.5625000000000000e+00   0.0000000000000000e+00 #xyz tv2
           3.7500000000000000e+00   7.5000000000000000e+00   3.8100000000000001e-01 -1 6 #xyz tv3 fid bid
           3.2669966727936952e+00   7.0390274496330552e+00   3.3198931585626207e-01 #xyz tv0
           3.7500000000000000e+00   6.5625000000000000e+00   0.0000000000000000e+00 #xyz tv1
           3.7500000000000000e+00   7.5000000000000000e+00   0.0000000000000000e+00 #xyz tv2
           2.8125000000000000e+00   6.5625000000000000e+00   0.0000000000000000e+00 -1 6 #xyz tv3 fid bid
           4.2826114260749133e+00   7.0613024331149248e+00   2.6344513491807153e-01 #xyz tv0
           3.7500000000000000e+00   6.5625000000000000e+00   0.0000000000000000e+00 #xyz tv1
           3.7500000000000000e+00   7.5000000000000000e+00   0.0000000000000000e+00 #xyz tv2
           3.7500000000000000e+00   7.5000000000000000e+00   3.8100000000000001e-01 -1 6 #xyz tv3 fid bid
           3.7500000000000000e+00   6.5625000000000000e+00   0.0000000000000000e+00 #xyz tv0
           2.8125000000000000e+00   6.5625000000000000e+00   0.0000000000000000e+00 #xyz tv1
           3.2162429242999346e+00   8.2500000000000000e+00  -2.1138778884395677e+00 #xyz tv2
           3.7500000000000000e+00   7.5000000000000000e+00   0.0000000000000000e+00 -1 6 #xyz tv3 fid bid
           4.2826114260749133e+00   7.0613024331149248e+00   2.6344513491807153e-01 #xyz tv0
           3.7500000000000000e+00   7.5000000000000000e+00   0.0000000000000000e+00 #xyz tv1
           3.7500000000000000e+00   6.5625000000000000e+00   0.0000000000000000e+00 #xyz tv2
           4.6875000000000000e+00   6.5625000000000000e+00   0.0000000000000000e+00 -1 6 #xyz tv3 fid bid
           3.7500000000000000e+00   6.5625000000000000e+00   0.0000000000000000e+00 #xyz tv0
           3.2162429242999346e+00   8.2500000000000000e+00  -2.1138778884395677e+00 #xyz tv1
           4.6875000000000000e+00   6.5625000000000000e+00   0.0000000000000000e+00 #xyz tv2
           3.7500000000000000e+00   7.5000000000000000e+00   0.0000000000000000e+00 -1 6 #xyz tv3 fid bid
           3.7500000000000000e+00   7.5000000000000000e+00   0.0000000000000000e+00 #xyz tv0
           3.7500000000000000e+00   6.5625000000000000e+00   0.0000000000000000e+00 #xyz tv1
           2.8125000000000000e+00   6.5625000000000000e+00   0.0000000000000000e+00 8 -1 #xyz tv2 fid bid
           3.7500000000000000e+00   7.5000000000000000e+00   0.0000000000000000e+00 #xyz tv0
           3.7500000000000000e+00   6.5625000000000000e+00   0.0000000000000000e+00 #xyz tv1
           2.8125000000000000e+00   6.5625000000000000e+00   0.0000000000000000e+00 76 -1 #xyz tv2 fid bid
           3.7500000000000000e+00   7.5000000000000000e+00   0.0000000000000000e+00 #xyz tv0
           3.7500000000000000e+00   6.5625000000000000e+00   0.0000000000000000e+00 #xyz tv1
           2.8125000000000000e+00   6.5625000000000000e+00   0.0000000000000000e+00 112 -1 #xyz tv2 fid bid
           3.7500000000000000e+00   6.5625000000000000e+00   0.0000000000000000e+00 #xyz tv0
           3.7500000000000000e+00   7.5000000000000000e+00   0.0000000000000000e+00 #xyz tv1
           4.6875000000000000e+00   6.5625000000000000e+00   0.0000000000000000e+00 8 -1 #xyz tv2 fid bid
           3.7500000000000000e+00   6.5625000000000000e+00   0.0000000000000000e+00 #xyz tv0
           3.7500000000000000e+00   7.5000000000000000e+00   0.0000000000000000e+00 #xyz tv1
           4.6875000000000000e+00   6.5625000000000000e+00   0.0000000000000000e+00 76 -1 #xyz tv2 fid bid
           3.7500000000000000e+00   6.5625000000000000e+00   0.0000000000000000e+00 #xyz tv0
           3.7500000000000000e+00   7.5000000000000000e+00   0.0000000000000000e+00 #xyz tv1
           4.6875000000000000e+00   6.5625000000000000e+00   0.0000000000000000e+00 112 -1 #xyz tv2 fid bid
           3.7500000000000000e+00   7.5000000000000000e+00   0.0000000000000000e+00 #xyz ev0
           3.7500000000000000e+00   6.5625000000000000e+00   0.0000000000000000e+00 -1 6 #xyz ev1 fid bid
   0   0.000000000000e+00   0.000000000000e+00   0.000000000000e+00 #flag location
END_ERR 
BEGIN_ERR 
26 Small mesh segment detected on body : Substrate
 Small mesh segment detected on body : Substrate 
 Segment Statistics - Number of Segments : 1 --- Segment length(s) : 1.325825mm. The cutoff frequency for S-Matrix Only Solve is 18.142850278383MHz 
4 -1  8  76  112  # nfids, fids[]
2 6  -1  # nbids, bids[]
      4 6 1 0 #ntets ntri ned npts
           4.2826114260749133e+00   7.0613024331149248e+00   2.6344513491807153e-01 #xyz tv0
           3.7500000000000000e+00   7.5000000000000000e+00   0.0000000000000000e+00 #xyz tv1
           3.7500000000000000e+00   6.5625000000000000e+00   0.0000000000000000e+00 #xyz tv2
           4.6875000000000000e+00   6.5625000000000000e+00   0.0000000000000000e+00 -1 6 #xyz tv3 fid bid
           4.6875000000000000e+00   6.5625000000000000e+00   0.0000000000000000e+00 #xyz tv0
           3.7500000000000000e+00   7.5000000000000000e+00   0.0000000000000000e+00 #xyz tv1
           4.6875000000000000e+00   7.5000000000000000e+00   0.0000000000000000e+00 #xyz tv2
           4.2826114260749133e+00   7.0613024331149248e+00   2.6344513491807153e-01 -1 6 #xyz tv3 fid bid
           4.6875000000000000e+00   7.5000000000000000e+00   0.0000000000000000e+00 #xyz tv0
           4.6875000000000000e+00   6.5625000000000000e+00   0.0000000000000000e+00 #xyz tv1
           3.2162429242999346e+00   8.2500000000000000e+00  -2.1138778884395677e+00 #xyz tv2
           3.7500000000000000e+00   7.5000000000000000e+00   0.0000000000000000e+00 -1 6 #xyz tv3 fid bid
           3.7500000000000000e+00   6.5625000000000000e+00   0.0000000000000000e+00 #xyz tv0
           3.2162429242999346e+00   8.2500000000000000e+00  -2.1138778884395677e+00 #xyz tv1
           4.6875000000000000e+00   6.5625000000000000e+00   0.0000000000000000e+00 #xyz tv2
           3.7500000000000000e+00   7.5000000000000000e+00   0.0000000000000000e+00 -1 6 #xyz tv3 fid bid
           3.7500000000000000e+00   6.5625000000000000e+00   0.0000000000000000e+00 #xyz tv0
           3.7500000000000000e+00   7.5000000000000000e+00   0.0000000000000000e+00 #xyz tv1
           4.6875000000000000e+00   6.5625000000000000e+00   0.0000000000000000e+00 8 -1 #xyz tv2 fid bid
           3.7500000000000000e+00   6.5625000000000000e+00   0.0000000000000000e+00 #xyz tv0
           3.7500000000000000e+00   7.5000000000000000e+00   0.0000000000000000e+00 #xyz tv1
           4.6875000000000000e+00   6.5625000000000000e+00   0.0000000000000000e+00 76 -1 #xyz tv2 fid bid
           3.7500000000000000e+00   6.5625000000000000e+00   0.0000000000000000e+00 #xyz tv0
           3.7500000000000000e+00   7.5000000000000000e+00   0.0000000000000000e+00 #xyz tv1
           4.6875000000000000e+00   6.5625000000000000e+00   0.0000000000000000e+00 112 -1 #xyz tv2 fid bid
           3.7500000000000000e+00   7.5000000000000000e+00   0.0000000000000000e+00 #xyz tv0
           4.6875000000000000e+00   7.5000000000000000e+00   0.0000000000000000e+00 #xyz tv1
           4.6875000000000000e+00   6.5625000000000000e+00   0.0000000000000000e+00 8 -1 #xyz tv2 fid bid
           3.7500000000000000e+00   7.5000000000000000e+00   0.0000000000000000e+00 #xyz tv0
           4.6875000000000000e+00   7.5000000000000000e+00   0.0000000000000000e+00 #xyz tv1
           4.6875000000000000e+00   6.5625000000000000e+00   0.0000000000000000e+00 76 -1 #xyz tv2 fid bid
           3.7500000000000000e+00   7.5000000000000000e+00   0.0000000000000000e+00 #xyz tv0
           4.6875000000000000e+00   7.5000000000000000e+00   0.0000000000000000e+00 #xyz tv1
           4.6875000000000000e+00   6.5625000000000000e+00   0.0000000000000000e+00 112 -1 #xyz tv2 fid bid
           3.7500000000000000e+00   7.5000000000000000e+00   0.0000000000000000e+00 #xyz ev0
           4.6875000000000000e+00   6.5625000000000000e+00   0.0000000000000000e+00 -1 6 #xyz ev1 fid bid
   0   0.000000000000e+00   0.000000000000e+00   0.000000000000e+00 #flag location
END_ERR 
G3dErrFileVersion 2025R1
FlagFileMetaData Begin
   Mesh Size - Setup1, Refinement, Pass #3, Freq. 1.000000e+10 :Title    
   Listing of mesh elements with poor quality. :ToolTip  
   hf3d :Author   
   1779613164 :TimeStamp
   mm :UnitName 
   1.0000000000000000e-03 :UnitConv
FlagFileMetaData End
BEGIN_ERR 
26 Small mesh segment detected on body : Substrate
 Small mesh segment detected on body : Substrate 
 Segment Statistics - Number of Segments : 1 --- Segment length(s) : 0.937500mm. The cutoff frequency for S-Matrix Only Solve is 18.142850278383MHz 
4 -1  8  76  112  # nfids, fids[]
2 6  -1  # nbids, bids[]
      6 6 1 0 #ntets ntri ned npts
           3.2669966077887387e+00   7.0390274024552966e+00   3.3198978909652599e-01 #xyz tv0
           3.7500000000000000e+00   7.5000000000000000e+00   0.0000000000000000e+00 #xyz tv1
           3.7500000000000000e+00   6.5625000000000000e+00   0.0000000000000000e+00 #xyz tv2
           3.7500000000000000e+00   7.5000000000000000e+00   3.8100000000000001e-01 -1 6 #xyz tv3 fid bid
           3.2669966077887387e+00   7.0390274024552966e+00   3.3198978909652599e-01 #xyz tv0
           3.7500000000000000e+00   6.5625000000000000e+00   0.0000000000000000e+00 #xyz tv1
           3.7500000000000000e+00   7.5000000000000000e+00   0.0000000000000000e+00 #xyz tv2
           2.8125000000000000e+00   6.5625000000000000e+00   0.0000000000000000e+00 -1 6 #xyz tv3 fid bid
           4.2826114260749133e+00   7.0613024331149248e+00   2.6344513491807153e-01 #xyz tv0
           3.7500000000000000e+00   6.5625000000000000e+00   0.0000000000000000e+00 #xyz tv1
           3.7500000000000000e+00   7.5000000000000000e+00   0.0000000000000000e+00 #xyz tv2
           3.7500000000000000e+00   7.5000000000000000e+00   3.8100000000000001e-01 -1 6 #xyz tv3 fid bid
           3.7500000000000000e+00   6.5625000000000000e+00   0.0000000000000000e+00 #xyz tv0
           2.8125000000000000e+00   6.5625000000000000e+00   0.0000000000000000e+00 #xyz tv1
           3.1955720694479393e+00   8.2500000000000000e+00  -1.9908900548528665e+00 #xyz tv2
           3.7500000000000000e+00   7.5000000000000000e+00   0.0000000000000000e+00 -1 6 #xyz tv3 fid bid
           4.2826114260749133e+00   7.0613024331149248e+00   2.6344513491807153e-01 #xyz tv0
           3.7500000000000000e+00   7.5000000000000000e+00   0.0000000000000000e+00 #xyz tv1
           3.7500000000000000e+00   6.5625000000000000e+00   0.0000000000000000e+00 #xyz tv2
           4.6875000000000000e+00   6.5625000000000000e+00   0.0000000000000000e+00 -1 6 #xyz tv3 fid bid
           3.7500000000000000e+00   6.5625000000000000e+00   0.0000000000000000e+00 #xyz tv0
           3.1955720694479393e+00   8.2500000000000000e+00  -1.9908900548528665e+00 #xyz tv1
           4.6875000000000000e+00   6.5625000000000000e+00   0.0000000000000000e+00 #xyz tv2
           3.7500000000000000e+00   7.5000000000000000e+00   0.0000000000000000e+00 -1 6 #xyz tv3 fid bid
           3.7500000000000000e+00   7.5000000000000000e+00   0.0000000000000000e+00 #xyz tv0
           3.7500000000000000e+00   6.5625000000000000e+00   0.0000000000000000e+00 #xyz tv1
           2.8125000000000000e+00   6.5625000000000000e+00   0.0000000000000000e+00 8 -1 #xyz tv2 fid bid
           3.7500000000000000e+00   7.5000000000000000e+00   0.0000000000000000e+00 #xyz tv0
           3.7500000000000000e+00   6.5625000000000000e+00   0.0000000000000000e+00 #xyz tv1
           2.8125000000000000e+00   6.5625000000000000e+00   0.0000000000000000e+00 76 -1 #xyz tv2 fid bid
           3.7500000000000000e+00   7.5000000000000000e+00   0.0000000000000000e+00 #xyz tv0
           3.7500000000000000e+00   6.5625000000000000e+00   0.0000000000000000e+00 #xyz tv1
           2.8125000000000000e+00   6.5625000000000000e+00   0.0000000000000000e+00 112 -1 #xyz tv2 fid bid
           3.7500000000000000e+00   6.5625000000000000e+00   0.0000000000000000e+00 #xyz tv0
           3.7500000000000000e+00   7.5000000000000000e+00   0.0000000000000000e+00 #xyz tv1
           4.6875000000000000e+00   6.5625000000000000e+00   0.0000000000000000e+00 8 -1 #xyz tv2 fid bid
           3.7500000000000000e+00   6.5625000000000000e+00   0.0000000000000000e+00 #xyz tv0
           3.7500000000000000e+00   7.5000000000000000e+00   0.0000000000000000e+00 #xyz tv1
           4.6875000000000000e+00   6.5625000000000000e+00   0.0000000000000000e+00 76 -1 #xyz tv2 fid bid
           3.7500000000000000e+00   6.5625000000000000e+00   0.0000000000000000e+00 #xyz tv0
           3.7500000000000000e+00   7.5000000000000000e+00   0.0000000000000000e+00 #xyz tv1
           4.6875000000000000e+00   6.5625000000000000e+00   0.0000000000000000e+00 112 -1 #xyz tv2 fid bid
           3.7500000000000000e+00   7.5000000000000000e+00   0.0000000000000000e+00 #xyz ev0
           3.7500000000000000e+00   6.5625000000000000e+00   0.0000000000000000e+00 -1 6 #xyz ev1 fid bid
   0   0.000000000000e+00   0.000000000000e+00   0.000000000000e+00 #flag location
END_ERR 
BEGIN_ERR 
26 Small mesh segment detected on body : Substrate
 Small mesh segment detected on body : Substrate 
 Segment Statistics - Number of Segments : 1 --- Segment length(s) : 1.325825mm. The cutoff frequency for S-Matrix Only Solve is 18.142850278383MHz 
4 -1  8  76  112  # nfids, fids[]
2 6  -1  # nbids, bids[]
      4 6 1 0 #ntets ntri ned npts
           4.2826114260749133e+00   7.0613024331149248e+00   2.6344513491807153e-01 #xyz tv0
           3.7500000000000000e+00   7.5000000000000000e+00   0.0000000000000000e+00 #xyz tv1
           3.7500000000000000e+00   6.5625000000000000e+00   0.0000000000000000e+00 #xyz tv2
           4.6875000000000000e+00   6.5625000000000000e+00   0.0000000000000000e+00 -1 6 #xyz tv3 fid bid
           4.6875000000000000e+00   6.5625000000000000e+00   0.0000000000000000e+00 #xyz tv0
           3.7500000000000000e+00   7.5000000000000000e+00   0.0000000000000000e+00 #xyz tv1
           4.6875000000000000e+00   7.5000000000000000e+00   0.0000000000000000e+00 #xyz tv2
           4.2826114260749133e+00   7.0613024331149248e+00   2.6344513491807153e-01 -1 6 #xyz tv3 fid bid
           4.6875000000000000e+00   7.5000000000000000e+00   0.0000000000000000e+00 #xyz tv0
           4.6875000000000000e+00   6.5625000000000000e+00   0.0000000000000000e+00 #xyz tv1
           3.1955720694479393e+00   8.2500000000000000e+00  -1.9908900548528665e+00 #xyz tv2
           3.7500000000000000e+00   7.5000000000000000e+00   0.0000000000000000e+00 -1 6 #xyz tv3 fid bid
           3.7500000000000000e+00   6.5625000000000000e+00   0.0000000000000000e+00 #xyz tv0
           3.1955720694479393e+00   8.2500000000000000e+00  -1.9908900548528665e+00 #xyz tv1
           4.6875000000000000e+00   6.5625000000000000e+00   0.0000000000000000e+00 #xyz tv2
           3.7500000000000000e+00   7.5000000000000000e+00   0.0000000000000000e+00 -1 6 #xyz tv3 fid bid
           3.7500000000000000e+00   6.5625000000000000e+00   0.0000000000000000e+00 #xyz tv0
           3.7500000000000000e+00   7.5000000000000000e+00   0.0000000000000000e+00 #xyz tv1
           4.6875000000000000e+00   6.5625000000000000e+00   0.0000000000000000e+00 8 -1 #xyz tv2 fid bid
           3.7500000000000000e+00   6.5625000000000000e+00   0.0000000000000000e+00 #xyz tv0
           3.7500000000000000e+00   7.5000000000000000e+00   0.0000000000000000e+00 #xyz tv1
           4.6875000000000000e+00   6.5625000000000000e+00   0.0000000000000000e+00 76 -1 #xyz tv2 fid bid
           3.7500000000000000e+00   6.5625000000000000e+00   0.0000000000000000e+00 #xyz tv0
           3.7500000000000000e+00   7.5000000000000000e+00   0.0000000000000000e+00 #xyz tv1
           4.6875000000000000e+00   6.5625000000000000e+00   0.0000000000000000e+00 112 -1 #xyz tv2 fid bid
           3.7500000000000000e+00   7.5000000000000000e+00   0.0000000000000000e+00 #xyz tv0
           4.6875000000000000e+00   7.5000000000000000e+00   0.0000000000000000e+00 #xyz tv1
           4.6875000000000000e+00   6.5625000000000000e+00   0.0000000000000000e+00 8 -1 #xyz tv2 fid bid
           3.7500000000000000e+00   7.5000000000000000e+00   0.0000000000000000e+00 #xyz tv0
           4.6875000000000000e+00   7.5000000000000000e+00   0.0000000000000000e+00 #xyz tv1
           4.6875000000000000e+00   6.5625000000000000e+00   0.0000000000000000e+00 76 -1 #xyz tv2 fid bid
           3.7500000000000000e+00   7.5000000000000000e+00   0.0000000000000000e+00 #xyz tv0
           4.6875000000000000e+00   7.5000000000000000e+00   0.0000000000000000e+00 #xyz tv1
           4.6875000000000000e+00   6.5625000000000000e+00   0.0000000000000000e+00 112 -1 #xyz tv2 fid bid
           3.7500000000000000e+00   7.5000000000000000e+00   0.0000000000000000e+00 #xyz ev0
           4.6875000000000000e+00   6.5625000000000000e+00   0.0000000000000000e+00 -1 6 #xyz ev1 fid bid
   0   0.000000000000e+00   0.000000000000e+00   0.000000000000e+00 #flag location
END_ERR 
BEGIN_ERR 
26 Small mesh segment detected on body : Substrate
 Small mesh segment detected on body : Substrate 
 Segment Statistics - Number of Segments : 1 --- Segment length(s) : 0.937500mm. The cutoff frequency for S-Matrix Only Solve is 18.142850278383MHz 
4 -1  8  76  112  # nfids, fids[]
2 6  -1  # nbids, bids[]
      5 6 1 0 #ntets ntri ned npts
           6.5625000000000000e+00  -7.5000000000000000e+00   9.5250000000000001e-02 #xyz tv0
           6.5625000000000000e+00  -6.5625000000000000e+00   0.0000000000000000e+00 #xyz tv1
           5.6250000000000000e+00  -7.5000000000000000e+00   0.0000000000000000e+00 #xyz tv2
           6.5625000000000000e+00  -7.5000000000000000e+00   0.0000000000000000e+00 -1 6 #xyz tv3 fid bid
           6.5625000000000000e+00  -7.5000000000000000e+00   9.5250000000000001e-02 #xyz tv0
           6.5625000000000000e+00  -6.5625000000000000e+00   0.0000000000000000e+00 #xyz tv1
           6.5625000000000000e+00  -7.5000000000000000e+00   0.0000000000000000e+00 #xyz tv2
           7.5000000000000000e+00  -7.5000000000000000e+00   0.0000000000000000e+00 -1 6 #xyz tv3 fid bid
           6.5625000000000000e+00  -7.5000000000000000e+00   0.0000000000000000e+00 #xyz tv0
           4.9303368088124131e+00  -6.1406528111039407e+00  -1.8695422781273079e+00 #xyz tv1
           6.5625000000000000e+00  -6.5625000000000000e+00   0.0000000000000000e+00 #xyz tv2
           5.6250000000000000e+00  -7.5000000000000000e+00   0.0000000000000000e+00 -1 6 #xyz tv3 fid bid
           8.2500000000000000e+00  -8.2500000000000000e+00  -2.3808264198121742e+00 #xyz tv0
           6.5625000000000000e+00  -7.5000000000000000e+00   0.0000000000000000e+00 #xyz tv1
           6.5625000000000000e+00  -6.5625000000000000e+00   0.0000000000000000e+00 #xyz tv2
           7.5000000000000000e+00  -7.5000000000000000e+00   0.0000000000000000e+00 -1 6 #xyz tv3 fid bid
           8.2500000000000000e+00  -8.2500000000000000e+00  -2.3808264198121742e+00 #xyz tv0
           6.5625000000000000e+00  -6.5625000000000000e+00   0.0000000000000000e+00 #xyz tv1
           6.5625000000000000e+00  -7.5000000000000000e+00   0.0000000000000000e+00 #xyz tv2
           4.9303368088124131e+00  -6.1406528111039407e+00  -1.8695422781273079e+00 -1 6 #xyz tv3 fid bid
           7.5000000000000000e+00  -7.5000000000000000e+00   0.0000000000000000e+00 #xyz tv0
           6.5625000000000000e+00  -7.5000000000000000e+00   0.0000000000000000e+00 #xyz tv1
           6.5625000000000000e+00  -6.5625000000000000e+00   0.0000000000000000e+00 8 -1 #xyz tv2 fid bid
           7.5000000000000000e+00  -7.5000000000000000e+00   0.0000000000000000e+00 #xyz tv0
           6.5625000000000000e+00  -7.5000000000000000e+00   0.0000000000000000e+00 #xyz tv1
           6.5625000000000000e+00  -6.5625000000000000e+00   0.0000000000000000e+00 76 -1 #xyz tv2 fid bid
           7.5000000000000000e+00  -7.5000000000000000e+00   0.0000000000000000e+00 #xyz tv0
           6.5625000000000000e+00  -7.5000000000000000e+00   0.0000000000000000e+00 #xyz tv1
           6.5625000000000000e+00  -6.5625000000000000e+00   0.0000000000000000e+00 112 -1 #xyz tv2 fid bid
           6.5625000000000000e+00  -7.5000000000000000e+00   0.0000000000000000e+00 #xyz tv0
           5.6250000000000000e+00  -7.5000000000000000e+00   0.0000000000000000e+00 #xyz tv1
           6.5625000000000000e+00  -6.5625000000000000e+00   0.0000000000000000e+00 8 -1 #xyz tv2 fid bid
           6.5625000000000000e+00  -7.5000000000000000e+00   0.0000000000000000e+00 #xyz tv0
           5.6250000000000000e+00  -7.5000000000000000e+00   0.0000000000000000e+00 #xyz tv1
           6.5625000000000000e+00  -6.5625000000000000e+00   0.0000000000000000e+00 76 -1 #xyz tv2 fid bid
           6.5625000000000000e+00  -7.5000000000000000e+00   0.0000000000000000e+00 #xyz tv0
           5.6250000000000000e+00  -7.5000000000000000e+00   0.0000000000000000e+00 #xyz tv1
           6.5625000000000000e+00  -6.5625000000000000e+00   0.0000000000000000e+00 112 -1 #xyz tv2 fid bid
           6.5625000000000000e+00  -7.5000000000000000e+00   0.0000000000000000e+00 #xyz ev0
           6.5625000000000000e+00  -6.5625000000000000e+00   0.0000000000000000e+00 -1 6 #xyz ev1 fid bid
   0   0.000000000000e+00   0.000000000000e+00   0.000000000000e+00 #flag location
END_ERR 
