G3dErrFileVersion 2025R1
FlagFileMetaData Begin
   Mesh Size - Setup1, Refinement, Pass #1, Freq. 1.100000e+10 :Title    
   Listing of mesh elements with poor quality. :ToolTip  
   hf3d :Author   
   1768245866 :TimeStamp
   mm :UnitName 
   1.0000000000000000e-03 :UnitConv
FlagFileMetaData End
BEGIN_ERR 
26 Small mesh segment detected on body : Substrate
 Small mesh segment detected on body : Substrate 
 Segment Statistics - Number of Segments : 1 --- Segment length(s) : 0.625000mm. The cutoff frequency for S-Matrix Only Solve is 18.142850278383MHz 
4 -1  8  76  112  # nfids, fids[]
2 6  -1  # nbids, bids[]
      5 6 1 0 #ntets ntri ned npts
          -6.2500000000000000e-01  -5.0000000000000000e+00   9.5250000000000001e-02 #xyz tv0
          -6.2500000000000000e-01  -4.3750000000000000e+00   0.0000000000000000e+00 #xyz tv1
          -6.2500000000000000e-01  -5.0000000000000000e+00   0.0000000000000000e+00 #xyz tv2
           0.0000000000000000e+00  -5.0000000000000000e+00   0.0000000000000000e+00 -1 6 #xyz tv3 fid bid
          -6.2500000000000000e-01  -5.0000000000000000e+00   9.5250000000000001e-02 #xyz tv0
          -6.2500000000000000e-01  -5.0000000000000000e+00   0.0000000000000000e+00 #xyz tv1
          -6.2500000000000000e-01  -4.3750000000000000e+00   0.0000000000000000e+00 #xyz tv2
          -1.2500000000000000e+00  -5.0000000000000000e+00   1.9050000000000000e-01 -1 6 #xyz tv3 fid bid
          -6.2500000000000000e-01  -5.0000000000000000e+00   0.0000000000000000e+00 #xyz tv0
          -6.2500000000000000e-01  -4.3750000000000000e+00   0.0000000000000000e+00 #xyz tv1
          -2.2981322874147163e+00  -5.5000000000000000e+00  -2.1075712271924529e+00 #xyz tv2
           0.0000000000000000e+00  -5.0000000000000000e+00   0.0000000000000000e+00 -1 6 #xyz tv3 fid bid
          -6.2500000000000000e-01  -5.0000000000000000e+00   0.0000000000000000e+00 #xyz tv0
          -6.2500000000000000e-01  -4.3750000000000000e+00   0.0000000000000000e+00 #xyz tv1
          -1.2500000000000000e+00  -5.0000000000000000e+00   1.9050000000000000e-01 #xyz tv2
          -1.2500000000000000e+00  -5.0000000000000000e+00   0.0000000000000000e+00 -1 6 #xyz tv3 fid bid
          -6.2500000000000000e-01  -5.0000000000000000e+00   0.0000000000000000e+00 #xyz tv0
          -2.2981322874147163e+00  -5.5000000000000000e+00  -2.1075712271924529e+00 #xyz tv1
          -6.2500000000000000e-01  -4.3750000000000000e+00   0.0000000000000000e+00 #xyz tv2
          -1.2500000000000000e+00  -5.0000000000000000e+00   0.0000000000000000e+00 -1 6 #xyz tv3 fid bid
           0.0000000000000000e+00  -5.0000000000000000e+00   0.0000000000000000e+00 #xyz tv0
          -6.2500000000000000e-01  -5.0000000000000000e+00   0.0000000000000000e+00 #xyz tv1
          -6.2500000000000000e-01  -4.3750000000000000e+00   0.0000000000000000e+00 8 -1 #xyz tv2 fid bid
           0.0000000000000000e+00  -5.0000000000000000e+00   0.0000000000000000e+00 #xyz tv0
          -6.2500000000000000e-01  -5.0000000000000000e+00   0.0000000000000000e+00 #xyz tv1
          -6.2500000000000000e-01  -4.3750000000000000e+00   0.0000000000000000e+00 76 -1 #xyz tv2 fid bid
           0.0000000000000000e+00  -5.0000000000000000e+00   0.0000000000000000e+00 #xyz tv0
          -6.2500000000000000e-01  -5.0000000000000000e+00   0.0000000000000000e+00 #xyz tv1
          -6.2500000000000000e-01  -4.3750000000000000e+00   0.0000000000000000e+00 112 -1 #xyz tv2 fid bid
          -6.2500000000000000e-01  -5.0000000000000000e+00   0.0000000000000000e+00 #xyz tv0
          -1.2500000000000000e+00  -5.0000000000000000e+00   0.0000000000000000e+00 #xyz tv1
          -6.2500000000000000e-01  -4.3750000000000000e+00   0.0000000000000000e+00 8 -1 #xyz tv2 fid bid
          -6.2500000000000000e-01  -5.0000000000000000e+00   0.0000000000000000e+00 #xyz tv0
          -1.2500000000000000e+00  -5.0000000000000000e+00   0.0000000000000000e+00 #xyz tv1
          -6.2500000000000000e-01  -4.3750000000000000e+00   0.0000000000000000e+00 76 -1 #xyz tv2 fid bid
          -6.2500000000000000e-01  -5.0000000000000000e+00   0.0000000000000000e+00 #xyz tv0
          -1.2500000000000000e+00  -5.0000000000000000e+00   0.0000000000000000e+00 #xyz tv1
          -6.2500000000000000e-01  -4.3750000000000000e+00   0.0000000000000000e+00 112 -1 #xyz tv2 fid bid
          -6.2500000000000000e-01  -5.0000000000000000e+00   0.0000000000000000e+00 #xyz ev0
          -6.2500000000000000e-01  -4.3750000000000000e+00   0.0000000000000000e+00 -1 6 #xyz ev1 fid bid
   0   0.000000000000e+00   0.000000000000e+00   0.000000000000e+00 #flag location
END_ERR 
G3dErrFileVersion 2025R1
FlagFileMetaData Begin
   Mesh Size - Setup1, Refinement, Pass #2, Freq. 1.100000e+10 :Title    
   Listing of mesh elements with poor quality. :ToolTip  
   hf3d :Author   
   1768245871 :TimeStamp
   mm :UnitName 
   1.0000000000000000e-03 :UnitConv
FlagFileMetaData End
BEGIN_ERR 
26 Small mesh segment detected on body : Substrate
 Small mesh segment detected on body : Substrate 
 Segment Statistics - Number of Segments : 1 --- Segment length(s) : 0.625000mm. The cutoff frequency for S-Matrix Only Solve is 18.142850278383MHz 
4 -1  8  76  112  # nfids, fids[]
2 6  -1  # nbids, bids[]
      5 6 1 0 #ntets ntri ned npts
          -6.2500000000000000e-01  -5.0000000000000000e+00   9.5250000000000001e-02 #xyz tv0
          -6.2500000000000000e-01  -4.3750000000000000e+00   0.0000000000000000e+00 #xyz tv1
          -6.2500000000000000e-01  -5.0000000000000000e+00   0.0000000000000000e+00 #xyz tv2
           0.0000000000000000e+00  -5.0000000000000000e+00   0.0000000000000000e+00 -1 6 #xyz tv3 fid bid
          -6.2500000000000000e-01  -5.0000000000000000e+00   9.5250000000000001e-02 #xyz tv0
          -6.2500000000000000e-01  -5.0000000000000000e+00   0.0000000000000000e+00 #xyz tv1
          -6.2500000000000000e-01  -4.3750000000000000e+00   0.0000000000000000e+00 #xyz tv2
          -1.2500000000000000e+00  -5.0000000000000000e+00   1.9050000000000000e-01 -1 6 #xyz tv3 fid bid
          -6.2500000000000000e-01  -5.0000000000000000e+00   0.0000000000000000e+00 #xyz tv0
          -6.2500000000000000e-01  -4.3750000000000000e+00   0.0000000000000000e+00 #xyz tv1
          -2.2981322874147163e+00  -5.5000000000000000e+00  -2.1075712271924529e+00 #xyz tv2
           0.0000000000000000e+00  -5.0000000000000000e+00   0.0000000000000000e+00 -1 6 #xyz tv3 fid bid
          -6.2500000000000000e-01  -5.0000000000000000e+00   0.0000000000000000e+00 #xyz tv0
          -6.2500000000000000e-01  -4.3750000000000000e+00   0.0000000000000000e+00 #xyz tv1
          -1.2500000000000000e+00  -5.0000000000000000e+00   1.9050000000000000e-01 #xyz tv2
          -1.2500000000000000e+00  -5.0000000000000000e+00   0.0000000000000000e+00 -1 6 #xyz tv3 fid bid
          -6.2500000000000000e-01  -5.0000000000000000e+00   0.0000000000000000e+00 #xyz tv0
          -2.2981322874147163e+00  -5.5000000000000000e+00  -2.1075712271924529e+00 #xyz tv1
          -6.2500000000000000e-01  -4.3750000000000000e+00   0.0000000000000000e+00 #xyz tv2
          -1.2500000000000000e+00  -5.0000000000000000e+00   0.0000000000000000e+00 -1 6 #xyz tv3 fid bid
           0.0000000000000000e+00  -5.0000000000000000e+00   0.0000000000000000e+00 #xyz tv0
          -6.2500000000000000e-01  -5.0000000000000000e+00   0.0000000000000000e+00 #xyz tv1
          -6.2500000000000000e-01  -4.3750000000000000e+00   0.0000000000000000e+00 8 -1 #xyz tv2 fid bid
           0.0000000000000000e+00  -5.0000000000000000e+00   0.0000000000000000e+00 #xyz tv0
          -6.2500000000000000e-01  -5.0000000000000000e+00   0.0000000000000000e+00 #xyz tv1
          -6.2500000000000000e-01  -4.3750000000000000e+00   0.0000000000000000e+00 76 -1 #xyz tv2 fid bid
           0.0000000000000000e+00  -5.0000000000000000e+00   0.0000000000000000e+00 #xyz tv0
          -6.2500000000000000e-01  -5.0000000000000000e+00   0.0000000000000000e+00 #xyz tv1
          -6.2500000000000000e-01  -4.3750000000000000e+00   0.0000000000000000e+00 112 -1 #xyz tv2 fid bid
          -6.2500000000000000e-01  -5.0000000000000000e+00   0.0000000000000000e+00 #xyz tv0
          -1.2500000000000000e+00  -5.0000000000000000e+00   0.0000000000000000e+00 #xyz tv1
          -6.2500000000000000e-01  -4.3750000000000000e+00   0.0000000000000000e+00 8 -1 #xyz tv2 fid bid
          -6.2500000000000000e-01  -5.0000000000000000e+00   0.0000000000000000e+00 #xyz tv0
          -1.2500000000000000e+00  -5.0000000000000000e+00   0.0000000000000000e+00 #xyz tv1
          -6.2500000000000000e-01  -4.3750000000000000e+00   0.0000000000000000e+00 76 -1 #xyz tv2 fid bid
          -6.2500000000000000e-01  -5.0000000000000000e+00   0.0000000000000000e+00 #xyz tv0
          -1.2500000000000000e+00  -5.0000000000000000e+00   0.0000000000000000e+00 #xyz tv1
          -6.2500000000000000e-01  -4.3750000000000000e+00   0.0000000000000000e+00 112 -1 #xyz tv2 fid bid
          -6.2500000000000000e-01  -5.0000000000000000e+00   0.0000000000000000e+00 #xyz ev0
          -6.2500000000000000e-01  -4.3750000000000000e+00   0.0000000000000000e+00 -1 6 #xyz ev1 fid bid
   0   0.000000000000e+00   0.000000000000e+00   0.000000000000e+00 #flag location
END_ERR 
G3dErrFileVersion 2025R1
FlagFileMetaData Begin
   Mesh Size - Setup1, Refinement, Pass #3, Freq. 1.100000e+10 :Title    
   Listing of mesh elements with poor quality. :ToolTip  
   hf3d :Author   
   1768245878 :TimeStamp
   mm :UnitName 
   1.0000000000000000e-03 :UnitConv
FlagFileMetaData End
BEGIN_ERR 
26 Small mesh segment detected on body : Substrate
 Small mesh segment detected on body : Substrate 
 Segment Statistics - Number of Segments : 1 --- Segment length(s) : 0.625000mm. The cutoff frequency for S-Matrix Only Solve is 18.142850278383MHz 
4 -1  8  76  112  # nfids, fids[]
2 6  -1  # nbids, bids[]
      5 6 1 0 #ntets ntri ned npts
          -6.2500000000000000e-01  -5.0000000000000000e+00   9.5250000000000001e-02 #xyz tv0
          -6.2500000000000000e-01  -4.3750000000000000e+00   0.0000000000000000e+00 #xyz tv1
          -6.2500000000000000e-01  -5.0000000000000000e+00   0.0000000000000000e+00 #xyz tv2
           0.0000000000000000e+00  -5.0000000000000000e+00   0.0000000000000000e+00 -1 6 #xyz tv3 fid bid
          -6.2500000000000000e-01  -5.0000000000000000e+00   9.5250000000000001e-02 #xyz tv0
          -6.2500000000000000e-01  -5.0000000000000000e+00   0.0000000000000000e+00 #xyz tv1
          -6.2500000000000000e-01  -4.3750000000000000e+00   0.0000000000000000e+00 #xyz tv2
          -1.2500000000000000e+00  -5.0000000000000000e+00   1.9050000000000000e-01 -1 6 #xyz tv3 fid bid
          -6.2500000000000000e-01  -5.0000000000000000e+00   0.0000000000000000e+00 #xyz tv0
          -6.2500000000000000e-01  -4.3750000000000000e+00   0.0000000000000000e+00 #xyz tv1
          -2.2981322874147163e+00  -5.5000000000000000e+00  -2.1075712271924529e+00 #xyz tv2
           0.0000000000000000e+00  -5.0000000000000000e+00   0.0000000000000000e+00 -1 6 #xyz tv3 fid bid
          -6.2500000000000000e-01  -5.0000000000000000e+00   0.0000000000000000e+00 #xyz tv0
          -6.2500000000000000e-01  -4.3750000000000000e+00   0.0000000000000000e+00 #xyz tv1
          -1.2500000000000000e+00  -5.0000000000000000e+00   1.9050000000000000e-01 #xyz tv2
          -1.2500000000000000e+00  -5.0000000000000000e+00   0.0000000000000000e+00 -1 6 #xyz tv3 fid bid
          -6.2500000000000000e-01  -5.0000000000000000e+00   0.0000000000000000e+00 #xyz tv0
          -2.2981322874147163e+00  -5.5000000000000000e+00  -2.1075712271924529e+00 #xyz tv1
          -6.2500000000000000e-01  -4.3750000000000000e+00   0.0000000000000000e+00 #xyz tv2
          -1.2500000000000000e+00  -5.0000000000000000e+00   0.0000000000000000e+00 -1 6 #xyz tv3 fid bid
           0.0000000000000000e+00  -5.0000000000000000e+00   0.0000000000000000e+00 #xyz tv0
          -6.2500000000000000e-01  -5.0000000000000000e+00   0.0000000000000000e+00 #xyz tv1
          -6.2500000000000000e-01  -4.3750000000000000e+00   0.0000000000000000e+00 8 -1 #xyz tv2 fid bid
           0.0000000000000000e+00  -5.0000000000000000e+00   0.0000000000000000e+00 #xyz tv0
          -6.2500000000000000e-01  -5.0000000000000000e+00   0.0000000000000000e+00 #xyz tv1
          -6.2500000000000000e-01  -4.3750000000000000e+00   0.0000000000000000e+00 76 -1 #xyz tv2 fid bid
           0.0000000000000000e+00  -5.0000000000000000e+00   0.0000000000000000e+00 #xyz tv0
          -6.2500000000000000e-01  -5.0000000000000000e+00   0.0000000000000000e+00 #xyz tv1
          -6.2500000000000000e-01  -4.3750000000000000e+00   0.0000000000000000e+00 112 -1 #xyz tv2 fid bid
          -6.2500000000000000e-01  -5.0000000000000000e+00   0.0000000000000000e+00 #xyz tv0
          -1.2500000000000000e+00  -5.0000000000000000e+00   0.0000000000000000e+00 #xyz tv1
          -6.2500000000000000e-01  -4.3750000000000000e+00   0.0000000000000000e+00 8 -1 #xyz tv2 fid bid
          -6.2500000000000000e-01  -5.0000000000000000e+00   0.0000000000000000e+00 #xyz tv0
          -1.2500000000000000e+00  -5.0000000000000000e+00   0.0000000000000000e+00 #xyz tv1
          -6.2500000000000000e-01  -4.3750000000000000e+00   0.0000000000000000e+00 76 -1 #xyz tv2 fid bid
          -6.2500000000000000e-01  -5.0000000000000000e+00   0.0000000000000000e+00 #xyz tv0
          -1.2500000000000000e+00  -5.0000000000000000e+00   0.0000000000000000e+00 #xyz tv1
          -6.2500000000000000e-01  -4.3750000000000000e+00   0.0000000000000000e+00 112 -1 #xyz tv2 fid bid
          -6.2500000000000000e-01  -5.0000000000000000e+00   0.0000000000000000e+00 #xyz ev0
          -6.2500000000000000e-01  -4.3750000000000000e+00   0.0000000000000000e+00 -1 6 #xyz ev1 fid bid
   0   0.000000000000e+00   0.000000000000e+00   0.000000000000e+00 #flag location
END_ERR 
G3dErrFileVersion 2025R1
FlagFileMetaData Begin
   Mesh Size - Setup1, Refinement, Pass #4, Freq. 1.100000e+10 :Title    
   Listing of mesh elements with poor quality. :ToolTip  
   hf3d :Author   
   1768245889 :TimeStamp
   mm :UnitName 
   1.0000000000000000e-03 :UnitConv
FlagFileMetaData End
BEGIN_ERR 
26 Small mesh segment detected on body : Substrate
 Small mesh segment detected on body : Substrate 
 Segment Statistics - Number of Segments : 1 --- Segment length(s) : 0.625000mm. The cutoff frequency for S-Matrix Only Solve is 18.142850278383MHz 
4 -1  8  76  112  # nfids, fids[]
2 6  -1  # nbids, bids[]
      5 6 1 0 #ntets ntri ned npts
           5.0000000000000000e+00  -6.2500000000000000e-01   9.5250000000000001e-02 #xyz tv0
           4.3750000000000000e+00  -6.2500000000000000e-01   0.0000000000000000e+00 #xyz tv1
           5.0000000000000000e+00  -6.2500000000000000e-01   0.0000000000000000e+00 #xyz tv2
           5.0000000000000000e+00   0.0000000000000000e+00   0.0000000000000000e+00 -1 6 #xyz tv3 fid bid
           5.0000000000000000e+00  -6.2500000000000000e-01   9.5250000000000001e-02 #xyz tv0
           5.0000000000000000e+00  -6.2500000000000000e-01   0.0000000000000000e+00 #xyz tv1
           4.3750000000000000e+00  -6.2500000000000000e-01   0.0000000000000000e+00 #xyz tv2
           5.0000000000000000e+00  -1.2500000000000000e+00   1.9050000000000000e-01 -1 6 #xyz tv3 fid bid
           5.0000000000000000e+00  -6.2500000000000000e-01   0.0000000000000000e+00 #xyz tv0
           4.3750000000000000e+00  -6.2500000000000000e-01   0.0000000000000000e+00 #xyz tv1
           5.5000000000000000e+00  -2.4452931485317744e+00  -2.9634216143868182e+00 #xyz tv2
           5.0000000000000000e+00   0.0000000000000000e+00   0.0000000000000000e+00 -1 6 #xyz tv3 fid bid
           5.0000000000000000e+00  -6.2500000000000000e-01   0.0000000000000000e+00 #xyz tv0
           4.3750000000000000e+00  -6.2500000000000000e-01   0.0000000000000000e+00 #xyz tv1
           5.0000000000000000e+00  -1.2500000000000000e+00   1.9050000000000000e-01 #xyz tv2
           5.0000000000000000e+00  -1.2500000000000000e+00   0.0000000000000000e+00 -1 6 #xyz tv3 fid bid
           5.0000000000000000e+00  -6.2500000000000000e-01   0.0000000000000000e+00 #xyz tv0
           5.5000000000000000e+00  -2.4452931485317744e+00  -2.9634216143868182e+00 #xyz tv1
           4.3750000000000000e+00  -6.2500000000000000e-01   0.0000000000000000e+00 #xyz tv2
           5.0000000000000000e+00  -1.2500000000000000e+00   0.0000000000000000e+00 -1 6 #xyz tv3 fid bid
           5.0000000000000000e+00   0.0000000000000000e+00   0.0000000000000000e+00 #xyz tv0
           5.0000000000000000e+00  -6.2500000000000000e-01   0.0000000000000000e+00 #xyz tv1
           4.3750000000000000e+00  -6.2500000000000000e-01   0.0000000000000000e+00 8 -1 #xyz tv2 fid bid
           5.0000000000000000e+00   0.0000000000000000e+00   0.0000000000000000e+00 #xyz tv0
           5.0000000000000000e+00  -6.2500000000000000e-01   0.0000000000000000e+00 #xyz tv1
           4.3750000000000000e+00  -6.2500000000000000e-01   0.0000000000000000e+00 76 -1 #xyz tv2 fid bid
           5.0000000000000000e+00   0.0000000000000000e+00   0.0000000000000000e+00 #xyz tv0
           5.0000000000000000e+00  -6.2500000000000000e-01   0.0000000000000000e+00 #xyz tv1
           4.3750000000000000e+00  -6.2500000000000000e-01   0.0000000000000000e+00 112 -1 #xyz tv2 fid bid
           5.0000000000000000e+00  -6.2500000000000000e-01   0.0000000000000000e+00 #xyz tv0
           5.0000000000000000e+00  -1.2500000000000000e+00   0.0000000000000000e+00 #xyz tv1
           4.3750000000000000e+00  -6.2500000000000000e-01   0.0000000000000000e+00 8 -1 #xyz tv2 fid bid
           5.0000000000000000e+00  -6.2500000000000000e-01   0.0000000000000000e+00 #xyz tv0
           5.0000000000000000e+00  -1.2500000000000000e+00   0.0000000000000000e+00 #xyz tv1
           4.3750000000000000e+00  -6.2500000000000000e-01   0.0000000000000000e+00 76 -1 #xyz tv2 fid bid
           5.0000000000000000e+00  -6.2500000000000000e-01   0.0000000000000000e+00 #xyz tv0
           5.0000000000000000e+00  -1.2500000000000000e+00   0.0000000000000000e+00 #xyz tv1
           4.3750000000000000e+00  -6.2500000000000000e-01   0.0000000000000000e+00 112 -1 #xyz tv2 fid bid
           5.0000000000000000e+00  -6.2500000000000000e-01   0.0000000000000000e+00 #xyz ev0
           4.3750000000000000e+00  -6.2500000000000000e-01   0.0000000000000000e+00 -1 6 #xyz ev1 fid bid
   0   0.000000000000e+00   0.000000000000e+00   0.000000000000e+00 #flag location
END_ERR 
BEGIN_ERR 
26 Small mesh segment detected on body : Substrate
 Small mesh segment detected on body : Substrate 
 Segment Statistics - Number of Segments : 1 --- Segment length(s) : 0.625000mm. The cutoff frequency for S-Matrix Only Solve is 18.142850278383MHz 
4 -1  8  76  112  # nfids, fids[]
2 6  -1  # nbids, bids[]
      5 6 1 0 #ntets ntri ned npts
          -5.0000000000000000e+00  -6.2500000000000000e-01   9.5250000000000001e-02 #xyz tv0
          -5.0000000000000000e+00  -6.2500000000000000e-01   0.0000000000000000e+00 #xyz tv1
          -4.3750000000000000e+00  -6.2500000000000000e-01   0.0000000000000000e+00 #xyz tv2
          -5.0000000000000000e+00   0.0000000000000000e+00   0.0000000000000000e+00 -1 6 #xyz tv3 fid bid
          -5.0000000000000000e+00  -6.2500000000000000e-01   9.5250000000000001e-02 #xyz tv0
          -4.3750000000000000e+00  -6.2500000000000000e-01   0.0000000000000000e+00 #xyz tv1
          -5.0000000000000000e+00  -6.2500000000000000e-01   0.0000000000000000e+00 #xyz tv2
          -5.0000000000000000e+00  -1.2500000000000000e+00   1.9050000000000000e-01 -1 6 #xyz tv3 fid bid
          -5.0000000000000000e+00  -6.2500000000000000e-01   0.0000000000000000e+00 #xyz tv0
          -5.5000000000000000e+00  -2.2453158284953760e+00  -2.2323442061899419e+00 #xyz tv1
          -4.3750000000000000e+00  -6.2500000000000000e-01   0.0000000000000000e+00 #xyz tv2
          -5.0000000000000000e+00   0.0000000000000000e+00   0.0000000000000000e+00 -1 6 #xyz tv3 fid bid
          -5.0000000000000000e+00  -6.2500000000000000e-01   0.0000000000000000e+00 #xyz tv0
          -5.0000000000000000e+00  -1.2500000000000000e+00   1.9050000000000000e-01 #xyz tv1
          -4.3750000000000000e+00  -6.2500000000000000e-01   0.0000000000000000e+00 #xyz tv2
          -5.0000000000000000e+00  -1.2500000000000000e+00   0.0000000000000000e+00 -1 6 #xyz tv3 fid bid
          -5.0000000000000000e+00  -6.2500000000000000e-01   0.0000000000000000e+00 #xyz tv0
          -4.3750000000000000e+00  -6.2500000000000000e-01   0.0000000000000000e+00 #xyz tv1
          -5.5000000000000000e+00  -2.2453158284953760e+00  -2.2323442061899419e+00 #xyz tv2
          -5.0000000000000000e+00  -1.2500000000000000e+00   0.0000000000000000e+00 -1 6 #xyz tv3 fid bid
          -5.0000000000000000e+00  -1.2500000000000000e+00   0.0000000000000000e+00 #xyz tv0
          -5.0000000000000000e+00  -6.2500000000000000e-01   0.0000000000000000e+00 #xyz tv1
          -4.3750000000000000e+00  -6.2500000000000000e-01   0.0000000000000000e+00 8 -1 #xyz tv2 fid bid
          -5.0000000000000000e+00  -1.2500000000000000e+00   0.0000000000000000e+00 #xyz tv0
          -5.0000000000000000e+00  -6.2500000000000000e-01   0.0000000000000000e+00 #xyz tv1
          -4.3750000000000000e+00  -6.2500000000000000e-01   0.0000000000000000e+00 76 -1 #xyz tv2 fid bid
          -5.0000000000000000e+00  -1.2500000000000000e+00   0.0000000000000000e+00 #xyz tv0
          -5.0000000000000000e+00  -6.2500000000000000e-01   0.0000000000000000e+00 #xyz tv1
          -4.3750000000000000e+00  -6.2500000000000000e-01   0.0000000000000000e+00 112 -1 #xyz tv2 fid bid
          -5.0000000000000000e+00  -6.2500000000000000e-01   0.0000000000000000e+00 #xyz tv0
          -5.0000000000000000e+00   0.0000000000000000e+00   0.0000000000000000e+00 #xyz tv1
          -4.3750000000000000e+00  -6.2500000000000000e-01   0.0000000000000000e+00 8 -1 #xyz tv2 fid bid
          -5.0000000000000000e+00  -6.2500000000000000e-01   0.0000000000000000e+00 #xyz tv0
          -5.0000000000000000e+00   0.0000000000000000e+00   0.0000000000000000e+00 #xyz tv1
          -4.3750000000000000e+00  -6.2500000000000000e-01   0.0000000000000000e+00 76 -1 #xyz tv2 fid bid
          -5.0000000000000000e+00  -6.2500000000000000e-01   0.0000000000000000e+00 #xyz tv0
          -5.0000000000000000e+00   0.0000000000000000e+00   0.0000000000000000e+00 #xyz tv1
          -4.3750000000000000e+00  -6.2500000000000000e-01   0.0000000000000000e+00 112 -1 #xyz tv2 fid bid
          -5.0000000000000000e+00  -6.2500000000000000e-01   0.0000000000000000e+00 #xyz ev0
          -4.3750000000000000e+00  -6.2500000000000000e-01   0.0000000000000000e+00 -1 6 #xyz ev1 fid bid
   0   0.000000000000e+00   0.000000000000e+00   0.000000000000e+00 #flag location
END_ERR 
G3dErrFileVersion 2025R1
FlagFileMetaData Begin
   Mesh Size - Setup1, Refinement, Pass #5, Freq. 1.100000e+10 :Title    
   Listing of mesh elements with poor quality. :ToolTip  
   hf3d :Author   
   1768245903 :TimeStamp
   mm :UnitName 
   1.0000000000000000e-03 :UnitConv
FlagFileMetaData End
BEGIN_ERR 
26 Small mesh segment detected on body : Substrate
 Small mesh segment detected on body : Substrate 
 Segment Statistics - Number of Segments : 1 --- Segment length(s) : 0.049254mm. The cutoff frequency for S-Matrix Only Solve is 18.142850278383MHz 
1 -1  # nfids, fids[]
1 6  # nbids, bids[]
      4 0 1 0 #ntets ntri ned npts
           3.7003087389379443e+00  -3.8288682672054115e+00   1.5240000000000000e+00 #xyz tv0
           3.5949178911195769e+00  -3.8316448672986496e+00   1.4287808107314586e+00 #xyz tv1
           3.7209861652082603e+00  -3.9843882659266092e+00   1.5240000000000000e+00 #xyz tv2
           3.7126923747247802e+00  -3.8313039640324447e+00   1.4763904053657295e+00 -1 6 #xyz tv3 fid bid
           3.7003087389379443e+00  -3.8288682672054115e+00   1.5240000000000000e+00 #xyz tv0
           3.7017961555409764e+00  -3.7299035346054321e+00   1.4370070957193575e+00 #xyz tv1
           3.5949178911195769e+00  -3.8316448672986496e+00   1.4287808107314586e+00 #xyz tv2
           3.7126923747247802e+00  -3.8313039640324447e+00   1.4763904053657295e+00 -1 6 #xyz tv3 fid bid
           3.7003087389379443e+00  -3.8288682672054115e+00   1.5240000000000000e+00 #xyz tv0
           3.8304668583299839e+00  -3.8309630607662388e+00   1.5240000000000000e+00 #xyz tv1
           3.7017961555409764e+00  -3.7299035346054321e+00   1.4370070957193575e+00 #xyz tv2
           3.7126923747247802e+00  -3.8313039640324447e+00   1.4763904053657295e+00 -1 6 #xyz tv3 fid bid
           3.7003087389379443e+00  -3.8288682672054115e+00   1.5240000000000000e+00 #xyz tv0
           3.7126923747247802e+00  -3.8313039640324447e+00   1.4763904053657295e+00 #xyz tv1
           3.7209861652082603e+00  -3.9843882659266092e+00   1.5240000000000000e+00 #xyz tv2
           3.8304668583299839e+00  -3.8309630607662388e+00   1.5240000000000000e+00 -1 6 #xyz tv3 fid bid
           3.7003087389379443e+00  -3.8288682672054115e+00   1.5240000000000000e+00 #xyz ev0
           3.7126923747247802e+00  -3.8313039640324447e+00   1.4763904053657295e+00 -1 6 #xyz ev1 fid bid
   0   0.000000000000e+00   0.000000000000e+00   0.000000000000e+00 #flag location
END_ERR 
BEGIN_ERR 
26 Small mesh segment detected on body : Substrate
 Small mesh segment detected on body : Substrate 
 Segment Statistics - Number of Segments : 1 --- Segment length(s) : 0.075265mm. The cutoff frequency for S-Matrix Only Solve is 18.142850278383MHz 
1 -1  # nfids, fids[]
1 6  # nbids, bids[]
      5 0 1 0 #ntets ntri ned npts
           3.7826448236713097e+00   3.7170944927525826e+00   1.4398197488427211e+00 #xyz tv0
           3.7117668015780958e+00   3.7417798069905546e+00   1.4341879911467044e+00 #xyz tv1
           3.6777061757117018e+00   3.5518094085979159e+00   1.4341879911467044e+00 #xyz tv2
           3.6964123514234037e+00   3.6890387023543703e+00   1.3443759822934085e+00 -1 6 #xyz tv3 fid bid
           3.7826448236713097e+00   3.7170944927525826e+00   1.4398197488427211e+00 #xyz tv0
           3.6777061757117018e+00   3.5518094085979159e+00   1.4341879911467044e+00 #xyz tv1
           3.7117668015780958e+00   3.7417798069905546e+00   1.4341879911467044e+00 #xyz tv2
           3.6589999999999998e+00   3.6589999999999998e+00   1.5240000000000000e+00 -1 6 #xyz tv3 fid bid
           3.7117668015780958e+00   3.7417798069905546e+00   1.4341879911467044e+00 #xyz tv0
           3.7826448236713097e+00   3.7170944927525826e+00   1.4398197488427211e+00 #xyz tv1
           3.7511325464715544e+00   3.8382321308772100e+00   1.4256683187016392e+00 #xyz tv2
           3.6964123514234037e+00   3.6890387023543703e+00   1.3443759822934085e+00 -1 6 #xyz tv3 fid bid
           3.7117668015780958e+00   3.7417798069905546e+00   1.4341879911467044e+00 #xyz tv0
           3.7826448236713097e+00   3.7170944927525826e+00   1.4398197488427211e+00 #xyz tv1
           3.6589999999999998e+00   3.6589999999999998e+00   1.5240000000000000e+00 #xyz tv2
           3.7271212517327870e+00   3.7945209116267389e+00   1.5240000000000000e+00 -1 6 #xyz tv3 fid bid
           3.7117668015780958e+00   3.7417798069905546e+00   1.4341879911467044e+00 #xyz tv0
           3.7511325464715544e+00   3.8382321308772100e+00   1.4256683187016392e+00 #xyz tv1
           3.7826448236713097e+00   3.7170944927525826e+00   1.4398197488427211e+00 #xyz tv2
           3.7271212517327870e+00   3.7945209116267389e+00   1.5240000000000000e+00 -1 6 #xyz tv3 fid bid
           3.7117668015780958e+00   3.7417798069905546e+00   1.4341879911467044e+00 #xyz ev0
           3.7826448236713097e+00   3.7170944927525826e+00   1.4398197488427211e+00 -1 6 #xyz ev1 fid bid
   0   0.000000000000e+00   0.000000000000e+00   0.000000000000e+00 #flag location
END_ERR 
BEGIN_ERR 
26 Small mesh segment detected on body : Substrate
 Small mesh segment detected on body : Substrate 
 Segment Statistics - Number of Segments : 1 --- Segment length(s) : 0.082980mm. The cutoff frequency for S-Matrix Only Solve is 18.142850278383MHz 
1 -1  # nfids, fids[]
1 6  # nbids, bids[]
      5 0 1 0 #ntets ntri ned npts
          -3.8483684925527957e+00  -3.6652083644441533e+00   1.5240000000000000e+00 #xyz tv0
          -4.0344338383058984e+00  -3.6687916587839124e+00   1.5240000000000000e+00 #xyz tv1
          -3.8467366698764813e+00  -3.6690028073099370e+00   1.4411226186111736e+00 #xyz tv2
          -3.8304913678216406e+00  -3.5026176886791163e+00   1.5240000000000000e+00 -1 6 #xyz tv3 fid bid
          -3.8483684925527957e+00  -3.6652083644441533e+00   1.5240000000000000e+00 #xyz tv0
          -3.8467366698764813e+00  -3.6690028073099370e+00   1.4411226186111736e+00 #xyz tv1
          -4.0344338383058984e+00  -3.6687916587839124e+00   1.5240000000000000e+00 #xyz tv2
          -3.8671002070581277e+00  -3.8333710397198990e+00   1.5240000000000000e+00 -1 6 #xyz tv3 fid bid
          -3.7597124710316687e+00  -3.6362634082931509e+00   1.4520324419004720e+00 #xyz tv0
          -3.8304913678216406e+00  -3.5026176886791163e+00   1.5240000000000000e+00 #xyz tv1
          -3.8483684925527957e+00  -3.6652083644441533e+00   1.5240000000000000e+00 #xyz tv2
          -3.8467366698764813e+00  -3.6690028073099370e+00   1.4411226186111736e+00 -1 6 #xyz tv3 fid bid
          -3.8671002070581277e+00  -3.8333710397198990e+00   1.5240000000000000e+00 #xyz tv0
          -3.8467366698764813e+00  -3.6690028073099370e+00   1.4411226186111736e+00 #xyz tv1
          -3.7409794162322294e+00  -3.7567025667501373e+00   1.5240000000000000e+00 #xyz tv2
          -3.8483684925527957e+00  -3.6652083644441533e+00   1.5240000000000000e+00 -1 6 #xyz tv3 fid bid
          -3.7597124710316687e+00  -3.6362634082931509e+00   1.4520324419004720e+00 #xyz tv0
          -3.8483684925527957e+00  -3.6652083644441533e+00   1.5240000000000000e+00 #xyz tv1
          -3.7409794162322294e+00  -3.7567025667501373e+00   1.5240000000000000e+00 #xyz tv2
          -3.8467366698764813e+00  -3.6690028073099370e+00   1.4411226186111736e+00 -1 6 #xyz tv3 fid bid
          -3.8483684925527957e+00  -3.6652083644441533e+00   1.5240000000000000e+00 #xyz ev0
          -3.8467366698764813e+00  -3.6690028073099370e+00   1.4411226186111736e+00 -1 6 #xyz ev1 fid bid
   0   0.000000000000e+00   0.000000000000e+00   0.000000000000e+00 #flag location
END_ERR 
