G3dErrFileVersion 2025R1
FlagFileMetaData Begin
   Mesh Size - Setup1, Refinement, Pass #1, Freq. 1.100000e+10 :Title    
   Listing of mesh elements with poor quality. :ToolTip  
   hf3d :Author   
   1768245786 :TimeStamp
   mm :UnitName 
   1.0000000000000000e-03 :UnitConv
FlagFileMetaData End
BEGIN_ERR 
26 Small mesh segment detected on body : Substrate
 Small mesh segment detected on body : Substrate 
 Segment Statistics - Number of Segments : 1 --- Segment length(s) : 0.625000mm. The cutoff frequency for S-Matrix Only Solve is 18.142850278383MHz 
4 -1  8  76  112  # nfids, fids[]
2 6  -1  # nbids, bids[]
      5 6 1 0 #ntets ntri ned npts
          -1.3239502086329322e+00  -4.4359355673835967e+00   4.8781137378800654e-01 #xyz tv0
          -1.2500000000000000e+00  -4.3750000000000000e+00   0.0000000000000000e+00 #xyz tv1
          -6.2500000000000000e-01  -4.3750000000000000e+00   0.0000000000000000e+00 #xyz tv2
          -1.2500000000000000e+00  -3.7500000000000000e+00   0.0000000000000000e+00 -1 6 #xyz tv3 fid bid
          -1.2500000000000000e+00  -4.3750000000000000e+00   0.0000000000000000e+00 #xyz tv0
          -1.2500000000000000e+00  -3.7500000000000000e+00   0.0000000000000000e+00 #xyz tv1
          -1.9102397344174876e-01  -3.9383116883116878e+00  -2.2980341911582789e+00 #xyz tv2
          -6.2500000000000000e-01  -4.3750000000000000e+00   0.0000000000000000e+00 -1 6 #xyz tv3 fid bid
          -1.2500000000000000e+00  -4.3750000000000000e+00   0.0000000000000000e+00 #xyz tv0
          -1.2500000000000000e+00  -5.0000000000000000e+00   1.9050000000000000e-01 #xyz tv1
          -6.2500000000000000e-01  -4.3750000000000000e+00   0.0000000000000000e+00 #xyz tv2
          -1.2500000000000000e+00  -5.0000000000000000e+00   0.0000000000000000e+00 -1 6 #xyz tv3 fid bid
          -1.2500000000000000e+00  -4.3750000000000000e+00   0.0000000000000000e+00 #xyz tv0
          -1.9102397344174876e-01  -3.9383116883116878e+00  -2.2980341911582789e+00 #xyz tv1
          -1.2500000000000000e+00  -5.0000000000000000e+00   0.0000000000000000e+00 #xyz tv2
          -6.2500000000000000e-01  -4.3750000000000000e+00   0.0000000000000000e+00 -1 6 #xyz tv3 fid bid
          -1.3239502086329322e+00  -4.4359355673835967e+00   4.8781137378800654e-01 #xyz tv0
          -6.2500000000000000e-01  -4.3750000000000000e+00   0.0000000000000000e+00 #xyz tv1
          -1.2500000000000000e+00  -4.3750000000000000e+00   0.0000000000000000e+00 #xyz tv2
          -1.2500000000000000e+00  -5.0000000000000000e+00   1.9050000000000000e-01 -1 6 #xyz tv3 fid bid
          -1.2500000000000000e+00  -5.0000000000000000e+00   0.0000000000000000e+00 #xyz tv0
          -1.2500000000000000e+00  -4.3750000000000000e+00   0.0000000000000000e+00 #xyz tv1
          -6.2500000000000000e-01  -4.3750000000000000e+00   0.0000000000000000e+00 8 -1 #xyz tv2 fid bid
          -1.2500000000000000e+00  -5.0000000000000000e+00   0.0000000000000000e+00 #xyz tv0
          -1.2500000000000000e+00  -4.3750000000000000e+00   0.0000000000000000e+00 #xyz tv1
          -6.2500000000000000e-01  -4.3750000000000000e+00   0.0000000000000000e+00 76 -1 #xyz tv2 fid bid
          -1.2500000000000000e+00  -5.0000000000000000e+00   0.0000000000000000e+00 #xyz tv0
          -1.2500000000000000e+00  -4.3750000000000000e+00   0.0000000000000000e+00 #xyz tv1
          -6.2500000000000000e-01  -4.3750000000000000e+00   0.0000000000000000e+00 112 -1 #xyz tv2 fid bid
          -1.2500000000000000e+00  -4.3750000000000000e+00   0.0000000000000000e+00 #xyz tv0
          -1.2500000000000000e+00  -3.7500000000000000e+00   0.0000000000000000e+00 #xyz tv1
          -6.2500000000000000e-01  -4.3750000000000000e+00   0.0000000000000000e+00 8 -1 #xyz tv2 fid bid
          -1.2500000000000000e+00  -4.3750000000000000e+00   0.0000000000000000e+00 #xyz tv0
          -1.2500000000000000e+00  -3.7500000000000000e+00   0.0000000000000000e+00 #xyz tv1
          -6.2500000000000000e-01  -4.3750000000000000e+00   0.0000000000000000e+00 76 -1 #xyz tv2 fid bid
          -1.2500000000000000e+00  -4.3750000000000000e+00   0.0000000000000000e+00 #xyz tv0
          -1.2500000000000000e+00  -3.7500000000000000e+00   0.0000000000000000e+00 #xyz tv1
          -6.2500000000000000e-01  -4.3750000000000000e+00   0.0000000000000000e+00 112 -1 #xyz tv2 fid bid
          -1.2500000000000000e+00  -4.3750000000000000e+00   0.0000000000000000e+00 #xyz ev0
          -6.2500000000000000e-01  -4.3750000000000000e+00   0.0000000000000000e+00 -1 6 #xyz ev1 fid bid
   0   0.000000000000e+00   0.000000000000e+00   0.000000000000e+00 #flag location
END_ERR 
G3dErrFileVersion 2025R1
FlagFileMetaData Begin
   Mesh Size - Setup1, Refinement, Pass #2, Freq. 1.100000e+10 :Title    
   Listing of mesh elements with poor quality. :ToolTip  
   hf3d :Author   
   1768245791 :TimeStamp
   mm :UnitName 
   1.0000000000000000e-03 :UnitConv
FlagFileMetaData End
BEGIN_ERR 
26 Small mesh segment detected on body : Substrate
 Small mesh segment detected on body : Substrate 
 Segment Statistics - Number of Segments : 1 --- Segment length(s) : 0.625000mm. The cutoff frequency for S-Matrix Only Solve is 18.142850278383MHz 
4 -1  8  76  112  # nfids, fids[]
2 6  -1  # nbids, bids[]
      5 6 1 0 #ntets ntri ned npts
          -1.3239502086329322e+00  -4.4359355673835967e+00   4.8781137378800654e-01 #xyz tv0
          -1.2500000000000000e+00  -4.3750000000000000e+00   0.0000000000000000e+00 #xyz tv1
          -6.2500000000000000e-01  -4.3750000000000000e+00   0.0000000000000000e+00 #xyz tv2
          -1.2500000000000000e+00  -3.7500000000000000e+00   0.0000000000000000e+00 -1 6 #xyz tv3 fid bid
          -1.2500000000000000e+00  -4.3750000000000000e+00   0.0000000000000000e+00 #xyz tv0
          -1.2500000000000000e+00  -3.7500000000000000e+00   0.0000000000000000e+00 #xyz tv1
          -1.9102397344174876e-01  -3.9383116883116878e+00  -2.2980341911582789e+00 #xyz tv2
          -6.2500000000000000e-01  -4.3750000000000000e+00   0.0000000000000000e+00 -1 6 #xyz tv3 fid bid
          -1.2500000000000000e+00  -4.3750000000000000e+00   0.0000000000000000e+00 #xyz tv0
          -1.2500000000000000e+00  -5.0000000000000000e+00   1.9050000000000000e-01 #xyz tv1
          -6.2500000000000000e-01  -4.3750000000000000e+00   0.0000000000000000e+00 #xyz tv2
          -1.2500000000000000e+00  -5.0000000000000000e+00   0.0000000000000000e+00 -1 6 #xyz tv3 fid bid
          -1.2500000000000000e+00  -4.3750000000000000e+00   0.0000000000000000e+00 #xyz tv0
          -1.9102397344174876e-01  -3.9383116883116878e+00  -2.2980341911582789e+00 #xyz tv1
          -1.2500000000000000e+00  -5.0000000000000000e+00   0.0000000000000000e+00 #xyz tv2
          -6.2500000000000000e-01  -4.3750000000000000e+00   0.0000000000000000e+00 -1 6 #xyz tv3 fid bid
          -1.3239502086329322e+00  -4.4359355673835967e+00   4.8781137378800654e-01 #xyz tv0
          -6.2500000000000000e-01  -4.3750000000000000e+00   0.0000000000000000e+00 #xyz tv1
          -1.2500000000000000e+00  -4.3750000000000000e+00   0.0000000000000000e+00 #xyz tv2
          -1.2500000000000000e+00  -5.0000000000000000e+00   1.9050000000000000e-01 -1 6 #xyz tv3 fid bid
          -1.2500000000000000e+00  -5.0000000000000000e+00   0.0000000000000000e+00 #xyz tv0
          -1.2500000000000000e+00  -4.3750000000000000e+00   0.0000000000000000e+00 #xyz tv1
          -6.2500000000000000e-01  -4.3750000000000000e+00   0.0000000000000000e+00 8 -1 #xyz tv2 fid bid
          -1.2500000000000000e+00  -5.0000000000000000e+00   0.0000000000000000e+00 #xyz tv0
          -1.2500000000000000e+00  -4.3750000000000000e+00   0.0000000000000000e+00 #xyz tv1
          -6.2500000000000000e-01  -4.3750000000000000e+00   0.0000000000000000e+00 76 -1 #xyz tv2 fid bid
          -1.2500000000000000e+00  -5.0000000000000000e+00   0.0000000000000000e+00 #xyz tv0
          -1.2500000000000000e+00  -4.3750000000000000e+00   0.0000000000000000e+00 #xyz tv1
          -6.2500000000000000e-01  -4.3750000000000000e+00   0.0000000000000000e+00 112 -1 #xyz tv2 fid bid
          -1.2500000000000000e+00  -4.3750000000000000e+00   0.0000000000000000e+00 #xyz tv0
          -1.2500000000000000e+00  -3.7500000000000000e+00   0.0000000000000000e+00 #xyz tv1
          -6.2500000000000000e-01  -4.3750000000000000e+00   0.0000000000000000e+00 8 -1 #xyz tv2 fid bid
          -1.2500000000000000e+00  -4.3750000000000000e+00   0.0000000000000000e+00 #xyz tv0
          -1.2500000000000000e+00  -3.7500000000000000e+00   0.0000000000000000e+00 #xyz tv1
          -6.2500000000000000e-01  -4.3750000000000000e+00   0.0000000000000000e+00 76 -1 #xyz tv2 fid bid
          -1.2500000000000000e+00  -4.3750000000000000e+00   0.0000000000000000e+00 #xyz tv0
          -1.2500000000000000e+00  -3.7500000000000000e+00   0.0000000000000000e+00 #xyz tv1
          -6.2500000000000000e-01  -4.3750000000000000e+00   0.0000000000000000e+00 112 -1 #xyz tv2 fid bid
          -1.2500000000000000e+00  -4.3750000000000000e+00   0.0000000000000000e+00 #xyz ev0
          -6.2500000000000000e-01  -4.3750000000000000e+00   0.0000000000000000e+00 -1 6 #xyz ev1 fid bid
   0   0.000000000000e+00   0.000000000000e+00   0.000000000000e+00 #flag location
END_ERR 
G3dErrFileVersion 2025R1
FlagFileMetaData Begin
   Mesh Size - Setup1, Refinement, Pass #3, Freq. 1.100000e+10 :Title    
   Listing of mesh elements with poor quality. :ToolTip  
   hf3d :Author   
   1768245798 :TimeStamp
   mm :UnitName 
   1.0000000000000000e-03 :UnitConv
FlagFileMetaData End
BEGIN_ERR 
26 Small mesh segment detected on body : Substrate
 Small mesh segment detected on body : Substrate 
 Segment Statistics - Number of Segments : 1 --- Segment length(s) : 0.625000mm. The cutoff frequency for S-Matrix Only Solve is 18.142850278383MHz 
4 -1  8  76  112  # nfids, fids[]
2 6  -1  # nbids, bids[]
      5 6 1 0 #ntets ntri ned npts
          -1.3239502086329322e+00  -4.4359355673835967e+00   4.8781137378800654e-01 #xyz tv0
          -1.2500000000000000e+00  -4.3750000000000000e+00   0.0000000000000000e+00 #xyz tv1
          -6.2500000000000000e-01  -4.3750000000000000e+00   0.0000000000000000e+00 #xyz tv2
          -1.2500000000000000e+00  -3.7500000000000000e+00   0.0000000000000000e+00 -1 6 #xyz tv3 fid bid
          -1.2500000000000000e+00  -4.3750000000000000e+00   0.0000000000000000e+00 #xyz tv0
          -1.2500000000000000e+00  -3.7500000000000000e+00   0.0000000000000000e+00 #xyz tv1
          -1.9102397344174876e-01  -3.9383116883116878e+00  -2.2980341911582789e+00 #xyz tv2
          -6.2500000000000000e-01  -4.3750000000000000e+00   0.0000000000000000e+00 -1 6 #xyz tv3 fid bid
          -1.2500000000000000e+00  -4.3750000000000000e+00   0.0000000000000000e+00 #xyz tv0
          -1.2500000000000000e+00  -5.0000000000000000e+00   1.9050000000000000e-01 #xyz tv1
          -6.2500000000000000e-01  -4.3750000000000000e+00   0.0000000000000000e+00 #xyz tv2
          -1.2500000000000000e+00  -5.0000000000000000e+00   0.0000000000000000e+00 -1 6 #xyz tv3 fid bid
          -1.2500000000000000e+00  -4.3750000000000000e+00   0.0000000000000000e+00 #xyz tv0
          -1.9102397344174876e-01  -3.9383116883116878e+00  -2.2980341911582789e+00 #xyz tv1
          -1.2500000000000000e+00  -5.0000000000000000e+00   0.0000000000000000e+00 #xyz tv2
          -6.2500000000000000e-01  -4.3750000000000000e+00   0.0000000000000000e+00 -1 6 #xyz tv3 fid bid
          -1.3239502086329322e+00  -4.4359355673835967e+00   4.8781137378800654e-01 #xyz tv0
          -6.2500000000000000e-01  -4.3750000000000000e+00   0.0000000000000000e+00 #xyz tv1
          -1.2500000000000000e+00  -4.3750000000000000e+00   0.0000000000000000e+00 #xyz tv2
          -1.2500000000000000e+00  -5.0000000000000000e+00   1.9050000000000000e-01 -1 6 #xyz tv3 fid bid
          -1.2500000000000000e+00  -5.0000000000000000e+00   0.0000000000000000e+00 #xyz tv0
          -1.2500000000000000e+00  -4.3750000000000000e+00   0.0000000000000000e+00 #xyz tv1
          -6.2500000000000000e-01  -4.3750000000000000e+00   0.0000000000000000e+00 8 -1 #xyz tv2 fid bid
          -1.2500000000000000e+00  -5.0000000000000000e+00   0.0000000000000000e+00 #xyz tv0
          -1.2500000000000000e+00  -4.3750000000000000e+00   0.0000000000000000e+00 #xyz tv1
          -6.2500000000000000e-01  -4.3750000000000000e+00   0.0000000000000000e+00 76 -1 #xyz tv2 fid bid
          -1.2500000000000000e+00  -5.0000000000000000e+00   0.0000000000000000e+00 #xyz tv0
          -1.2500000000000000e+00  -4.3750000000000000e+00   0.0000000000000000e+00 #xyz tv1
          -6.2500000000000000e-01  -4.3750000000000000e+00   0.0000000000000000e+00 112 -1 #xyz tv2 fid bid
          -1.2500000000000000e+00  -4.3750000000000000e+00   0.0000000000000000e+00 #xyz tv0
          -1.2500000000000000e+00  -3.7500000000000000e+00   0.0000000000000000e+00 #xyz tv1
          -6.2500000000000000e-01  -4.3750000000000000e+00   0.0000000000000000e+00 8 -1 #xyz tv2 fid bid
          -1.2500000000000000e+00  -4.3750000000000000e+00   0.0000000000000000e+00 #xyz tv0
          -1.2500000000000000e+00  -3.7500000000000000e+00   0.0000000000000000e+00 #xyz tv1
          -6.2500000000000000e-01  -4.3750000000000000e+00   0.0000000000000000e+00 76 -1 #xyz tv2 fid bid
          -1.2500000000000000e+00  -4.3750000000000000e+00   0.0000000000000000e+00 #xyz tv0
          -1.2500000000000000e+00  -3.7500000000000000e+00   0.0000000000000000e+00 #xyz tv1
          -6.2500000000000000e-01  -4.3750000000000000e+00   0.0000000000000000e+00 112 -1 #xyz tv2 fid bid
          -1.2500000000000000e+00  -4.3750000000000000e+00   0.0000000000000000e+00 #xyz ev0
          -6.2500000000000000e-01  -4.3750000000000000e+00   0.0000000000000000e+00 -1 6 #xyz ev1 fid bid
   0   0.000000000000e+00   0.000000000000e+00   0.000000000000e+00 #flag location
END_ERR 
G3dErrFileVersion 2025R1
FlagFileMetaData Begin
   Mesh Size - Setup1, Refinement, Pass #4, Freq. 1.100000e+10 :Title    
   Listing of mesh elements with poor quality. :ToolTip  
   hf3d :Author   
   1768245805 :TimeStamp
   mm :UnitName 
   1.0000000000000000e-03 :UnitConv
FlagFileMetaData End
BEGIN_ERR 
26 Small mesh segment detected on body : Substrate
 Small mesh segment detected on body : Substrate 
 Segment Statistics - Number of Segments : 1 --- Segment length(s) : 0.625000mm. The cutoff frequency for S-Matrix Only Solve is 18.142850278383MHz 
4 -1  8  76  112  # nfids, fids[]
2 6  -1  # nbids, bids[]
      5 6 1 0 #ntets ntri ned npts
          -1.3239502086329322e+00  -4.4359355673835967e+00   4.8781137378800654e-01 #xyz tv0
          -1.2500000000000000e+00  -4.3750000000000000e+00   0.0000000000000000e+00 #xyz tv1
          -6.2500000000000000e-01  -4.3750000000000000e+00   0.0000000000000000e+00 #xyz tv2
          -1.2500000000000000e+00  -3.7500000000000000e+00   0.0000000000000000e+00 -1 6 #xyz tv3 fid bid
          -1.2500000000000000e+00  -4.3750000000000000e+00   0.0000000000000000e+00 #xyz tv0
          -1.2500000000000000e+00  -3.7500000000000000e+00   0.0000000000000000e+00 #xyz tv1
          -1.9102397344174876e-01  -3.9383116883116878e+00  -2.2980341911582789e+00 #xyz tv2
          -6.2500000000000000e-01  -4.3750000000000000e+00   0.0000000000000000e+00 -1 6 #xyz tv3 fid bid
          -1.2500000000000000e+00  -4.3750000000000000e+00   0.0000000000000000e+00 #xyz tv0
          -1.2500000000000000e+00  -5.0000000000000000e+00   1.9050000000000000e-01 #xyz tv1
          -6.2500000000000000e-01  -4.3750000000000000e+00   0.0000000000000000e+00 #xyz tv2
          -1.2500000000000000e+00  -5.0000000000000000e+00   0.0000000000000000e+00 -1 6 #xyz tv3 fid bid
          -1.2500000000000000e+00  -4.3750000000000000e+00   0.0000000000000000e+00 #xyz tv0
          -1.9102397344174876e-01  -3.9383116883116878e+00  -2.2980341911582789e+00 #xyz tv1
          -1.2500000000000000e+00  -5.0000000000000000e+00   0.0000000000000000e+00 #xyz tv2
          -6.2500000000000000e-01  -4.3750000000000000e+00   0.0000000000000000e+00 -1 6 #xyz tv3 fid bid
          -1.3239502086329322e+00  -4.4359355673835967e+00   4.8781137378800654e-01 #xyz tv0
          -6.2500000000000000e-01  -4.3750000000000000e+00   0.0000000000000000e+00 #xyz tv1
          -1.2500000000000000e+00  -4.3750000000000000e+00   0.0000000000000000e+00 #xyz tv2
          -1.2500000000000000e+00  -5.0000000000000000e+00   1.9050000000000000e-01 -1 6 #xyz tv3 fid bid
          -1.2500000000000000e+00  -5.0000000000000000e+00   0.0000000000000000e+00 #xyz tv0
          -1.2500000000000000e+00  -4.3750000000000000e+00   0.0000000000000000e+00 #xyz tv1
          -6.2500000000000000e-01  -4.3750000000000000e+00   0.0000000000000000e+00 8 -1 #xyz tv2 fid bid
          -1.2500000000000000e+00  -5.0000000000000000e+00   0.0000000000000000e+00 #xyz tv0
          -1.2500000000000000e+00  -4.3750000000000000e+00   0.0000000000000000e+00 #xyz tv1
          -6.2500000000000000e-01  -4.3750000000000000e+00   0.0000000000000000e+00 76 -1 #xyz tv2 fid bid
          -1.2500000000000000e+00  -5.0000000000000000e+00   0.0000000000000000e+00 #xyz tv0
          -1.2500000000000000e+00  -4.3750000000000000e+00   0.0000000000000000e+00 #xyz tv1
          -6.2500000000000000e-01  -4.3750000000000000e+00   0.0000000000000000e+00 112 -1 #xyz tv2 fid bid
          -1.2500000000000000e+00  -4.3750000000000000e+00   0.0000000000000000e+00 #xyz tv0
          -1.2500000000000000e+00  -3.7500000000000000e+00   0.0000000000000000e+00 #xyz tv1
          -6.2500000000000000e-01  -4.3750000000000000e+00   0.0000000000000000e+00 8 -1 #xyz tv2 fid bid
          -1.2500000000000000e+00  -4.3750000000000000e+00   0.0000000000000000e+00 #xyz tv0
          -1.2500000000000000e+00  -3.7500000000000000e+00   0.0000000000000000e+00 #xyz tv1
          -6.2500000000000000e-01  -4.3750000000000000e+00   0.0000000000000000e+00 76 -1 #xyz tv2 fid bid
          -1.2500000000000000e+00  -4.3750000000000000e+00   0.0000000000000000e+00 #xyz tv0
          -1.2500000000000000e+00  -3.7500000000000000e+00   0.0000000000000000e+00 #xyz tv1
          -6.2500000000000000e-01  -4.3750000000000000e+00   0.0000000000000000e+00 112 -1 #xyz tv2 fid bid
          -1.2500000000000000e+00  -4.3750000000000000e+00   0.0000000000000000e+00 #xyz ev0
          -6.2500000000000000e-01  -4.3750000000000000e+00   0.0000000000000000e+00 -1 6 #xyz ev1 fid bid
   0   0.000000000000e+00   0.000000000000e+00   0.000000000000e+00 #flag location
END_ERR 
BEGIN_ERR 
26 Small mesh segment detected on body : Substrate
 Small mesh segment detected on body : Substrate 
 Segment Statistics - Number of Segments : 1 --- Segment length(s) : 0.625000mm. The cutoff frequency for S-Matrix Only Solve is 18.142850278383MHz 
4 -1  8  76  112  # nfids, fids[]
2 6  -1  # nbids, bids[]
      4 6 1 0 #ntets ntri ned npts
           2.5000000000000000e+00  -1.8750000000000000e+00   0.0000000000000000e+00 #xyz tv0
           2.5778521639112215e+00  -1.9602154811064372e+00   5.9114393621106442e-01 #xyz tv1
           3.1250000000000000e+00  -1.8750000000000000e+00   0.0000000000000000e+00 #xyz tv2
           2.5000000000000000e+00  -2.5000000000000000e+00   0.0000000000000000e+00 -1 6 #xyz tv3 fid bid
           2.5000000000000000e+00  -1.8750000000000000e+00   0.0000000000000000e+00 #xyz tv0
           3.1250000000000000e+00  -1.8750000000000000e+00   0.0000000000000000e+00 #xyz tv1
           3.3278396910580046e+00  -2.7775968292752626e+00  -1.8578388441862963e+00 #xyz tv2
           2.5000000000000000e+00  -2.5000000000000000e+00   0.0000000000000000e+00 -1 6 #xyz tv3 fid bid
           2.5000000000000000e+00  -1.8750000000000000e+00   0.0000000000000000e+00 #xyz tv0
           3.3278396910580046e+00  -2.7775968292752626e+00  -1.8578388441862963e+00 #xyz tv1
           3.1250000000000000e+00  -1.8750000000000000e+00   0.0000000000000000e+00 #xyz tv2
           2.5000000000000000e+00  -1.2500000000000000e+00   0.0000000000000000e+00 -1 6 #xyz tv3 fid bid
           2.5000000000000000e+00  -1.8750000000000000e+00   0.0000000000000000e+00 #xyz tv0
           3.1250000000000000e+00  -1.8750000000000000e+00   0.0000000000000000e+00 #xyz tv1
           2.5778521639112215e+00  -1.9602154811064372e+00   5.9114393621106442e-01 #xyz tv2
           2.5000000000000000e+00  -1.2500000000000000e+00   0.0000000000000000e+00 -1 6 #xyz tv3 fid bid
           2.5000000000000000e+00  -2.5000000000000000e+00   0.0000000000000000e+00 #xyz tv0
           2.5000000000000000e+00  -1.8750000000000000e+00   0.0000000000000000e+00 #xyz tv1
           3.1250000000000000e+00  -1.8750000000000000e+00   0.0000000000000000e+00 8 -1 #xyz tv2 fid bid
           2.5000000000000000e+00  -2.5000000000000000e+00   0.0000000000000000e+00 #xyz tv0
           2.5000000000000000e+00  -1.8750000000000000e+00   0.0000000000000000e+00 #xyz tv1
           3.1250000000000000e+00  -1.8750000000000000e+00   0.0000000000000000e+00 76 -1 #xyz tv2 fid bid
           2.5000000000000000e+00  -2.5000000000000000e+00   0.0000000000000000e+00 #xyz tv0
           2.5000000000000000e+00  -1.8750000000000000e+00   0.0000000000000000e+00 #xyz tv1
           3.1250000000000000e+00  -1.8750000000000000e+00   0.0000000000000000e+00 112 -1 #xyz tv2 fid bid
           2.5000000000000000e+00  -1.8750000000000000e+00   0.0000000000000000e+00 #xyz tv0
           2.5000000000000000e+00  -1.2500000000000000e+00   0.0000000000000000e+00 #xyz tv1
           3.1250000000000000e+00  -1.8750000000000000e+00   0.0000000000000000e+00 8 -1 #xyz tv2 fid bid
           2.5000000000000000e+00  -1.8750000000000000e+00   0.0000000000000000e+00 #xyz tv0
           2.5000000000000000e+00  -1.2500000000000000e+00   0.0000000000000000e+00 #xyz tv1
           3.1250000000000000e+00  -1.8750000000000000e+00   0.0000000000000000e+00 76 -1 #xyz tv2 fid bid
           2.5000000000000000e+00  -1.8750000000000000e+00   0.0000000000000000e+00 #xyz tv0
           2.5000000000000000e+00  -1.2500000000000000e+00   0.0000000000000000e+00 #xyz tv1
           3.1250000000000000e+00  -1.8750000000000000e+00   0.0000000000000000e+00 112 -1 #xyz tv2 fid bid
           2.5000000000000000e+00  -1.8750000000000000e+00   0.0000000000000000e+00 #xyz ev0
           3.1250000000000000e+00  -1.8750000000000000e+00   0.0000000000000000e+00 -1 6 #xyz ev1 fid bid
   0   0.000000000000e+00   0.000000000000e+00   0.000000000000e+00 #flag location
END_ERR 
G3dErrFileVersion 2025R1
FlagFileMetaData Begin
   Mesh Size - Setup1, Refinement, Pass #5, Freq. 1.100000e+10 :Title    
   Listing of mesh elements with poor quality. :ToolTip  
   hf3d :Author   
   1768245814 :TimeStamp
   mm :UnitName 
   1.0000000000000000e-03 :UnitConv
FlagFileMetaData End
BEGIN_ERR 
26 Small mesh segment detected on body : Substrate
 Small mesh segment detected on body : Substrate 
 Segment Statistics - Number of Segments : 1 --- Segment length(s) : 0.070667mm. The cutoff frequency for S-Matrix Only Solve is 18.142850278383MHz 
1 -1  # nfids, fids[]
1 6  # nbids, bids[]
      4 0 1 0 #ntets ntri ned npts
           3.6272323809656917e+00  -3.5160849402375067e+00   1.4807314882497391e+00 #xyz tv0
           3.5933435917416139e+00  -3.5379894428234762e+00   1.4227180017200345e+00 #xyz tv1
           3.6272323809656917e+00  -3.4272675574250067e+00   1.4807314882497391e+00 #xyz tv2
           3.5319999999999996e+00  -3.5319999999999996e+00   1.5240000000000000e+00 -1 6 #xyz tv3 fid bid
           3.6272323809656917e+00  -3.5160849402375067e+00   1.4807314882497391e+00 #xyz tv0
           3.6272323809656917e+00  -3.4272675574250067e+00   1.4807314882497391e+00 #xyz tv1
           3.5933435917416139e+00  -3.5379894428234762e+00   1.4227180017200345e+00 #xyz tv2
           3.7224647619313824e+00  -3.5001698804750139e+00   1.4374629764994784e+00 -1 6 #xyz tv3 fid bid
           3.6272323809656917e+00  -3.5160849402375067e+00   1.4807314882497391e+00 #xyz tv0
           3.6868950407673462e+00  -3.5900198855534540e+00   1.5240000000000000e+00 #xyz tv1
           3.5933435917416139e+00  -3.5379894428234762e+00   1.4227180017200345e+00 #xyz tv2
           3.5319999999999996e+00  -3.5319999999999996e+00   1.5240000000000000e+00 -1 6 #xyz tv3 fid bid
           3.6272323809656917e+00  -3.5160849402375067e+00   1.4807314882497391e+00 #xyz tv0
           3.5933435917416139e+00  -3.5379894428234762e+00   1.4227180017200345e+00 #xyz tv1
           3.6868950407673462e+00  -3.5900198855534540e+00   1.5240000000000000e+00 #xyz tv2
           3.7224647619313824e+00  -3.5001698804750139e+00   1.4374629764994784e+00 -1 6 #xyz tv3 fid bid
           3.6272323809656917e+00  -3.5160849402375067e+00   1.4807314882497391e+00 #xyz ev0
           3.5933435917416139e+00  -3.5379894428234762e+00   1.4227180017200345e+00 -1 6 #xyz ev1 fid bid
   0   0.000000000000e+00   0.000000000000e+00   0.000000000000e+00 #flag location
END_ERR 
BEGIN_ERR 
26 Small mesh segment detected on body : Substrate
 Small mesh segment detected on body : Substrate 
 Segment Statistics - Number of Segments : 1 --- Segment length(s) : 0.078487mm. The cutoff frequency for S-Matrix Only Solve is 18.142850278383MHz 
1 -1  # nfids, fids[]
1 6  # nbids, bids[]
      5 0 1 0 #ntets ntri ned npts
          -3.6950754416179494e+00   2.7248207949951970e+00   1.4627120927731694e+00 #xyz tv0
          -3.5319999999999996e+00   2.6076152433454993e+00   1.5240000000000000e+00 #xyz tv1
          -3.7000270982861618e+00   2.6760406474970129e+00   1.5240000000000000e+00 #xyz tv2
          -3.5319999999999996e+00   2.8399595842026182e+00   1.5240000000000000e+00 -1 6 #xyz tv3 fid bid
          -3.6950754416179494e+00   2.7248207949951970e+00   1.4627120927731694e+00 #xyz tv0
          -3.5319999999999996e+00   2.8399595842026182e+00   1.5240000000000000e+00 #xyz tv1
          -3.7000270982861618e+00   2.6760406474970129e+00   1.5240000000000000e+00 #xyz tv2
          -3.7117560051394163e+00   2.8741075184459248e+00   1.5240000000000000e+00 -1 6 #xyz tv3 fid bid
          -3.6950754416179494e+00   2.7248207949951970e+00   1.4627120927731694e+00 #xyz tv0
          -3.7000270982861618e+00   2.6760406474970129e+00   1.5240000000000000e+00 #xyz tv1
          -3.5319999999999996e+00   2.6076152433454993e+00   1.5240000000000000e+00 #xyz tv2
          -3.6783948780964826e+00   2.5755340715444692e+00   1.4014241855463387e+00 -1 6 #xyz tv3 fid bid
          -3.6950754416179494e+00   2.7248207949951970e+00   1.4627120927731694e+00 #xyz tv0
          -3.7000270982861618e+00   2.6760406474970129e+00   1.5240000000000000e+00 #xyz tv1
          -3.8933016337363795e+00   2.6787410650670260e+00   1.5240000000000000e+00 #xyz tv2
          -3.7117560051394163e+00   2.8741075184459248e+00   1.5240000000000000e+00 -1 6 #xyz tv3 fid bid
          -3.6950754416179494e+00   2.7248207949951970e+00   1.4627120927731694e+00 #xyz tv0
          -3.8933016337363795e+00   2.6787410650670260e+00   1.5240000000000000e+00 #xyz tv1
          -3.7000270982861618e+00   2.6760406474970129e+00   1.5240000000000000e+00 #xyz tv2
          -3.6783948780964826e+00   2.5755340715444692e+00   1.4014241855463387e+00 -1 6 #xyz tv3 fid bid
          -3.6950754416179494e+00   2.7248207949951970e+00   1.4627120927731694e+00 #xyz ev0
          -3.7000270982861618e+00   2.6760406474970129e+00   1.5240000000000000e+00 -1 6 #xyz ev1 fid bid
   0   0.000000000000e+00   0.000000000000e+00   0.000000000000e+00 #flag location
END_ERR 
BEGIN_ERR 
26 Small mesh segment detected on body : Substrate
 Small mesh segment detected on body : Substrate 
 Segment Statistics - Number of Segments : 1 --- Segment length(s) : 0.080659mm. The cutoff frequency for S-Matrix Only Solve is 18.142850278383MHz 
1 -1  # nfids, fids[]
1 6  # nbids, bids[]
      5 0 1 0 #ntets ntri ned npts
           3.5319999999999996e+00   3.5319999999999996e+00   1.5240000000000000e+00 #xyz tv0
           3.4110079853127289e+00   3.6229573484350319e+00   1.4511858925251704e+00 #xyz tv1
           3.4442924409375144e+00   3.6327586840831865e+00   1.5240000000000000e+00 #xyz tv2
           3.3112499999999994e+00   3.5319999999999996e+00   1.5240000000000000e+00 -1 6 #xyz tv3 fid bid
           3.5319999999999996e+00   3.5319999999999996e+00   1.5240000000000000e+00 #xyz tv0
           3.4442924409375144e+00   3.6327586840831865e+00   1.5240000000000000e+00 #xyz tv1
           3.4110079853127289e+00   3.6229573484350319e+00   1.4511858925251704e+00 #xyz tv2
           3.5281371041742871e+00   3.6015400699289479e+00   1.4526446080007918e+00 -1 6 #xyz tv3 fid bid
           3.4110079853127289e+00   3.6229573484350319e+00   1.4511858925251704e+00 #xyz tv0
           3.3565848818750288e+00   3.7335173681663738e+00   1.5240000000000000e+00 #xyz tv1
           3.4442924409375144e+00   3.6327586840831865e+00   1.5240000000000000e+00 #xyz tv2
           3.3112499999999994e+00   3.5319999999999996e+00   1.5240000000000000e+00 -1 6 #xyz tv3 fid bid
           3.4110079853127289e+00   3.6229573484350319e+00   1.4511858925251704e+00 #xyz tv0
           3.5281371041742871e+00   3.6015400699289479e+00   1.4526446080007918e+00 #xyz tv1
           3.4442924409375144e+00   3.6327586840831865e+00   1.5240000000000000e+00 #xyz tv2
           3.5107659706254588e+00   3.7139146968700643e+00   1.3783717850503407e+00 -1 6 #xyz tv3 fid bid
           3.4110079853127289e+00   3.6229573484350319e+00   1.4511858925251704e+00 #xyz tv0
           3.4442924409375144e+00   3.6327586840831865e+00   1.5240000000000000e+00 #xyz tv1
           3.3565848818750288e+00   3.7335173681663738e+00   1.5240000000000000e+00 #xyz tv2
           3.5107659706254588e+00   3.7139146968700643e+00   1.3783717850503407e+00 -1 6 #xyz tv3 fid bid
           3.4442924409375144e+00   3.6327586840831865e+00   1.5240000000000000e+00 #xyz ev0
           3.4110079853127289e+00   3.6229573484350319e+00   1.4511858925251704e+00 -1 6 #xyz ev1 fid bid
   0   0.000000000000e+00   0.000000000000e+00   0.000000000000e+00 #flag location
END_ERR 
G3dErrFileVersion 2025R1
FlagFileMetaData Begin
   Mesh Size - Setup1, Refinement, Pass #6, Freq. 1.100000e+10 :Title    
   Listing of mesh elements with poor quality. :ToolTip  
   hf3d :Author   
   1768245830 :TimeStamp
   mm :UnitName 
   1.0000000000000000e-03 :UnitConv
FlagFileMetaData End
BEGIN_ERR 
26 Small mesh segment detected on body : Substrate
 Small mesh segment detected on body : Substrate 
 Segment Statistics - Number of Segments : 1 --- Segment length(s) : 0.040666mm. The cutoff frequency for S-Matrix Only Solve is 18.142850278383MHz 
1 -1  # nfids, fids[]
1 6  # nbids, bids[]
      8 0 1 0 #ntets ntri ned npts
           3.3112499999999994e+00  -3.5319999999999996e+00   1.5240000000000000e+00 #xyz tv0
           3.5188621638101441e+00  -3.4188495793056051e+00   1.4200595707735229e+00 #xyz tv1
           3.5276156147521474e+00  -3.3880254143821094e+00   1.4450995234542141e+00 #xyz tv2
           3.3795222940388290e+00  -3.3801531852214435e+00   1.4482162872495388e+00 -1 6 #xyz tv3 fid bid
           3.3112499999999994e+00  -3.5319999999999996e+00   1.5240000000000000e+00 #xyz tv0
           3.5276156147521474e+00  -3.3880254143821094e+00   1.4450995234542141e+00 #xyz tv1
           3.5188621638101441e+00  -3.4188495793056051e+00   1.4200595707735229e+00 #xyz tv2
           3.4216249999999997e+00  -3.5319999999999996e+00   1.5240000000000000e+00 -1 6 #xyz tv3 fid bid
           3.5276156147521474e+00  -3.3880254143821094e+00   1.4450995234542141e+00 #xyz tv0
           3.3795222940388290e+00  -3.3801531852214435e+00   1.4482162872495388e+00 #xyz tv1
           3.5188621638101441e+00  -3.4188495793056051e+00   1.4200595707735229e+00 #xyz tv2
           3.4483439718547042e+00  -3.3087990745620157e+00   1.4160888403998406e+00 -1 6 #xyz tv3 fid bid
           3.5188621638101441e+00  -3.4188495793056051e+00   1.4200595707735229e+00 #xyz tv0
           3.4216249999999997e+00  -3.5319999999999996e+00   1.5240000000000000e+00 #xyz tv1
           3.5276156147521474e+00  -3.3880254143821094e+00   1.4450995234542141e+00 #xyz tv2
           3.5319999999999996e+00  -3.5319999999999996e+00   1.5240000000000000e+00 -1 6 #xyz tv3 fid bid
           3.5153842428241870e+00  -3.4236791737135741e+00   1.3010596049289540e+00 #xyz tv0
           3.4483439718547042e+00  -3.3087990745620157e+00   1.4160888403998406e+00 #xyz tv1
           3.5276156147521474e+00  -3.3880254143821094e+00   1.4450995234542141e+00 #xyz tv2
           3.5188621638101441e+00  -3.4188495793056051e+00   1.4200595707735229e+00 -1 6 #xyz tv3 fid bid
           3.5276156147521474e+00  -3.3880254143821094e+00   1.4450995234542141e+00 #xyz tv0
           3.5188621638101441e+00  -3.4188495793056051e+00   1.4200595707735229e+00 #xyz tv1
           3.5319999999999996e+00  -3.5319999999999996e+00   1.5240000000000000e+00 #xyz tv2
           3.6272323809656921e+00  -3.4272675574250067e+00   1.4807314882497391e+00 -1 6 #xyz tv3 fid bid
           3.6624874388943676e+00  -3.4768218333357561e+00   1.3336468799953103e+00 #xyz tv0
           3.5153842428241870e+00  -3.4236791737135741e+00   1.3010596049289540e+00 #xyz tv1
           3.5276156147521474e+00  -3.3880254143821094e+00   1.4450995234542141e+00 #xyz tv2
           3.5188621638101441e+00  -3.4188495793056051e+00   1.4200595707735229e+00 -1 6 #xyz tv3 fid bid
           3.6272323809656921e+00  -3.4272675574250067e+00   1.4807314882497391e+00 #xyz tv0
           3.6624874388943676e+00  -3.4768218333357561e+00   1.3336468799953103e+00 #xyz tv1
           3.5276156147521474e+00  -3.3880254143821094e+00   1.4450995234542141e+00 #xyz tv2
           3.5188621638101441e+00  -3.4188495793056051e+00   1.4200595707735229e+00 -1 6 #xyz tv3 fid bid
           3.5276156147521474e+00  -3.3880254143821094e+00   1.4450995234542141e+00 #xyz ev0
           3.5188621638101441e+00  -3.4188495793056051e+00   1.4200595707735229e+00 -1 6 #xyz ev1 fid bid
   0   0.000000000000e+00   0.000000000000e+00   0.000000000000e+00 #flag location
END_ERR 
BEGIN_ERR 
26 Small mesh segment detected on body : Substrate
 Small mesh segment detected on body : Substrate 
 Segment Statistics - Number of Segments : 1 --- Segment length(s) : 0.055617mm. The cutoff frequency for S-Matrix Only Solve is 18.142850278383MHz 
1 -1  # nfids, fids[]
1 6  # nbids, bids[]
      6 0 1 0 #ntets ntri ned npts
           3.6288372618790072e+00  -3.4621751158814540e+00   1.5240000000000000e+00 #xyz tv0
           3.6272323809656921e+00  -3.4272675574250067e+00   1.4807314882497391e+00 #xyz tv1
           3.5319999999999996e+00  -3.3364035708904263e+00   1.5240000000000000e+00 #xyz tv2
           3.5319999999999996e+00  -3.5319999999999996e+00   1.5240000000000000e+00 -1 6 #xyz tv3 fid bid
           3.6288372618790072e+00  -3.4621751158814540e+00   1.5240000000000000e+00 #xyz tv0
           3.6272323809656921e+00  -3.5160849402375067e+00   1.4807314882497391e+00 #xyz tv1
           3.6272323809656921e+00  -3.4272675574250067e+00   1.4807314882497391e+00 #xyz tv2
           3.5319999999999996e+00  -3.5319999999999996e+00   1.5240000000000000e+00 -1 6 #xyz tv3 fid bid
           3.6288372618790072e+00  -3.4621751158814540e+00   1.5240000000000000e+00 #xyz tv0
           3.6272323809656921e+00  -3.4272675574250067e+00   1.4807314882497391e+00 #xyz tv1
           3.6320620674869071e+00  -3.2706013230902791e+00   1.5240000000000000e+00 #xyz tv2
           3.5319999999999996e+00  -3.3364035708904263e+00   1.5240000000000000e+00 -1 6 #xyz tv3 fid bid
           3.6288372618790072e+00  -3.4621751158814540e+00   1.5240000000000000e+00 #xyz tv0
           3.7522430446205099e+00  -3.4842983953767765e+00   1.4392379488707596e+00 #xyz tv1
           3.6272323809656921e+00  -3.4272675574250067e+00   1.4807314882497391e+00 #xyz tv2
           3.6272323809656921e+00  -3.5160849402375067e+00   1.4807314882497391e+00 -1 6 #xyz tv3 fid bid
           3.6288372618790072e+00  -3.4621751158814540e+00   1.5240000000000000e+00 #xyz tv0
           3.6320620674869071e+00  -3.2706013230902791e+00   1.5240000000000000e+00 #xyz tv1
           3.6272323809656921e+00  -3.4272675574250067e+00   1.4807314882497391e+00 #xyz tv2
           3.7446295609245537e+00  -3.3937659500671722e+00   1.5240000000000000e+00 -1 6 #xyz tv3 fid bid
           3.6288372618790072e+00  -3.4621751158814540e+00   1.5240000000000000e+00 #xyz tv0
           3.6272323809656921e+00  -3.4272675574250067e+00   1.4807314882497391e+00 #xyz tv1
           3.7522430446205099e+00  -3.4842983953767765e+00   1.4392379488707596e+00 #xyz tv2
           3.7446295609245537e+00  -3.3937659500671722e+00   1.5240000000000000e+00 -1 6 #xyz tv3 fid bid
           3.6288372618790072e+00  -3.4621751158814540e+00   1.5240000000000000e+00 #xyz ev0
           3.6272323809656921e+00  -3.4272675574250067e+00   1.4807314882497391e+00 -1 6 #xyz ev1 fid bid
   0   0.000000000000e+00   0.000000000000e+00   0.000000000000e+00 #flag location
END_ERR 
BEGIN_ERR 
26 Small mesh segment detected on body : Substrate
 Small mesh segment detected on body : Substrate 
 Segment Statistics - Number of Segments : 1 --- Segment length(s) : 0.063525mm. The cutoff frequency for S-Matrix Only Solve is 18.142850278383MHz 
1 -1  # nfids, fids[]
1 6  # nbids, bids[]
      4 0 1 0 #ntets ntri ned npts
           3.6046649772776247e+00  -3.5567532980328944e+00   1.5240000000000000e+00 #xyz tv0
           3.6272323809656921e+00  -3.5160849402375067e+00   1.4807314882497391e+00 #xyz tv1
           3.6288372618790072e+00  -3.4621751158814540e+00   1.5240000000000000e+00 #xyz tv2
           3.5319999999999996e+00  -3.5319999999999996e+00   1.5240000000000000e+00 -1 6 #xyz tv3 fid bid
           3.6046649772776247e+00  -3.5567532980328944e+00   1.5240000000000000e+00 #xyz tv0
           3.6288372618790072e+00  -3.4621751158814540e+00   1.5240000000000000e+00 #xyz tv1
           3.6272323809656921e+00  -3.5160849402375067e+00   1.4807314882497391e+00 #xyz tv2
           3.6868950407673466e+00  -3.5900198855534544e+00   1.5240000000000000e+00 -1 6 #xyz tv3 fid bid
           3.6046649772776247e+00  -3.5567532980328944e+00   1.5240000000000000e+00 #xyz tv0
           3.6044241591939787e+00  -3.6094246406626627e+00   1.4667348666487277e+00 #xyz tv1
           3.6272323809656921e+00  -3.5160849402375067e+00   1.4807314882497391e+00 #xyz tv2
           3.5319999999999996e+00  -3.5319999999999996e+00   1.5240000000000000e+00 -1 6 #xyz tv3 fid bid
           3.6046649772776247e+00  -3.5567532980328944e+00   1.5240000000000000e+00 #xyz tv0
           3.6272323809656921e+00  -3.5160849402375067e+00   1.4807314882497391e+00 #xyz tv1
           3.6044241591939787e+00  -3.6094246406626627e+00   1.4667348666487277e+00 #xyz tv2
           3.6868950407673466e+00  -3.5900198855534544e+00   1.5240000000000000e+00 -1 6 #xyz tv3 fid bid
           3.6046649772776247e+00  -3.5567532980328944e+00   1.5240000000000000e+00 #xyz ev0
           3.6272323809656921e+00  -3.5160849402375067e+00   1.4807314882497391e+00 -1 6 #xyz ev1 fid bid
   0   0.000000000000e+00   0.000000000000e+00   0.000000000000e+00 #flag location
END_ERR 
G3dErrFileVersion 2025R1
FlagFileMetaData Begin
   Mesh Size - Setup1, Refinement, Pass #7, Freq. 1.100000e+10 :Title    
   Listing of mesh elements with poor quality. :ToolTip  
   hf3d :Author   
   1768245839 :TimeStamp
   mm :UnitName 
   1.0000000000000000e-03 :UnitConv
FlagFileMetaData End
BEGIN_ERR 
26 Small mesh segment detected on body : Substrate
 Small mesh segment detected on body : Substrate 
 Segment Statistics - Number of Segments : 1 --- Segment length(s) : 0.027656mm. The cutoff frequency for S-Matrix Only Solve is 18.142850278383MHz 
1 -1  # nfids, fids[]
1 6  # nbids, bids[]
      5 0 1 0 #ntets ntri ned npts
           3.5784042738893880e+00  -3.4968192219071152e+00   1.5240000000000000e+00 #xyz tv0
           3.5319999999999996e+00  -3.4342017854452127e+00   1.5240000000000000e+00 #xyz tv1
