G3dErrFileVersion 2025R1
FlagFileMetaData Begin
   Mesh Size - Setup1, Refinement, Pass #1, Freq. 1.100000e+10 :Title    
   Listing of mesh elements with poor quality. :ToolTip  
   hf3d :Author   
   1768246183 :TimeStamp
   mm :UnitName 
   1.0000000000000000e-03 :UnitConv
FlagFileMetaData End
BEGIN_ERR 
26 Small mesh segment detected on body : Substrate
 Small mesh segment detected on body : Substrate 
 Segment Statistics - Number of Segments : 1 --- Segment length(s) : 0.625000mm. The cutoff frequency for S-Matrix Only Solve is 18.142850278383MHz 
4 -1  8  76  112  # nfids, fids[]
2 6  -1  # nbids, bids[]
      5 6 1 0 #ntets ntri ned npts
           5.0000000000000000e+00  -6.2500000000000000e-01   0.0000000000000000e+00 #xyz tv0
           4.3750000000000000e+00  -6.2500000000000000e-01   0.0000000000000000e+00 #xyz tv1
           5.0000000000000000e+00  -1.2500000000000000e+00   1.9050000000000000e-01 #xyz tv2
           5.0000000000000000e+00  -1.2500000000000000e+00   0.0000000000000000e+00 -1 6 #xyz tv3 fid bid
           3.8804247012766093e+00  -5.6316745700364090e-01  -2.1011394201664197e+00 #xyz tv0
           5.0000000000000000e+00  -6.2500000000000000e-01   0.0000000000000000e+00 #xyz tv1
           5.0000000000000000e+00  -1.2500000000000000e+00   0.0000000000000000e+00 #xyz tv2
           4.3750000000000000e+00  -6.2500000000000000e-01   0.0000000000000000e+00 -1 6 #xyz tv3 fid bid
           5.0000000000000000e+00  -6.2500000000000000e-01   0.0000000000000000e+00 #xyz tv0
           4.3750000000000000e+00  -6.2500000000000000e-01   0.0000000000000000e+00 #xyz tv1
           4.3879796674340472e+00  -5.3035321820288384e-01   8.6326854395604413e-01 #xyz tv2
           5.0000000000000000e+00  -1.2500000000000000e+00   1.9050000000000000e-01 -1 6 #xyz tv3 fid bid
           4.3750000000000000e+00  -6.2500000000000000e-01   0.0000000000000000e+00 #xyz tv0
           3.8804247012766093e+00  -5.6316745700364090e-01  -2.1011394201664197e+00 #xyz tv1
           5.0000000000000000e+00  -6.2500000000000000e-01   0.0000000000000000e+00 #xyz tv2
           5.0000000000000000e+00   0.0000000000000000e+00   0.0000000000000000e+00 -1 6 #xyz tv3 fid bid
           5.0000000000000000e+00  -6.2500000000000000e-01   0.0000000000000000e+00 #xyz tv0
           4.3879796674340472e+00  -5.3035321820288384e-01   8.6326854395604413e-01 #xyz tv1
           4.3750000000000000e+00  -6.2500000000000000e-01   0.0000000000000000e+00 #xyz tv2
           5.0000000000000000e+00   0.0000000000000000e+00   0.0000000000000000e+00 -1 6 #xyz tv3 fid bid
           5.0000000000000000e+00   0.0000000000000000e+00   0.0000000000000000e+00 #xyz tv0
           5.0000000000000000e+00  -6.2500000000000000e-01   0.0000000000000000e+00 #xyz tv1
           4.3750000000000000e+00  -6.2500000000000000e-01   0.0000000000000000e+00 8 -1 #xyz tv2 fid bid
           5.0000000000000000e+00   0.0000000000000000e+00   0.0000000000000000e+00 #xyz tv0
           5.0000000000000000e+00  -6.2500000000000000e-01   0.0000000000000000e+00 #xyz tv1
           4.3750000000000000e+00  -6.2500000000000000e-01   0.0000000000000000e+00 76 -1 #xyz tv2 fid bid
           5.0000000000000000e+00   0.0000000000000000e+00   0.0000000000000000e+00 #xyz tv0
           5.0000000000000000e+00  -6.2500000000000000e-01   0.0000000000000000e+00 #xyz tv1
           4.3750000000000000e+00  -6.2500000000000000e-01   0.0000000000000000e+00 112 -1 #xyz tv2 fid bid
           5.0000000000000000e+00  -6.2500000000000000e-01   0.0000000000000000e+00 #xyz tv0
           5.0000000000000000e+00  -1.2500000000000000e+00   0.0000000000000000e+00 #xyz tv1
           4.3750000000000000e+00  -6.2500000000000000e-01   0.0000000000000000e+00 8 -1 #xyz tv2 fid bid
           5.0000000000000000e+00  -6.2500000000000000e-01   0.0000000000000000e+00 #xyz tv0
           5.0000000000000000e+00  -1.2500000000000000e+00   0.0000000000000000e+00 #xyz tv1
           4.3750000000000000e+00  -6.2500000000000000e-01   0.0000000000000000e+00 76 -1 #xyz tv2 fid bid
           5.0000000000000000e+00  -6.2500000000000000e-01   0.0000000000000000e+00 #xyz tv0
           5.0000000000000000e+00  -1.2500000000000000e+00   0.0000000000000000e+00 #xyz tv1
           4.3750000000000000e+00  -6.2500000000000000e-01   0.0000000000000000e+00 112 -1 #xyz tv2 fid bid
           5.0000000000000000e+00  -6.2500000000000000e-01   0.0000000000000000e+00 #xyz ev0
           4.3750000000000000e+00  -6.2500000000000000e-01   0.0000000000000000e+00 -1 6 #xyz ev1 fid bid
   0   0.000000000000e+00   0.000000000000e+00   0.000000000000e+00 #flag location
END_ERR 
G3dErrFileVersion 2025R1
FlagFileMetaData Begin
   Mesh Size - Setup1, Refinement, Pass #2, Freq. 1.100000e+10 :Title    
   Listing of mesh elements with poor quality. :ToolTip  
   hf3d :Author   
   1768246187 :TimeStamp
   mm :UnitName 
   1.0000000000000000e-03 :UnitConv
FlagFileMetaData End
BEGIN_ERR 
26 Small mesh segment detected on body : Substrate
 Small mesh segment detected on body : Substrate 
 Segment Statistics - Number of Segments : 1 --- Segment length(s) : 0.625000mm. The cutoff frequency for S-Matrix Only Solve is 18.142850278383MHz 
4 -1  8  76  112  # nfids, fids[]
2 6  -1  # nbids, bids[]
      5 6 1 0 #ntets ntri ned npts
           5.0000000000000000e+00  -6.2500000000000000e-01   0.0000000000000000e+00 #xyz tv0
           4.3750000000000000e+00  -6.2500000000000000e-01   0.0000000000000000e+00 #xyz tv1
           5.0000000000000000e+00  -1.2500000000000000e+00   1.9050000000000000e-01 #xyz tv2
           5.0000000000000000e+00  -1.2500000000000000e+00   0.0000000000000000e+00 -1 6 #xyz tv3 fid bid
           3.8804247012766093e+00  -5.6316745700364090e-01  -2.1011394201664197e+00 #xyz tv0
           5.0000000000000000e+00  -6.2500000000000000e-01   0.0000000000000000e+00 #xyz tv1
           5.0000000000000000e+00  -1.2500000000000000e+00   0.0000000000000000e+00 #xyz tv2
           4.3750000000000000e+00  -6.2500000000000000e-01   0.0000000000000000e+00 -1 6 #xyz tv3 fid bid
           5.0000000000000000e+00  -6.2500000000000000e-01   0.0000000000000000e+00 #xyz tv0
           4.3750000000000000e+00  -6.2500000000000000e-01   0.0000000000000000e+00 #xyz tv1
           4.4793682655231901e+00  -5.0536097167450922e-01   7.5533355676011471e-01 #xyz tv2
           5.0000000000000000e+00  -1.2500000000000000e+00   1.9050000000000000e-01 -1 6 #xyz tv3 fid bid
           4.3750000000000000e+00  -6.2500000000000000e-01   0.0000000000000000e+00 #xyz tv0
           3.8804247012766093e+00  -5.6316745700364090e-01  -2.1011394201664197e+00 #xyz tv1
           5.0000000000000000e+00  -6.2500000000000000e-01   0.0000000000000000e+00 #xyz tv2
           5.0000000000000000e+00   0.0000000000000000e+00   0.0000000000000000e+00 -1 6 #xyz tv3 fid bid
           5.0000000000000000e+00  -6.2500000000000000e-01   0.0000000000000000e+00 #xyz tv0
           4.4793682655231901e+00  -5.0536097167450922e-01   7.5533355676011471e-01 #xyz tv1
           4.3750000000000000e+00  -6.2500000000000000e-01   0.0000000000000000e+00 #xyz tv2
           5.0000000000000000e+00   0.0000000000000000e+00   0.0000000000000000e+00 -1 6 #xyz tv3 fid bid
           5.0000000000000000e+00   0.0000000000000000e+00   0.0000000000000000e+00 #xyz tv0
           5.0000000000000000e+00  -6.2500000000000000e-01   0.0000000000000000e+00 #xyz tv1
           4.3750000000000000e+00  -6.2500000000000000e-01   0.0000000000000000e+00 8 -1 #xyz tv2 fid bid
           5.0000000000000000e+00   0.0000000000000000e+00   0.0000000000000000e+00 #xyz tv0
           5.0000000000000000e+00  -6.2500000000000000e-01   0.0000000000000000e+00 #xyz tv1
           4.3750000000000000e+00  -6.2500000000000000e-01   0.0000000000000000e+00 76 -1 #xyz tv2 fid bid
           5.0000000000000000e+00   0.0000000000000000e+00   0.0000000000000000e+00 #xyz tv0
           5.0000000000000000e+00  -6.2500000000000000e-01   0.0000000000000000e+00 #xyz tv1
           4.3750000000000000e+00  -6.2500000000000000e-01   0.0000000000000000e+00 112 -1 #xyz tv2 fid bid
           5.0000000000000000e+00  -6.2500000000000000e-01   0.0000000000000000e+00 #xyz tv0
           5.0000000000000000e+00  -1.2500000000000000e+00   0.0000000000000000e+00 #xyz tv1
           4.3750000000000000e+00  -6.2500000000000000e-01   0.0000000000000000e+00 8 -1 #xyz tv2 fid bid
           5.0000000000000000e+00  -6.2500000000000000e-01   0.0000000000000000e+00 #xyz tv0
           5.0000000000000000e+00  -1.2500000000000000e+00   0.0000000000000000e+00 #xyz tv1
           4.3750000000000000e+00  -6.2500000000000000e-01   0.0000000000000000e+00 76 -1 #xyz tv2 fid bid
           5.0000000000000000e+00  -6.2500000000000000e-01   0.0000000000000000e+00 #xyz tv0
           5.0000000000000000e+00  -1.2500000000000000e+00   0.0000000000000000e+00 #xyz tv1
           4.3750000000000000e+00  -6.2500000000000000e-01   0.0000000000000000e+00 112 -1 #xyz tv2 fid bid
           5.0000000000000000e+00  -6.2500000000000000e-01   0.0000000000000000e+00 #xyz ev0
           4.3750000000000000e+00  -6.2500000000000000e-01   0.0000000000000000e+00 -1 6 #xyz ev1 fid bid
   0   0.000000000000e+00   0.000000000000e+00   0.000000000000e+00 #flag location
END_ERR 
G3dErrFileVersion 2025R1
FlagFileMetaData Begin
   Mesh Size - Setup1, Refinement, Pass #3, Freq. 1.100000e+10 :Title    
   Listing of mesh elements with poor quality. :ToolTip  
   hf3d :Author   
   1768246194 :TimeStamp
   mm :UnitName 
   1.0000000000000000e-03 :UnitConv
FlagFileMetaData End
BEGIN_ERR 
26 Small mesh segment detected on body : Substrate
 Small mesh segment detected on body : Substrate 
 Segment Statistics - Number of Segments : 1 --- Segment length(s) : 0.883883mm. The cutoff frequency for S-Matrix Only Solve is 18.142850278383MHz 
4 -1  8  76  112  # nfids, fids[]
2 6  -1  # nbids, bids[]
      4 6 1 0 #ntets ntri ned npts
           5.0000000000000000e+00  -6.2500000000000000e-01   0.0000000000000000e+00 #xyz tv0
           4.3750000000000000e+00  -6.2500000000000000e-01   0.0000000000000000e+00 #xyz tv1
           5.0000000000000000e+00  -1.2500000000000000e+00   1.9050000000000000e-01 #xyz tv2
           5.0000000000000000e+00  -1.2500000000000000e+00   0.0000000000000000e+00 -1 6 #xyz tv3 fid bid
           3.8804247012766093e+00  -5.6316745700364090e-01  -2.1011394201664197e+00 #xyz tv0
           5.0000000000000000e+00  -6.2500000000000000e-01   0.0000000000000000e+00 #xyz tv1
           5.0000000000000000e+00  -1.2500000000000000e+00   0.0000000000000000e+00 #xyz tv2
           4.3750000000000000e+00  -6.2500000000000000e-01   0.0000000000000000e+00 -1 6 #xyz tv3 fid bid
           4.3750000000000000e+00  -1.2500000000000000e+00   0.0000000000000000e+00 #xyz tv0
           5.0000000000000000e+00  -1.2500000000000000e+00   1.9050000000000000e-01 #xyz tv1
           4.3750000000000000e+00  -6.2500000000000000e-01   0.0000000000000000e+00 #xyz tv2
           5.0000000000000000e+00  -1.2500000000000000e+00   0.0000000000000000e+00 -1 6 #xyz tv3 fid bid
           3.8804247012766093e+00  -5.6316745700364090e-01  -2.1011394201664197e+00 #xyz tv0
           5.0000000000000000e+00  -1.2500000000000000e+00   0.0000000000000000e+00 #xyz tv1
           4.3750000000000000e+00  -1.2500000000000000e+00   0.0000000000000000e+00 #xyz tv2
           4.3750000000000000e+00  -6.2500000000000000e-01   0.0000000000000000e+00 -1 6 #xyz tv3 fid bid
           5.0000000000000000e+00  -6.2500000000000000e-01   0.0000000000000000e+00 #xyz tv0
           5.0000000000000000e+00  -1.2500000000000000e+00   0.0000000000000000e+00 #xyz tv1
           4.3750000000000000e+00  -6.2500000000000000e-01   0.0000000000000000e+00 8 -1 #xyz tv2 fid bid
           5.0000000000000000e+00  -6.2500000000000000e-01   0.0000000000000000e+00 #xyz tv0
           5.0000000000000000e+00  -1.2500000000000000e+00   0.0000000000000000e+00 #xyz tv1
           4.3750000000000000e+00  -6.2500000000000000e-01   0.0000000000000000e+00 76 -1 #xyz tv2 fid bid
           5.0000000000000000e+00  -6.2500000000000000e-01   0.0000000000000000e+00 #xyz tv0
           5.0000000000000000e+00  -1.2500000000000000e+00   0.0000000000000000e+00 #xyz tv1
           4.3750000000000000e+00  -6.2500000000000000e-01   0.0000000000000000e+00 112 -1 #xyz tv2 fid bid
           5.0000000000000000e+00  -1.2500000000000000e+00   0.0000000000000000e+00 #xyz tv0
           4.3750000000000000e+00  -1.2500000000000000e+00   0.0000000000000000e+00 #xyz tv1
           4.3750000000000000e+00  -6.2500000000000000e-01   0.0000000000000000e+00 8 -1 #xyz tv2 fid bid
           5.0000000000000000e+00  -1.2500000000000000e+00   0.0000000000000000e+00 #xyz tv0
           4.3750000000000000e+00  -1.2500000000000000e+00   0.0000000000000000e+00 #xyz tv1
           4.3750000000000000e+00  -6.2500000000000000e-01   0.0000000000000000e+00 76 -1 #xyz tv2 fid bid
           5.0000000000000000e+00  -1.2500000000000000e+00   0.0000000000000000e+00 #xyz tv0
           4.3750000000000000e+00  -1.2500000000000000e+00   0.0000000000000000e+00 #xyz tv1
           4.3750000000000000e+00  -6.2500000000000000e-01   0.0000000000000000e+00 112 -1 #xyz tv2 fid bid
           5.0000000000000000e+00  -1.2500000000000000e+00   0.0000000000000000e+00 #xyz ev0
           4.3750000000000000e+00  -6.2500000000000000e-01   0.0000000000000000e+00 -1 6 #xyz ev1 fid bid
   0   0.000000000000e+00   0.000000000000e+00   0.000000000000e+00 #flag location
END_ERR 
BEGIN_ERR 
26 Small mesh segment detected on body : Substrate
 Small mesh segment detected on body : Substrate 
 Segment Statistics - Number of Segments : 1 --- Segment length(s) : 0.625000mm. The cutoff frequency for S-Matrix Only Solve is 18.142850278383MHz 
4 -1  8  76  112  # nfids, fids[]
2 6  -1  # nbids, bids[]
      4 6 1 0 #ntets ntri ned npts
           6.2500000000000000e-01   5.0000000000000000e+00   0.0000000000000000e+00 #xyz tv0
           6.2500000000000000e-01   4.3750000000000000e+00   0.0000000000000000e+00 #xyz tv1
           6.2500000000000000e-01   5.0000000000000000e+00   1.9050000000000000e-01 #xyz tv2
           1.2500000000000000e+00   5.0000000000000000e+00   0.0000000000000000e+00 -1 6 #xyz tv3 fid bid
           6.2500000000000000e-01   5.0000000000000000e+00   0.0000000000000000e+00 #xyz tv0
           6.2500000000000000e-01   5.0000000000000000e+00   1.9050000000000000e-01 #xyz tv1
           6.2500000000000000e-01   4.3750000000000000e+00   0.0000000000000000e+00 #xyz tv2
           0.0000000000000000e+00   5.0000000000000000e+00   0.0000000000000000e+00 -1 6 #xyz tv3 fid bid
           6.2500000000000000e-01   5.0000000000000000e+00   0.0000000000000000e+00 #xyz tv0
           2.7938988080881022e-01   5.5000000000000000e+00  -1.2751347337385459e+00 #xyz tv1
           6.2500000000000000e-01   4.3750000000000000e+00   0.0000000000000000e+00 #xyz tv2
           1.2500000000000000e+00   5.0000000000000000e+00   0.0000000000000000e+00 -1 6 #xyz tv3 fid bid
           6.2500000000000000e-01   5.0000000000000000e+00   0.0000000000000000e+00 #xyz tv0
           6.2500000000000000e-01   4.3750000000000000e+00   0.0000000000000000e+00 #xyz tv1
           2.7938988080881022e-01   5.5000000000000000e+00  -1.2751347337385459e+00 #xyz tv2
           0.0000000000000000e+00   5.0000000000000000e+00   0.0000000000000000e+00 -1 6 #xyz tv3 fid bid
           0.0000000000000000e+00   5.0000000000000000e+00   0.0000000000000000e+00 #xyz tv0
           6.2500000000000000e-01   5.0000000000000000e+00   0.0000000000000000e+00 #xyz tv1
           6.2500000000000000e-01   4.3750000000000000e+00   0.0000000000000000e+00 8 -1 #xyz tv2 fid bid
           0.0000000000000000e+00   5.0000000000000000e+00   0.0000000000000000e+00 #xyz tv0
           6.2500000000000000e-01   5.0000000000000000e+00   0.0000000000000000e+00 #xyz tv1
           6.2500000000000000e-01   4.3750000000000000e+00   0.0000000000000000e+00 76 -1 #xyz tv2 fid bid
           0.0000000000000000e+00   5.0000000000000000e+00   0.0000000000000000e+00 #xyz tv0
           6.2500000000000000e-01   5.0000000000000000e+00   0.0000000000000000e+00 #xyz tv1
           6.2500000000000000e-01   4.3750000000000000e+00   0.0000000000000000e+00 112 -1 #xyz tv2 fid bid
           6.2500000000000000e-01   5.0000000000000000e+00   0.0000000000000000e+00 #xyz tv0
           1.2500000000000000e+00   5.0000000000000000e+00   0.0000000000000000e+00 #xyz tv1
           6.2500000000000000e-01   4.3750000000000000e+00   0.0000000000000000e+00 8 -1 #xyz tv2 fid bid
           6.2500000000000000e-01   5.0000000000000000e+00   0.0000000000000000e+00 #xyz tv0
           1.2500000000000000e+00   5.0000000000000000e+00   0.0000000000000000e+00 #xyz tv1
           6.2500000000000000e-01   4.3750000000000000e+00   0.0000000000000000e+00 76 -1 #xyz tv2 fid bid
           6.2500000000000000e-01   5.0000000000000000e+00   0.0000000000000000e+00 #xyz tv0
           1.2500000000000000e+00   5.0000000000000000e+00   0.0000000000000000e+00 #xyz tv1
           6.2500000000000000e-01   4.3750000000000000e+00   0.0000000000000000e+00 112 -1 #xyz tv2 fid bid
           6.2500000000000000e-01   5.0000000000000000e+00   0.0000000000000000e+00 #xyz ev0
           6.2500000000000000e-01   4.3750000000000000e+00   0.0000000000000000e+00 -1 6 #xyz ev1 fid bid
   0   0.000000000000e+00   0.000000000000e+00   0.000000000000e+00 #flag location
END_ERR 
