G3dErrFileVersion 2025R1
FlagFileMetaData Begin
   Mesh Size - Setup1, Refinement, Pass #1, Freq. 1.100000e+10 :Title    
   Listing of mesh elements with poor quality. :ToolTip  
   hf3d :Author   
   1768246047 :TimeStamp
   mm :UnitName 
   1.0000000000000000e-03 :UnitConv
FlagFileMetaData End
BEGIN_ERR 
26 Small mesh segment detected on body : Substrate
 Small mesh segment detected on body : Substrate 
 Segment Statistics - Number of Segments : 1 --- Segment length(s) : 0.625000mm. The cutoff frequency for S-Matrix Only Solve is 18.142850278383MHz 
4 -1  8  76  112  # nfids, fids[]
2 6  -1  # nbids, bids[]
      5 6 1 0 #ntets ntri ned npts
          -4.3750000000000000e+00   5.0000000000000000e+00   9.5250000000000001e-02 #xyz tv0
          -4.3750000000000000e+00   4.3750000000000000e+00   0.0000000000000000e+00 #xyz tv1
          -4.3750000000000000e+00   5.0000000000000000e+00   0.0000000000000000e+00 #xyz tv2
          -5.0000000000000000e+00   5.0000000000000000e+00   0.0000000000000000e+00 -1 6 #xyz tv3 fid bid
          -4.3750000000000000e+00   5.0000000000000000e+00   9.5250000000000001e-02 #xyz tv0
          -4.3750000000000000e+00   5.0000000000000000e+00   0.0000000000000000e+00 #xyz tv1
          -4.3750000000000000e+00   4.3750000000000000e+00   0.0000000000000000e+00 #xyz tv2
          -3.7500000000000000e+00   5.0000000000000000e+00   1.9050000000000000e-01 -1 6 #xyz tv3 fid bid
          -4.3750000000000000e+00   5.0000000000000000e+00   0.0000000000000000e+00 #xyz tv0
          -4.3750000000000000e+00   4.3750000000000000e+00   0.0000000000000000e+00 #xyz tv1
          -5.5000000000000000e+00   5.5000000000000000e+00  -2.4434889671998699e+00 #xyz tv2
          -5.0000000000000000e+00   5.0000000000000000e+00   0.0000000000000000e+00 -1 6 #xyz tv3 fid bid
          -4.3750000000000000e+00   5.0000000000000000e+00   0.0000000000000000e+00 #xyz tv0
          -4.3750000000000000e+00   4.3750000000000000e+00   0.0000000000000000e+00 #xyz tv1
          -3.7500000000000000e+00   5.0000000000000000e+00   1.9050000000000000e-01 #xyz tv2
          -3.7500000000000000e+00   5.0000000000000000e+00   0.0000000000000000e+00 -1 6 #xyz tv3 fid bid
          -4.3750000000000000e+00   5.0000000000000000e+00   0.0000000000000000e+00 #xyz tv0
          -5.5000000000000000e+00   5.5000000000000000e+00  -2.4434889671998699e+00 #xyz tv1
          -4.3750000000000000e+00   4.3750000000000000e+00   0.0000000000000000e+00 #xyz tv2
          -3.7500000000000000e+00   5.0000000000000000e+00   0.0000000000000000e+00 -1 6 #xyz tv3 fid bid
          -5.0000000000000000e+00   5.0000000000000000e+00   0.0000000000000000e+00 #xyz tv0
          -4.3750000000000000e+00   5.0000000000000000e+00   0.0000000000000000e+00 #xyz tv1
          -4.3750000000000000e+00   4.3750000000000000e+00   0.0000000000000000e+00 8 -1 #xyz tv2 fid bid
          -5.0000000000000000e+00   5.0000000000000000e+00   0.0000000000000000e+00 #xyz tv0
          -4.3750000000000000e+00   5.0000000000000000e+00   0.0000000000000000e+00 #xyz tv1
          -4.3750000000000000e+00   4.3750000000000000e+00   0.0000000000000000e+00 76 -1 #xyz tv2 fid bid
          -5.0000000000000000e+00   5.0000000000000000e+00   0.0000000000000000e+00 #xyz tv0
          -4.3750000000000000e+00   5.0000000000000000e+00   0.0000000000000000e+00 #xyz tv1
          -4.3750000000000000e+00   4.3750000000000000e+00   0.0000000000000000e+00 112 -1 #xyz tv2 fid bid
          -4.3750000000000000e+00   5.0000000000000000e+00   0.0000000000000000e+00 #xyz tv0
          -3.7500000000000000e+00   5.0000000000000000e+00   0.0000000000000000e+00 #xyz tv1
          -4.3750000000000000e+00   4.3750000000000000e+00   0.0000000000000000e+00 8 -1 #xyz tv2 fid bid
          -4.3750000000000000e+00   5.0000000000000000e+00   0.0000000000000000e+00 #xyz tv0
          -3.7500000000000000e+00   5.0000000000000000e+00   0.0000000000000000e+00 #xyz tv1
          -4.3750000000000000e+00   4.3750000000000000e+00   0.0000000000000000e+00 76 -1 #xyz tv2 fid bid
          -4.3750000000000000e+00   5.0000000000000000e+00   0.0000000000000000e+00 #xyz tv0
          -3.7500000000000000e+00   5.0000000000000000e+00   0.0000000000000000e+00 #xyz tv1
          -4.3750000000000000e+00   4.3750000000000000e+00   0.0000000000000000e+00 112 -1 #xyz tv2 fid bid
          -4.3750000000000000e+00   5.0000000000000000e+00   0.0000000000000000e+00 #xyz ev0
          -4.3750000000000000e+00   4.3750000000000000e+00   0.0000000000000000e+00 -1 6 #xyz ev1 fid bid
   0   0.000000000000e+00   0.000000000000e+00   0.000000000000e+00 #flag location
END_ERR 
G3dErrFileVersion 2025R1
FlagFileMetaData Begin
   Mesh Size - Setup1, Refinement, Pass #2, Freq. 1.100000e+10 :Title    
   Listing of mesh elements with poor quality. :ToolTip  
   hf3d :Author   
   1768246052 :TimeStamp
   mm :UnitName 
   1.0000000000000000e-03 :UnitConv
FlagFileMetaData End
BEGIN_ERR 
26 Small mesh segment detected on body : Substrate
 Small mesh segment detected on body : Substrate 
 Segment Statistics - Number of Segments : 1 --- Segment length(s) : 0.625000mm. The cutoff frequency for S-Matrix Only Solve is 18.142850278383MHz 
4 -1  8  76  112  # nfids, fids[]
2 6  -1  # nbids, bids[]
      5 6 1 0 #ntets ntri ned npts
          -4.3750000000000000e+00   5.0000000000000000e+00   9.5250000000000001e-02 #xyz tv0
          -4.3750000000000000e+00   4.3750000000000000e+00   0.0000000000000000e+00 #xyz tv1
          -4.3750000000000000e+00   5.0000000000000000e+00   0.0000000000000000e+00 #xyz tv2
          -5.0000000000000000e+00   5.0000000000000000e+00   0.0000000000000000e+00 -1 6 #xyz tv3 fid bid
          -4.3750000000000000e+00   5.0000000000000000e+00   9.5250000000000001e-02 #xyz tv0
          -4.3750000000000000e+00   5.0000000000000000e+00   0.0000000000000000e+00 #xyz tv1
          -4.3750000000000000e+00   4.3750000000000000e+00   0.0000000000000000e+00 #xyz tv2
          -3.7500000000000000e+00   5.0000000000000000e+00   1.9050000000000000e-01 -1 6 #xyz tv3 fid bid
          -4.3750000000000000e+00   5.0000000000000000e+00   0.0000000000000000e+00 #xyz tv0
          -4.3750000000000000e+00   4.3750000000000000e+00   0.0000000000000000e+00 #xyz tv1
          -5.5000000000000000e+00   5.5000000000000000e+00  -2.4259124679372359e+00 #xyz tv2
          -5.0000000000000000e+00   5.0000000000000000e+00   0.0000000000000000e+00 -1 6 #xyz tv3 fid bid
          -4.3750000000000000e+00   5.0000000000000000e+00   0.0000000000000000e+00 #xyz tv0
          -4.3750000000000000e+00   4.3750000000000000e+00   0.0000000000000000e+00 #xyz tv1
          -3.7500000000000000e+00   5.0000000000000000e+00   1.9050000000000000e-01 #xyz tv2
          -3.7500000000000000e+00   5.0000000000000000e+00   0.0000000000000000e+00 -1 6 #xyz tv3 fid bid
          -4.3750000000000000e+00   5.0000000000000000e+00   0.0000000000000000e+00 #xyz tv0
          -5.5000000000000000e+00   5.5000000000000000e+00  -2.4259124679372359e+00 #xyz tv1
          -4.3750000000000000e+00   4.3750000000000000e+00   0.0000000000000000e+00 #xyz tv2
          -3.7500000000000000e+00   5.0000000000000000e+00   0.0000000000000000e+00 -1 6 #xyz tv3 fid bid
          -5.0000000000000000e+00   5.0000000000000000e+00   0.0000000000000000e+00 #xyz tv0
          -4.3750000000000000e+00   5.0000000000000000e+00   0.0000000000000000e+00 #xyz tv1
          -4.3750000000000000e+00   4.3750000000000000e+00   0.0000000000000000e+00 8 -1 #xyz tv2 fid bid
          -5.0000000000000000e+00   5.0000000000000000e+00   0.0000000000000000e+00 #xyz tv0
          -4.3750000000000000e+00   5.0000000000000000e+00   0.0000000000000000e+00 #xyz tv1
          -4.3750000000000000e+00   4.3750000000000000e+00   0.0000000000000000e+00 76 -1 #xyz tv2 fid bid
          -5.0000000000000000e+00   5.0000000000000000e+00   0.0000000000000000e+00 #xyz tv0
          -4.3750000000000000e+00   5.0000000000000000e+00   0.0000000000000000e+00 #xyz tv1
          -4.3750000000000000e+00   4.3750000000000000e+00   0.0000000000000000e+00 112 -1 #xyz tv2 fid bid
          -4.3750000000000000e+00   5.0000000000000000e+00   0.0000000000000000e+00 #xyz tv0
          -3.7500000000000000e+00   5.0000000000000000e+00   0.0000000000000000e+00 #xyz tv1
          -4.3750000000000000e+00   4.3750000000000000e+00   0.0000000000000000e+00 8 -1 #xyz tv2 fid bid
          -4.3750000000000000e+00   5.0000000000000000e+00   0.0000000000000000e+00 #xyz tv0
          -3.7500000000000000e+00   5.0000000000000000e+00   0.0000000000000000e+00 #xyz tv1
          -4.3750000000000000e+00   4.3750000000000000e+00   0.0000000000000000e+00 76 -1 #xyz tv2 fid bid
          -4.3750000000000000e+00   5.0000000000000000e+00   0.0000000000000000e+00 #xyz tv0
          -3.7500000000000000e+00   5.0000000000000000e+00   0.0000000000000000e+00 #xyz tv1
          -4.3750000000000000e+00   4.3750000000000000e+00   0.0000000000000000e+00 112 -1 #xyz tv2 fid bid
          -4.3750000000000000e+00   5.0000000000000000e+00   0.0000000000000000e+00 #xyz ev0
          -4.3750000000000000e+00   4.3750000000000000e+00   0.0000000000000000e+00 -1 6 #xyz ev1 fid bid
   0   0.000000000000e+00   0.000000000000e+00   0.000000000000e+00 #flag location
END_ERR 
G3dErrFileVersion 2025R1
FlagFileMetaData Begin
   Mesh Size - Setup1, Refinement, Pass #3, Freq. 1.100000e+10 :Title    
   Listing of mesh elements with poor quality. :ToolTip  
   hf3d :Author   
   1768246059 :TimeStamp
   mm :UnitName 
   1.0000000000000000e-03 :UnitConv
FlagFileMetaData End
BEGIN_ERR 
26 Small mesh segment detected on body : Substrate
 Small mesh segment detected on body : Substrate 
 Segment Statistics - Number of Segments : 1 --- Segment length(s) : 0.625000mm. The cutoff frequency for S-Matrix Only Solve is 18.142850278383MHz 
4 -1  8  76  112  # nfids, fids[]
2 6  -1  # nbids, bids[]
      5 6 1 0 #ntets ntri ned npts
          -4.3750000000000000e+00   5.0000000000000000e+00   9.5250000000000001e-02 #xyz tv0
          -4.3750000000000000e+00   4.3750000000000000e+00   0.0000000000000000e+00 #xyz tv1
          -4.3750000000000000e+00   5.0000000000000000e+00   0.0000000000000000e+00 #xyz tv2
          -5.0000000000000000e+00   5.0000000000000000e+00   0.0000000000000000e+00 -1 6 #xyz tv3 fid bid
          -4.3750000000000000e+00   5.0000000000000000e+00   9.5250000000000001e-02 #xyz tv0
          -4.3750000000000000e+00   5.0000000000000000e+00   0.0000000000000000e+00 #xyz tv1
          -4.3750000000000000e+00   4.3750000000000000e+00   0.0000000000000000e+00 #xyz tv2
          -3.7500000000000000e+00   5.0000000000000000e+00   1.9050000000000000e-01 -1 6 #xyz tv3 fid bid
          -4.3750000000000000e+00   5.0000000000000000e+00   0.0000000000000000e+00 #xyz tv0
          -4.3750000000000000e+00   4.3750000000000000e+00   0.0000000000000000e+00 #xyz tv1
          -5.5000000000000000e+00   5.5000000000000000e+00  -2.3838540719089396e+00 #xyz tv2
          -5.0000000000000000e+00   5.0000000000000000e+00   0.0000000000000000e+00 -1 6 #xyz tv3 fid bid
          -4.3750000000000000e+00   5.0000000000000000e+00   0.0000000000000000e+00 #xyz tv0
          -4.3750000000000000e+00   4.3750000000000000e+00   0.0000000000000000e+00 #xyz tv1
          -3.7500000000000000e+00   5.0000000000000000e+00   1.9050000000000000e-01 #xyz tv2
          -3.7500000000000000e+00   5.0000000000000000e+00   0.0000000000000000e+00 -1 6 #xyz tv3 fid bid
          -4.3750000000000000e+00   5.0000000000000000e+00   0.0000000000000000e+00 #xyz tv0
          -5.5000000000000000e+00   5.5000000000000000e+00  -2.3838540719089396e+00 #xyz tv1
          -4.3750000000000000e+00   4.3750000000000000e+00   0.0000000000000000e+00 #xyz tv2
          -3.7500000000000000e+00   5.0000000000000000e+00   0.0000000000000000e+00 -1 6 #xyz tv3 fid bid
          -5.0000000000000000e+00   5.0000000000000000e+00   0.0000000000000000e+00 #xyz tv0
          -4.3750000000000000e+00   5.0000000000000000e+00   0.0000000000000000e+00 #xyz tv1
          -4.3750000000000000e+00   4.3750000000000000e+00   0.0000000000000000e+00 8 -1 #xyz tv2 fid bid
          -5.0000000000000000e+00   5.0000000000000000e+00   0.0000000000000000e+00 #xyz tv0
          -4.3750000000000000e+00   5.0000000000000000e+00   0.0000000000000000e+00 #xyz tv1
          -4.3750000000000000e+00   4.3750000000000000e+00   0.0000000000000000e+00 76 -1 #xyz tv2 fid bid
          -5.0000000000000000e+00   5.0000000000000000e+00   0.0000000000000000e+00 #xyz tv0
          -4.3750000000000000e+00   5.0000000000000000e+00   0.0000000000000000e+00 #xyz tv1
          -4.3750000000000000e+00   4.3750000000000000e+00   0.0000000000000000e+00 112 -1 #xyz tv2 fid bid
          -4.3750000000000000e+00   5.0000000000000000e+00   0.0000000000000000e+00 #xyz tv0
          -3.7500000000000000e+00   5.0000000000000000e+00   0.0000000000000000e+00 #xyz tv1
          -4.3750000000000000e+00   4.3750000000000000e+00   0.0000000000000000e+00 8 -1 #xyz tv2 fid bid
          -4.3750000000000000e+00   5.0000000000000000e+00   0.0000000000000000e+00 #xyz tv0
          -3.7500000000000000e+00   5.0000000000000000e+00   0.0000000000000000e+00 #xyz tv1
          -4.3750000000000000e+00   4.3750000000000000e+00   0.0000000000000000e+00 76 -1 #xyz tv2 fid bid
          -4.3750000000000000e+00   5.0000000000000000e+00   0.0000000000000000e+00 #xyz tv0
          -3.7500000000000000e+00   5.0000000000000000e+00   0.0000000000000000e+00 #xyz tv1
          -4.3750000000000000e+00   4.3750000000000000e+00   0.0000000000000000e+00 112 -1 #xyz tv2 fid bid
          -4.3750000000000000e+00   5.0000000000000000e+00   0.0000000000000000e+00 #xyz ev0
          -4.3750000000000000e+00   4.3750000000000000e+00   0.0000000000000000e+00 -1 6 #xyz ev1 fid bid
   0   0.000000000000e+00   0.000000000000e+00   0.000000000000e+00 #flag location
END_ERR 
G3dErrFileVersion 2025R1
FlagFileMetaData Begin
   Mesh Size - Setup1, Refinement, Pass #4, Freq. 1.100000e+10 :Title    
   Listing of mesh elements with poor quality. :ToolTip  
   hf3d :Author   
   1768246068 :TimeStamp
   mm :UnitName 
   1.0000000000000000e-03 :UnitConv
FlagFileMetaData End
BEGIN_ERR 
26 Small mesh segment detected on body : Substrate
 Small mesh segment detected on body : Substrate 
 Segment Statistics - Number of Segments : 1 --- Segment length(s) : 0.883883mm. The cutoff frequency for S-Matrix Only Solve is 18.142850278383MHz 
4 -1  8  76  112  # nfids, fids[]
2 6  -1  # nbids, bids[]
      6 6 1 0 #ntets ntri ned npts
          -5.0000000000000000e+00  -4.3750000000000000e+00   0.0000000000000000e+00 #xyz tv0
          -5.0000000000000000e+00  -4.3750000000000000e+00   4.7625000000000001e-01 #xyz tv1
          -4.3750000000000000e+00  -4.3750000000000000e+00   0.0000000000000000e+00 #xyz tv2
          -5.0000000000000000e+00  -5.0000000000000000e+00   0.0000000000000000e+00 -1 6 #xyz tv3 fid bid
          -5.0000000000000000e+00  -4.3750000000000000e+00   4.7625000000000001e-01 #xyz tv0
          -4.3750000000000000e+00  -4.3750000000000000e+00   0.0000000000000000e+00 #xyz tv1
          -5.0000000000000000e+00  -5.0000000000000000e+00   0.0000000000000000e+00 #xyz tv2
          -4.4630746886310426e+00  -4.5287295757773300e+00   7.1278439394225601e-01 -1 6 #xyz tv3 fid bid
          -5.0000000000000000e+00  -4.3750000000000000e+00   0.0000000000000000e+00 #xyz tv0
          -4.3750000000000000e+00  -4.3750000000000000e+00   0.0000000000000000e+00 #xyz tv1
          -4.6250000000000000e+00  -4.6250000000000000e+00  -2.7540000000000000e+00 #xyz tv2
          -5.0000000000000000e+00  -5.0000000000000000e+00   0.0000000000000000e+00 -1 6 #xyz tv3 fid bid
          -4.3750000000000000e+00  -5.0000000000000000e+00   9.5250000000000001e-02 #xyz tv0
          -4.3750000000000000e+00  -4.3750000000000000e+00   0.0000000000000000e+00 #xyz tv1
          -4.4630746886310426e+00  -4.5287295757773300e+00   7.1278439394225601e-01 #xyz tv2
          -5.0000000000000000e+00  -5.0000000000000000e+00   0.0000000000000000e+00 -1 6 #xyz tv3 fid bid
          -4.3750000000000000e+00  -5.0000000000000000e+00   0.0000000000000000e+00 #xyz tv0
          -4.6250000000000000e+00  -4.6250000000000000e+00  -2.7540000000000000e+00 #xyz tv1
          -4.3750000000000000e+00  -4.3750000000000000e+00   0.0000000000000000e+00 #xyz tv2
          -5.0000000000000000e+00  -5.0000000000000000e+00   0.0000000000000000e+00 -1 6 #xyz tv3 fid bid
          -4.3750000000000000e+00  -5.0000000000000000e+00   9.5250000000000001e-02 #xyz tv0
          -4.3750000000000000e+00  -5.0000000000000000e+00   0.0000000000000000e+00 #xyz tv1
          -4.3750000000000000e+00  -4.3750000000000000e+00   0.0000000000000000e+00 #xyz tv2
          -5.0000000000000000e+00  -5.0000000000000000e+00   0.0000000000000000e+00 -1 6 #xyz tv3 fid bid
          -4.3750000000000000e+00  -5.0000000000000000e+00   0.0000000000000000e+00 #xyz tv0
          -5.0000000000000000e+00  -5.0000000000000000e+00   0.0000000000000000e+00 #xyz tv1
          -4.3750000000000000e+00  -4.3750000000000000e+00   0.0000000000000000e+00 8 -1 #xyz tv2 fid bid
          -4.3750000000000000e+00  -5.0000000000000000e+00   0.0000000000000000e+00 #xyz tv0
          -5.0000000000000000e+00  -5.0000000000000000e+00   0.0000000000000000e+00 #xyz tv1
          -4.3750000000000000e+00  -4.3750000000000000e+00   0.0000000000000000e+00 76 -1 #xyz tv2 fid bid
          -4.3750000000000000e+00  -5.0000000000000000e+00   0.0000000000000000e+00 #xyz tv0
          -5.0000000000000000e+00  -5.0000000000000000e+00   0.0000000000000000e+00 #xyz tv1
          -4.3750000000000000e+00  -4.3750000000000000e+00   0.0000000000000000e+00 112 -1 #xyz tv2 fid bid
          -5.0000000000000000e+00  -5.0000000000000000e+00   0.0000000000000000e+00 #xyz tv0
          -5.0000000000000000e+00  -4.3750000000000000e+00   0.0000000000000000e+00 #xyz tv1
          -4.3750000000000000e+00  -4.3750000000000000e+00   0.0000000000000000e+00 8 -1 #xyz tv2 fid bid
          -5.0000000000000000e+00  -5.0000000000000000e+00   0.0000000000000000e+00 #xyz tv0
          -5.0000000000000000e+00  -4.3750000000000000e+00   0.0000000000000000e+00 #xyz tv1
          -4.3750000000000000e+00  -4.3750000000000000e+00   0.0000000000000000e+00 76 -1 #xyz tv2 fid bid
          -5.0000000000000000e+00  -5.0000000000000000e+00   0.0000000000000000e+00 #xyz tv0
          -5.0000000000000000e+00  -4.3750000000000000e+00   0.0000000000000000e+00 #xyz tv1
          -4.3750000000000000e+00  -4.3750000000000000e+00   0.0000000000000000e+00 112 -1 #xyz tv2 fid bid
          -5.0000000000000000e+00  -5.0000000000000000e+00   0.0000000000000000e+00 #xyz ev0
          -4.3750000000000000e+00  -4.3750000000000000e+00   0.0000000000000000e+00 -1 6 #xyz ev1 fid bid
   0   0.000000000000e+00   0.000000000000e+00   0.000000000000e+00 #flag location
END_ERR 
BEGIN_ERR 
26 Small mesh segment detected on body : Substrate
 Small mesh segment detected on body : Substrate 
 Segment Statistics - Number of Segments : 1 --- Segment length(s) : 0.625000mm. The cutoff frequency for S-Matrix Only Solve is 18.142850278383MHz 
4 -1  8  76  112  # nfids, fids[]
2 6  -1  # nbids, bids[]
      5 6 1 0 #ntets ntri ned npts
           5.0000000000000000e+00   6.2500000000000000e-01   9.5250000000000001e-02 #xyz tv0
           4.3750000000000000e+00   6.2500000000000000e-01   0.0000000000000000e+00 #xyz tv1
           5.0000000000000000e+00   6.2500000000000000e-01   0.0000000000000000e+00 #xyz tv2
           5.0000000000000000e+00   1.2500000000000000e+00   1.9050000000000000e-01 -1 6 #xyz tv3 fid bid
           5.0000000000000000e+00   6.2500000000000000e-01   9.5250000000000001e-02 #xyz tv0
           5.0000000000000000e+00   6.2500000000000000e-01   0.0000000000000000e+00 #xyz tv1
           4.3750000000000000e+00   6.2500000000000000e-01   0.0000000000000000e+00 #xyz tv2
           5.0000000000000000e+00   0.0000000000000000e+00   0.0000000000000000e+00 -1 6 #xyz tv3 fid bid
           5.0000000000000000e+00   6.2500000000000000e-01   0.0000000000000000e+00 #xyz tv0
           5.0000000000000000e+00   1.2500000000000000e+00   1.9050000000000000e-01 #xyz tv1
           4.3750000000000000e+00   6.2500000000000000e-01   0.0000000000000000e+00 #xyz tv2
           5.0000000000000000e+00   1.2500000000000000e+00   0.0000000000000000e+00 -1 6 #xyz tv3 fid bid
           5.0000000000000000e+00   6.2500000000000000e-01   0.0000000000000000e+00 #xyz tv0
           4.2702261360750198e+00   1.5482028851832632e+00  -1.5653766250235330e+00 #xyz tv1
           4.3750000000000000e+00   6.2500000000000000e-01   0.0000000000000000e+00 #xyz tv2
           5.0000000000000000e+00   0.0000000000000000e+00   0.0000000000000000e+00 -1 6 #xyz tv3 fid bid
           5.0000000000000000e+00   6.2500000000000000e-01   0.0000000000000000e+00 #xyz tv0
           4.3750000000000000e+00   6.2500000000000000e-01   0.0000000000000000e+00 #xyz tv1
           4.2702261360750198e+00   1.5482028851832632e+00  -1.5653766250235330e+00 #xyz tv2
           5.0000000000000000e+00   1.2500000000000000e+00   0.0000000000000000e+00 -1 6 #xyz tv3 fid bid
           5.0000000000000000e+00   1.2500000000000000e+00   0.0000000000000000e+00 #xyz tv0
           5.0000000000000000e+00   6.2500000000000000e-01   0.0000000000000000e+00 #xyz tv1
           4.3750000000000000e+00   6.2500000000000000e-01   0.0000000000000000e+00 8 -1 #xyz tv2 fid bid
           5.0000000000000000e+00   1.2500000000000000e+00   0.0000000000000000e+00 #xyz tv0
           5.0000000000000000e+00   6.2500000000000000e-01   0.0000000000000000e+00 #xyz tv1
           4.3750000000000000e+00   6.2500000000000000e-01   0.0000000000000000e+00 76 -1 #xyz tv2 fid bid
           5.0000000000000000e+00   1.2500000000000000e+00   0.0000000000000000e+00 #xyz tv0
           5.0000000000000000e+00   6.2500000000000000e-01   0.0000000000000000e+00 #xyz tv1
           4.3750000000000000e+00   6.2500000000000000e-01   0.0000000000000000e+00 112 -1 #xyz tv2 fid bid
           5.0000000000000000e+00   6.2500000000000000e-01   0.0000000000000000e+00 #xyz tv0
           5.0000000000000000e+00   0.0000000000000000e+00   0.0000000000000000e+00 #xyz tv1
           4.3750000000000000e+00   6.2500000000000000e-01   0.0000000000000000e+00 8 -1 #xyz tv2 fid bid
           5.0000000000000000e+00   6.2500000000000000e-01   0.0000000000000000e+00 #xyz tv0
           5.0000000000000000e+00   0.0000000000000000e+00   0.0000000000000000e+00 #xyz tv1
           4.3750000000000000e+00   6.2500000000000000e-01   0.0000000000000000e+00 76 -1 #xyz tv2 fid bid
           5.0000000000000000e+00   6.2500000000000000e-01   0.0000000000000000e+00 #xyz tv0
           5.0000000000000000e+00   0.0000000000000000e+00   0.0000000000000000e+00 #xyz tv1
           4.3750000000000000e+00   6.2500000000000000e-01   0.0000000000000000e+00 112 -1 #xyz tv2 fid bid
           5.0000000000000000e+00   6.2500000000000000e-01   0.0000000000000000e+00 #xyz ev0
           4.3750000000000000e+00   6.2500000000000000e-01   0.0000000000000000e+00 -1 6 #xyz ev1 fid bid
   0   0.000000000000e+00   0.000000000000e+00   0.000000000000e+00 #flag location
END_ERR 
