G3dErrFileVersion 2025R1
FlagFileMetaData Begin
   Mesh Size - Setup1, Refinement, Pass #1, Freq. 1.100000e+10 :Title    
   Listing of mesh elements with poor quality. :ToolTip  
   hf3d :Author   
   1779015857 :TimeStamp
   mm :UnitName 
   1.0000000000000000e-03 :UnitConv
FlagFileMetaData End
BEGIN_ERR 
26 Small mesh segment detected on body : Substrate
 Small mesh segment detected on body : Substrate 
 Segment Statistics - Number of Segments : 1 --- Segment length(s) : 1.207985mm. The cutoff frequency for S-Matrix Only Solve is 19.7192960599882MHz 
4 -1  8  76  112  # nfids, fids[]
2 6  -1  # nbids, bids[]
      5 6 1 0 #ntets ntri ned npts
           3.0031944274086522e+00   2.3860658525498404e-01   0.0000000000000000e+00 #xyz tv0
           3.2048823518800829e+00   2.8978765628660785e-01   2.0300000000000007e-01 #xyz tv1
           2.9444064032549706e+00   1.1075149169708476e+00   0.0000000000000000e+00 #xyz tv2
           3.7500000000000000e+00   2.0737775777320522e-01   0.0000000000000000e+00 -1 6 #xyz tv3 fid bid
           3.0031944274086522e+00   2.3860658525498404e-01   0.0000000000000000e+00 #xyz tv0
           2.9444064032549706e+00   1.1075149169708476e+00   0.0000000000000000e+00 #xyz tv1
           2.9558112386630802e+00   2.1968496816533865e+00  -1.8220432748418141e+00 #xyz tv2
           3.7500000000000000e+00   2.0737775777320522e-01   0.0000000000000000e+00 -1 6 #xyz tv3 fid bid
           3.5744747910548869e+00   8.8177146918026594e-01   2.0300000000000007e-01 #xyz tv0
           3.7500000000000000e+00   2.0737775777320522e-01   0.0000000000000000e+00 #xyz tv1
           2.9444064032549706e+00   1.1075149169708476e+00   0.0000000000000000e+00 #xyz tv2
           3.2048823518800829e+00   2.8978765628660785e-01   2.0300000000000007e-01 -1 6 #xyz tv3 fid bid
           2.9444064032549706e+00   1.1075149169708476e+00   0.0000000000000000e+00 #xyz tv0
           2.9558112386630802e+00   2.1968496816533865e+00  -1.8220432748418141e+00 #xyz tv1
           3.7500000000000000e+00   2.0737775777320522e-01   0.0000000000000000e+00 #xyz tv2
           3.8307929072174618e+00   1.3393320372846977e+00   0.0000000000000000e+00 -1 6 #xyz tv3 fid bid
           3.5744747910548869e+00   8.8177146918026594e-01   2.0300000000000007e-01 #xyz tv0
           2.9444064032549706e+00   1.1075149169708476e+00   0.0000000000000000e+00 #xyz tv1
           3.7500000000000000e+00   2.0737775777320522e-01   0.0000000000000000e+00 #xyz tv2
           3.8307929072174618e+00   1.3393320372846977e+00   0.0000000000000000e+00 -1 6 #xyz tv3 fid bid
           3.7500000000000000e+00   2.0737775777320522e-01   0.0000000000000000e+00 #xyz tv0
           2.9444064032549706e+00   1.1075149169708476e+00   0.0000000000000000e+00 #xyz tv1
           3.8307929072174618e+00   1.3393320372846977e+00   0.0000000000000000e+00 8 -1 #xyz tv2 fid bid
           3.7500000000000000e+00   2.0737775777320522e-01   0.0000000000000000e+00 #xyz tv0
           2.9444064032549706e+00   1.1075149169708476e+00   0.0000000000000000e+00 #xyz tv1
           3.8307929072174618e+00   1.3393320372846977e+00   0.0000000000000000e+00 76 -1 #xyz tv2 fid bid
           3.7500000000000000e+00   2.0737775777320522e-01   0.0000000000000000e+00 #xyz tv0
           2.9444064032549706e+00   1.1075149169708476e+00   0.0000000000000000e+00 #xyz tv1
           3.8307929072174618e+00   1.3393320372846977e+00   0.0000000000000000e+00 112 -1 #xyz tv2 fid bid
           3.7500000000000000e+00   2.0737775777320522e-01   0.0000000000000000e+00 #xyz tv0
           3.0031944274086522e+00   2.3860658525498404e-01   0.0000000000000000e+00 #xyz tv1
           2.9444064032549706e+00   1.1075149169708476e+00   0.0000000000000000e+00 8 -1 #xyz tv2 fid bid
           3.7500000000000000e+00   2.0737775777320522e-01   0.0000000000000000e+00 #xyz tv0
           3.0031944274086522e+00   2.3860658525498404e-01   0.0000000000000000e+00 #xyz tv1
           2.9444064032549706e+00   1.1075149169708476e+00   0.0000000000000000e+00 76 -1 #xyz tv2 fid bid
           3.7500000000000000e+00   2.0737775777320522e-01   0.0000000000000000e+00 #xyz tv0
           3.0031944274086522e+00   2.3860658525498404e-01   0.0000000000000000e+00 #xyz tv1
           2.9444064032549706e+00   1.1075149169708476e+00   0.0000000000000000e+00 112 -1 #xyz tv2 fid bid
           3.7500000000000000e+00   2.0737775777320522e-01   0.0000000000000000e+00 #xyz ev0
           2.9444064032549706e+00   1.1075149169708476e+00   0.0000000000000000e+00 -1 6 #xyz ev1 fid bid
   0   0.000000000000e+00   0.000000000000e+00   0.000000000000e+00 #flag location
END_ERR 
G3dErrFileVersion 2025R1
FlagFileMetaData Begin
   Mesh Size - Setup1, Refinement, Pass #2, Freq. 1.100000e+10 :Title    
   Listing of mesh elements with poor quality. :ToolTip  
   hf3d :Author   
   1779015862 :TimeStamp
   mm :UnitName 
   1.0000000000000000e-03 :UnitConv
FlagFileMetaData End
BEGIN_ERR 
26 Small mesh segment detected on body : Substrate
 Small mesh segment detected on body : Substrate 
 Segment Statistics - Number of Segments : 1 --- Segment length(s) : 1.207985mm. The cutoff frequency for S-Matrix Only Solve is 19.7192960599882MHz 
4 -1  8  76  112  # nfids, fids[]
2 6  -1  # nbids, bids[]
      5 6 1 0 #ntets ntri ned npts
           3.0031944274086522e+00   2.3860658525498404e-01   0.0000000000000000e+00 #xyz tv0
           3.1772729076545279e+00   2.8276927889797659e-01   2.0300000000000007e-01 #xyz tv1
           2.9444064032549706e+00   1.1075149169708476e+00   0.0000000000000000e+00 #xyz tv2
           3.7500000000000000e+00   2.0737775777320522e-01   0.0000000000000000e+00 -1 6 #xyz tv3 fid bid
           3.0031944274086522e+00   2.3860658525498404e-01   0.0000000000000000e+00 #xyz tv0
           2.9444064032549706e+00   1.1075149169708476e+00   0.0000000000000000e+00 #xyz tv1
           2.9558112386630802e+00   2.1968496816533865e+00  -1.8220432748418141e+00 #xyz tv2
           3.7500000000000000e+00   2.0737775777320522e-01   0.0000000000000000e+00 -1 6 #xyz tv3 fid bid
           3.5744747910548869e+00   8.8177146918026594e-01   2.0300000000000007e-01 #xyz tv0
           3.7500000000000000e+00   2.0737775777320522e-01   0.0000000000000000e+00 #xyz tv1
           2.9444064032549706e+00   1.1075149169708476e+00   0.0000000000000000e+00 #xyz tv2
           3.1772729076545279e+00   2.8276927889797659e-01   2.0300000000000007e-01 -1 6 #xyz tv3 fid bid
           2.9444064032549706e+00   1.1075149169708476e+00   0.0000000000000000e+00 #xyz tv0
           2.9558112386630802e+00   2.1968496816533865e+00  -1.8220432748418141e+00 #xyz tv1
           3.7500000000000000e+00   2.0737775777320522e-01   0.0000000000000000e+00 #xyz tv2
           3.8307929072174618e+00   1.3393320372846977e+00   0.0000000000000000e+00 -1 6 #xyz tv3 fid bid
           3.5744747910548869e+00   8.8177146918026594e-01   2.0300000000000007e-01 #xyz tv0
           2.9444064032549706e+00   1.1075149169708476e+00   0.0000000000000000e+00 #xyz tv1
           3.7500000000000000e+00   2.0737775777320522e-01   0.0000000000000000e+00 #xyz tv2
           3.8307929072174618e+00   1.3393320372846977e+00   0.0000000000000000e+00 -1 6 #xyz tv3 fid bid
           3.7500000000000000e+00   2.0737775777320522e-01   0.0000000000000000e+00 #xyz tv0
           2.9444064032549706e+00   1.1075149169708476e+00   0.0000000000000000e+00 #xyz tv1
           3.8307929072174618e+00   1.3393320372846977e+00   0.0000000000000000e+00 8 -1 #xyz tv2 fid bid
           3.7500000000000000e+00   2.0737775777320522e-01   0.0000000000000000e+00 #xyz tv0
           2.9444064032549706e+00   1.1075149169708476e+00   0.0000000000000000e+00 #xyz tv1
           3.8307929072174618e+00   1.3393320372846977e+00   0.0000000000000000e+00 76 -1 #xyz tv2 fid bid
           3.7500000000000000e+00   2.0737775777320522e-01   0.0000000000000000e+00 #xyz tv0
           2.9444064032549706e+00   1.1075149169708476e+00   0.0000000000000000e+00 #xyz tv1
           3.8307929072174618e+00   1.3393320372846977e+00   0.0000000000000000e+00 112 -1 #xyz tv2 fid bid
           3.7500000000000000e+00   2.0737775777320522e-01   0.0000000000000000e+00 #xyz tv0
           3.0031944274086522e+00   2.3860658525498404e-01   0.0000000000000000e+00 #xyz tv1
           2.9444064032549706e+00   1.1075149169708476e+00   0.0000000000000000e+00 8 -1 #xyz tv2 fid bid
           3.7500000000000000e+00   2.0737775777320522e-01   0.0000000000000000e+00 #xyz tv0
           3.0031944274086522e+00   2.3860658525498404e-01   0.0000000000000000e+00 #xyz tv1
           2.9444064032549706e+00   1.1075149169708476e+00   0.0000000000000000e+00 76 -1 #xyz tv2 fid bid
           3.7500000000000000e+00   2.0737775777320522e-01   0.0000000000000000e+00 #xyz tv0
           3.0031944274086522e+00   2.3860658525498404e-01   0.0000000000000000e+00 #xyz tv1
           2.9444064032549706e+00   1.1075149169708476e+00   0.0000000000000000e+00 112 -1 #xyz tv2 fid bid
           3.7500000000000000e+00   2.0737775777320522e-01   0.0000000000000000e+00 #xyz ev0
           2.9444064032549706e+00   1.1075149169708476e+00   0.0000000000000000e+00 -1 6 #xyz ev1 fid bid
   0   0.000000000000e+00   0.000000000000e+00   0.000000000000e+00 #flag location
END_ERR 
G3dErrFileVersion 2025R1
FlagFileMetaData Begin
   Mesh Size - Setup1, Refinement, Pass #3, Freq. 1.100000e+10 :Title    
   Listing of mesh elements with poor quality. :ToolTip  
   hf3d :Author   
   1779015869 :TimeStamp
   mm :UnitName 
   1.0000000000000000e-03 :UnitConv
FlagFileMetaData End
BEGIN_ERR 
26 Small mesh segment detected on body : Substrate
 Small mesh segment detected on body : Substrate 
 Segment Statistics - Number of Segments : 1 --- Segment length(s) : 1.207985mm. The cutoff frequency for S-Matrix Only Solve is 19.7192960599882MHz 
4 -1  8  76  112  # nfids, fids[]
2 6  -1  # nbids, bids[]
      5 6 1 0 #ntets ntri ned npts
           3.0031944274086522e+00   2.3860658525498404e-01   0.0000000000000000e+00 #xyz tv0
           3.1772729076545279e+00   2.8276927889797659e-01   2.0300000000000007e-01 #xyz tv1
           2.9444064032549706e+00   1.1075149169708476e+00   0.0000000000000000e+00 #xyz tv2
           3.7500000000000000e+00   2.0737775777320522e-01   0.0000000000000000e+00 -1 6 #xyz tv3 fid bid
           3.0031944274086522e+00   2.3860658525498404e-01   0.0000000000000000e+00 #xyz tv0
           2.9444064032549706e+00   1.1075149169708476e+00   0.0000000000000000e+00 #xyz tv1
           2.9558112386630802e+00   2.1968496816533865e+00  -1.8220432748418141e+00 #xyz tv2
           3.7500000000000000e+00   2.0737775777320522e-01   0.0000000000000000e+00 -1 6 #xyz tv3 fid bid
           3.5744747910548869e+00   8.8177146918026594e-01   2.0300000000000007e-01 #xyz tv0
           3.7500000000000000e+00   2.0737775777320522e-01   0.0000000000000000e+00 #xyz tv1
           2.9444064032549706e+00   1.1075149169708476e+00   0.0000000000000000e+00 #xyz tv2
           3.1772729076545279e+00   2.8276927889797659e-01   2.0300000000000007e-01 -1 6 #xyz tv3 fid bid
           2.9444064032549706e+00   1.1075149169708476e+00   0.0000000000000000e+00 #xyz tv0
           2.9558112386630802e+00   2.1968496816533865e+00  -1.8220432748418141e+00 #xyz tv1
           3.7500000000000000e+00   2.0737775777320522e-01   0.0000000000000000e+00 #xyz tv2
           3.8307929072174618e+00   1.3393320372846977e+00   0.0000000000000000e+00 -1 6 #xyz tv3 fid bid
           3.5744747910548869e+00   8.8177146918026594e-01   2.0300000000000007e-01 #xyz tv0
           2.9444064032549706e+00   1.1075149169708476e+00   0.0000000000000000e+00 #xyz tv1
           3.7500000000000000e+00   2.0737775777320522e-01   0.0000000000000000e+00 #xyz tv2
           3.8307929072174618e+00   1.3393320372846977e+00   0.0000000000000000e+00 -1 6 #xyz tv3 fid bid
           3.7500000000000000e+00   2.0737775777320522e-01   0.0000000000000000e+00 #xyz tv0
           2.9444064032549706e+00   1.1075149169708476e+00   0.0000000000000000e+00 #xyz tv1
           3.8307929072174618e+00   1.3393320372846977e+00   0.0000000000000000e+00 8 -1 #xyz tv2 fid bid
           3.7500000000000000e+00   2.0737775777320522e-01   0.0000000000000000e+00 #xyz tv0
           2.9444064032549706e+00   1.1075149169708476e+00   0.0000000000000000e+00 #xyz tv1
           3.8307929072174618e+00   1.3393320372846977e+00   0.0000000000000000e+00 76 -1 #xyz tv2 fid bid
           3.7500000000000000e+00   2.0737775777320522e-01   0.0000000000000000e+00 #xyz tv0
           2.9444064032549706e+00   1.1075149169708476e+00   0.0000000000000000e+00 #xyz tv1
           3.8307929072174618e+00   1.3393320372846977e+00   0.0000000000000000e+00 112 -1 #xyz tv2 fid bid
           3.7500000000000000e+00   2.0737775777320522e-01   0.0000000000000000e+00 #xyz tv0
           3.0031944274086522e+00   2.3860658525498404e-01   0.0000000000000000e+00 #xyz tv1
           2.9444064032549706e+00   1.1075149169708476e+00   0.0000000000000000e+00 8 -1 #xyz tv2 fid bid
           3.7500000000000000e+00   2.0737775777320522e-01   0.0000000000000000e+00 #xyz tv0
           3.0031944274086522e+00   2.3860658525498404e-01   0.0000000000000000e+00 #xyz tv1
           2.9444064032549706e+00   1.1075149169708476e+00   0.0000000000000000e+00 76 -1 #xyz tv2 fid bid
           3.7500000000000000e+00   2.0737775777320522e-01   0.0000000000000000e+00 #xyz tv0
           3.0031944274086522e+00   2.3860658525498404e-01   0.0000000000000000e+00 #xyz tv1
           2.9444064032549706e+00   1.1075149169708476e+00   0.0000000000000000e+00 112 -1 #xyz tv2 fid bid
           3.7500000000000000e+00   2.0737775777320522e-01   0.0000000000000000e+00 #xyz ev0
           2.9444064032549706e+00   1.1075149169708476e+00   0.0000000000000000e+00 -1 6 #xyz ev1 fid bid
   0   0.000000000000e+00   0.000000000000e+00   0.000000000000e+00 #flag location
END_ERR 
