G3dErrFileVersion 2025R1
FlagFileMetaData Begin
   Mesh Size - Setup1, Refinement, Pass #1, Freq. 1.000000e+10 :Title    
   Listing of mesh elements with poor quality. :ToolTip  
   hf3d :Author   
   1779613086 :TimeStamp
   mm :UnitName 
   1.0000000000000000e-03 :UnitConv
FlagFileMetaData End
BEGIN_ERR 
26 Small mesh segment detected on body : Substrate
 Small mesh segment detected on body : Substrate 
 Segment Statistics - Number of Segments : 1 --- Segment length(s) : 0.937500mm. The cutoff frequency for S-Matrix Only Solve is 18.142850278383MHz 
4 -1  8  76  112  # nfids, fids[]
2 6  -1  # nbids, bids[]
      5 6 1 0 #ntets ntri ned npts
           7.0168205500945557e+00  -4.9645079856650591e+00   4.2283073059095461e-01 #xyz tv0
           7.5000000000000000e+00  -4.6875000000000000e+00   0.0000000000000000e+00 #xyz tv1
           6.5625000000000000e+00  -4.6875000000000000e+00   0.0000000000000000e+00 #xyz tv2
           7.5000000000000000e+00  -5.6250000000000000e+00   0.0000000000000000e+00 -1 6 #xyz tv3 fid bid
           7.5000000000000000e+00  -4.6875000000000000e+00   0.0000000000000000e+00 #xyz tv0
           8.2500000000000000e+00  -4.0139396150827285e+00  -2.2875232065030238e+00 #xyz tv1
           6.5625000000000000e+00  -4.6875000000000000e+00   0.0000000000000000e+00 #xyz tv2
           7.5000000000000000e+00  -5.6250000000000000e+00   0.0000000000000000e+00 -1 6 #xyz tv3 fid bid
           7.5000000000000000e+00  -4.6875000000000000e+00   0.0000000000000000e+00 #xyz tv0
           6.5625000000000000e+00  -4.6875000000000000e+00   0.0000000000000000e+00 #xyz tv1
           8.2500000000000000e+00  -4.0139396150827285e+00  -2.2875232065030238e+00 #xyz tv2
           7.5000000000000000e+00  -3.7500000000000000e+00   0.0000000000000000e+00 -1 6 #xyz tv3 fid bid
           7.0762899876281891e+00  -4.2052134694329126e+00   3.9945084572599387e-01 #xyz tv0
           7.0168205500945557e+00  -4.9645079856650591e+00   4.2283073059095461e-01 #xyz tv1
           7.5000000000000000e+00  -4.6875000000000000e+00   0.0000000000000000e+00 #xyz tv2
           6.5625000000000000e+00  -4.6875000000000000e+00   0.0000000000000000e+00 -1 6 #xyz tv3 fid bid
           7.0762899876281891e+00  -4.2052134694329126e+00   3.9945084572599387e-01 #xyz tv0
           7.5000000000000000e+00  -4.6875000000000000e+00   0.0000000000000000e+00 #xyz tv1
           7.5000000000000000e+00  -3.7500000000000000e+00   0.0000000000000000e+00 #xyz tv2
           6.5625000000000000e+00  -4.6875000000000000e+00   0.0000000000000000e+00 -1 6 #xyz tv3 fid bid
           7.5000000000000000e+00  -3.7500000000000000e+00   0.0000000000000000e+00 #xyz tv0
           7.5000000000000000e+00  -4.6875000000000000e+00   0.0000000000000000e+00 #xyz tv1
           6.5625000000000000e+00  -4.6875000000000000e+00   0.0000000000000000e+00 8 -1 #xyz tv2 fid bid
           7.5000000000000000e+00  -3.7500000000000000e+00   0.0000000000000000e+00 #xyz tv0
           7.5000000000000000e+00  -4.6875000000000000e+00   0.0000000000000000e+00 #xyz tv1
           6.5625000000000000e+00  -4.6875000000000000e+00   0.0000000000000000e+00 76 -1 #xyz tv2 fid bid
           7.5000000000000000e+00  -3.7500000000000000e+00   0.0000000000000000e+00 #xyz tv0
           7.5000000000000000e+00  -4.6875000000000000e+00   0.0000000000000000e+00 #xyz tv1
           6.5625000000000000e+00  -4.6875000000000000e+00   0.0000000000000000e+00 112 -1 #xyz tv2 fid bid
           7.5000000000000000e+00  -4.6875000000000000e+00   0.0000000000000000e+00 #xyz tv0
           7.5000000000000000e+00  -5.6250000000000000e+00   0.0000000000000000e+00 #xyz tv1
           6.5625000000000000e+00  -4.6875000000000000e+00   0.0000000000000000e+00 8 -1 #xyz tv2 fid bid
           7.5000000000000000e+00  -4.6875000000000000e+00   0.0000000000000000e+00 #xyz tv0
           7.5000000000000000e+00  -5.6250000000000000e+00   0.0000000000000000e+00 #xyz tv1
           6.5625000000000000e+00  -4.6875000000000000e+00   0.0000000000000000e+00 76 -1 #xyz tv2 fid bid
           7.5000000000000000e+00  -4.6875000000000000e+00   0.0000000000000000e+00 #xyz tv0
           7.5000000000000000e+00  -5.6250000000000000e+00   0.0000000000000000e+00 #xyz tv1
           6.5625000000000000e+00  -4.6875000000000000e+00   0.0000000000000000e+00 112 -1 #xyz tv2 fid bid
           7.5000000000000000e+00  -4.6875000000000000e+00   0.0000000000000000e+00 #xyz ev0
           6.5625000000000000e+00  -4.6875000000000000e+00   0.0000000000000000e+00 -1 6 #xyz ev1 fid bid
   0   0.000000000000e+00   0.000000000000e+00   0.000000000000e+00 #flag location
END_ERR 
BEGIN_ERR 
26 Small mesh segment detected on body : Substrate
 Small mesh segment detected on body : Substrate 
 Segment Statistics - Number of Segments : 1 --- Segment length(s) : 1.325825mm. The cutoff frequency for S-Matrix Only Solve is 18.142850278383MHz 
4 -1  8  76  112  # nfids, fids[]
2 6  -1  # nbids, bids[]
      6 6 1 0 #ntets ntri ned npts
           7.0168205500945557e+00  -4.9645079856650591e+00   4.2283073059095461e-01 #xyz tv0
           7.5000000000000000e+00  -4.6875000000000000e+00   0.0000000000000000e+00 #xyz tv1
           6.5625000000000000e+00  -4.6875000000000000e+00   0.0000000000000000e+00 #xyz tv2
           7.5000000000000000e+00  -5.6250000000000000e+00   0.0000000000000000e+00 -1 6 #xyz tv3 fid bid
           7.0168205500945557e+00  -4.9645079856650591e+00   4.2283073059095461e-01 #xyz tv0
           6.5625000000000000e+00  -4.6875000000000000e+00   0.0000000000000000e+00 #xyz tv1
           6.7888892459381642e+00  -5.4599127610913545e+00   4.2588646750735271e-01 #xyz tv2
           7.5000000000000000e+00  -5.6250000000000000e+00   0.0000000000000000e+00 -1 6 #xyz tv3 fid bid
           7.5000000000000000e+00  -4.6875000000000000e+00   0.0000000000000000e+00 #xyz tv0
           8.2500000000000000e+00  -4.0139396150827285e+00  -2.2875232065030238e+00 #xyz tv1
           6.5625000000000000e+00  -4.6875000000000000e+00   0.0000000000000000e+00 #xyz tv2
           7.5000000000000000e+00  -5.6250000000000000e+00   0.0000000000000000e+00 -1 6 #xyz tv3 fid bid
           6.7888892459381642e+00  -5.4599127610913545e+00   4.2588646750735271e-01 #xyz tv0
           6.5625000000000000e+00  -4.6875000000000000e+00   0.0000000000000000e+00 #xyz tv1
           6.5625000000000000e+00  -5.6250000000000000e+00   0.0000000000000000e+00 #xyz tv2
           7.5000000000000000e+00  -5.6250000000000000e+00   0.0000000000000000e+00 -1 6 #xyz tv3 fid bid
           7.5000000000000000e+00  -5.6250000000000000e+00   0.0000000000000000e+00 #xyz tv0
           8.2500000000000000e+00  -4.0139396150827285e+00  -2.2875232065030238e+00 #xyz tv1
           6.5625000000000000e+00  -4.6875000000000000e+00   0.0000000000000000e+00 #xyz tv2
           6.9375000000000000e+00  -6.0000000000000000e+00  -2.7540000000000000e+00 -1 6 #xyz tv3 fid bid
           6.5625000000000000e+00  -5.6250000000000000e+00   0.0000000000000000e+00 #xyz tv0
           6.5625000000000000e+00  -4.6875000000000000e+00   0.0000000000000000e+00 #xyz tv1
           6.9375000000000000e+00  -6.0000000000000000e+00  -2.7540000000000000e+00 #xyz tv2
           7.5000000000000000e+00  -5.6250000000000000e+00   0.0000000000000000e+00 -1 6 #xyz tv3 fid bid
           7.5000000000000000e+00  -4.6875000000000000e+00   0.0000000000000000e+00 #xyz tv0
           7.5000000000000000e+00  -5.6250000000000000e+00   0.0000000000000000e+00 #xyz tv1
           6.5625000000000000e+00  -4.6875000000000000e+00   0.0000000000000000e+00 8 -1 #xyz tv2 fid bid
           7.5000000000000000e+00  -4.6875000000000000e+00   0.0000000000000000e+00 #xyz tv0
           7.5000000000000000e+00  -5.6250000000000000e+00   0.0000000000000000e+00 #xyz tv1
           6.5625000000000000e+00  -4.6875000000000000e+00   0.0000000000000000e+00 76 -1 #xyz tv2 fid bid
           7.5000000000000000e+00  -4.6875000000000000e+00   0.0000000000000000e+00 #xyz tv0
           7.5000000000000000e+00  -5.6250000000000000e+00   0.0000000000000000e+00 #xyz tv1
           6.5625000000000000e+00  -4.6875000000000000e+00   0.0000000000000000e+00 112 -1 #xyz tv2 fid bid
           7.5000000000000000e+00  -5.6250000000000000e+00   0.0000000000000000e+00 #xyz tv0
           6.5625000000000000e+00  -5.6250000000000000e+00   0.0000000000000000e+00 #xyz tv1
           6.5625000000000000e+00  -4.6875000000000000e+00   0.0000000000000000e+00 8 -1 #xyz tv2 fid bid
           7.5000000000000000e+00  -5.6250000000000000e+00   0.0000000000000000e+00 #xyz tv0
           6.5625000000000000e+00  -5.6250000000000000e+00   0.0000000000000000e+00 #xyz tv1
           6.5625000000000000e+00  -4.6875000000000000e+00   0.0000000000000000e+00 76 -1 #xyz tv2 fid bid
           7.5000000000000000e+00  -5.6250000000000000e+00   0.0000000000000000e+00 #xyz tv0
           6.5625000000000000e+00  -5.6250000000000000e+00   0.0000000000000000e+00 #xyz tv1
           6.5625000000000000e+00  -4.6875000000000000e+00   0.0000000000000000e+00 112 -1 #xyz tv2 fid bid
           7.5000000000000000e+00  -5.6250000000000000e+00   0.0000000000000000e+00 #xyz ev0
           6.5625000000000000e+00  -4.6875000000000000e+00   0.0000000000000000e+00 -1 6 #xyz ev1 fid bid
   0   0.000000000000e+00   0.000000000000e+00   0.000000000000e+00 #flag location
END_ERR 
G3dErrFileVersion 2025R1
FlagFileMetaData Begin
   Mesh Size - Setup1, Refinement, Pass #2, Freq. 1.000000e+10 :Title    
   Listing of mesh elements with poor quality. :ToolTip  
   hf3d :Author   
   1779613091 :TimeStamp
   mm :UnitName 
   1.0000000000000000e-03 :UnitConv
FlagFileMetaData End
BEGIN_ERR 
26 Small mesh segment detected on body : Substrate
 Small mesh segment detected on body : Substrate 
 Segment Statistics - Number of Segments : 1 --- Segment length(s) : 0.937500mm. The cutoff frequency for S-Matrix Only Solve is 18.142850278383MHz 
4 -1  8  76  112  # nfids, fids[]
2 6  -1  # nbids, bids[]
      5 6 1 0 #ntets ntri ned npts
           7.0168205500945557e+00  -4.9645079856650591e+00   4.2283073059095461e-01 #xyz tv0
           7.5000000000000000e+00  -4.6875000000000000e+00   0.0000000000000000e+00 #xyz tv1
           6.5625000000000000e+00  -4.6875000000000000e+00   0.0000000000000000e+00 #xyz tv2
           7.5000000000000000e+00  -5.6250000000000000e+00   0.0000000000000000e+00 -1 6 #xyz tv3 fid bid
           7.5000000000000000e+00  -4.6875000000000000e+00   0.0000000000000000e+00 #xyz tv0
           8.2500000000000000e+00  -4.0139396150827285e+00  -2.2875232065030238e+00 #xyz tv1
           6.5625000000000000e+00  -4.6875000000000000e+00   0.0000000000000000e+00 #xyz tv2
           7.5000000000000000e+00  -5.6250000000000000e+00   0.0000000000000000e+00 -1 6 #xyz tv3 fid bid
           7.5000000000000000e+00  -4.6875000000000000e+00   0.0000000000000000e+00 #xyz tv0
           6.5625000000000000e+00  -4.6875000000000000e+00   0.0000000000000000e+00 #xyz tv1
           8.2500000000000000e+00  -4.0139396150827285e+00  -2.2875232065030238e+00 #xyz tv2
           7.5000000000000000e+00  -3.7500000000000000e+00   0.0000000000000000e+00 -1 6 #xyz tv3 fid bid
           7.0762924641197786e+00  -4.2052128990418112e+00   3.9946296082889515e-01 #xyz tv0
           7.0168205500945557e+00  -4.9645079856650591e+00   4.2283073059095461e-01 #xyz tv1
           7.5000000000000000e+00  -4.6875000000000000e+00   0.0000000000000000e+00 #xyz tv2
           6.5625000000000000e+00  -4.6875000000000000e+00   0.0000000000000000e+00 -1 6 #xyz tv3 fid bid
           7.0762924641197786e+00  -4.2052128990418112e+00   3.9946296082889515e-01 #xyz tv0
           7.5000000000000000e+00  -4.6875000000000000e+00   0.0000000000000000e+00 #xyz tv1
           7.5000000000000000e+00  -3.7500000000000000e+00   0.0000000000000000e+00 #xyz tv2
           6.5625000000000000e+00  -4.6875000000000000e+00   0.0000000000000000e+00 -1 6 #xyz tv3 fid bid
           7.5000000000000000e+00  -3.7500000000000000e+00   0.0000000000000000e+00 #xyz tv0
           7.5000000000000000e+00  -4.6875000000000000e+00   0.0000000000000000e+00 #xyz tv1
           6.5625000000000000e+00  -4.6875000000000000e+00   0.0000000000000000e+00 8 -1 #xyz tv2 fid bid
           7.5000000000000000e+00  -3.7500000000000000e+00   0.0000000000000000e+00 #xyz tv0
           7.5000000000000000e+00  -4.6875000000000000e+00   0.0000000000000000e+00 #xyz tv1
           6.5625000000000000e+00  -4.6875000000000000e+00   0.0000000000000000e+00 76 -1 #xyz tv2 fid bid
           7.5000000000000000e+00  -3.7500000000000000e+00   0.0000000000000000e+00 #xyz tv0
           7.5000000000000000e+00  -4.6875000000000000e+00   0.0000000000000000e+00 #xyz tv1
           6.5625000000000000e+00  -4.6875000000000000e+00   0.0000000000000000e+00 112 -1 #xyz tv2 fid bid
           7.5000000000000000e+00  -4.6875000000000000e+00   0.0000000000000000e+00 #xyz tv0
           7.5000000000000000e+00  -5.6250000000000000e+00   0.0000000000000000e+00 #xyz tv1
           6.5625000000000000e+00  -4.6875000000000000e+00   0.0000000000000000e+00 8 -1 #xyz tv2 fid bid
           7.5000000000000000e+00  -4.6875000000000000e+00   0.0000000000000000e+00 #xyz tv0
           7.5000000000000000e+00  -5.6250000000000000e+00   0.0000000000000000e+00 #xyz tv1
           6.5625000000000000e+00  -4.6875000000000000e+00   0.0000000000000000e+00 76 -1 #xyz tv2 fid bid
           7.5000000000000000e+00  -4.6875000000000000e+00   0.0000000000000000e+00 #xyz tv0
           7.5000000000000000e+00  -5.6250000000000000e+00   0.0000000000000000e+00 #xyz tv1
           6.5625000000000000e+00  -4.6875000000000000e+00   0.0000000000000000e+00 112 -1 #xyz tv2 fid bid
           7.5000000000000000e+00  -4.6875000000000000e+00   0.0000000000000000e+00 #xyz ev0
           6.5625000000000000e+00  -4.6875000000000000e+00   0.0000000000000000e+00 -1 6 #xyz ev1 fid bid
   0   0.000000000000e+00   0.000000000000e+00   0.000000000000e+00 #flag location
END_ERR 
BEGIN_ERR 
26 Small mesh segment detected on body : Substrate
 Small mesh segment detected on body : Substrate 
 Segment Statistics - Number of Segments : 1 --- Segment length(s) : 1.325825mm. The cutoff frequency for S-Matrix Only Solve is 18.142850278383MHz 
4 -1  8  76  112  # nfids, fids[]
2 6  -1  # nbids, bids[]
      6 6 1 0 #ntets ntri ned npts
           7.0168205500945557e+00  -4.9645079856650591e+00   4.2283073059095461e-01 #xyz tv0
           7.5000000000000000e+00  -4.6875000000000000e+00   0.0000000000000000e+00 #xyz tv1
           6.5625000000000000e+00  -4.6875000000000000e+00   0.0000000000000000e+00 #xyz tv2
           7.5000000000000000e+00  -5.6250000000000000e+00   0.0000000000000000e+00 -1 6 #xyz tv3 fid bid
           7.0168205500945557e+00  -4.9645079856650591e+00   4.2283073059095461e-01 #xyz tv0
           6.5625000000000000e+00  -4.6875000000000000e+00   0.0000000000000000e+00 #xyz tv1
           6.7888892459381642e+00  -5.4599127610913545e+00   4.2588646750735271e-01 #xyz tv2
           7.5000000000000000e+00  -5.6250000000000000e+00   0.0000000000000000e+00 -1 6 #xyz tv3 fid bid
           7.5000000000000000e+00  -4.6875000000000000e+00   0.0000000000000000e+00 #xyz tv0
           8.2500000000000000e+00  -4.0139396150827285e+00  -2.2875232065030238e+00 #xyz tv1
           6.5625000000000000e+00  -4.6875000000000000e+00   0.0000000000000000e+00 #xyz tv2
           7.5000000000000000e+00  -5.6250000000000000e+00   0.0000000000000000e+00 -1 6 #xyz tv3 fid bid
           6.7888892459381642e+00  -5.4599127610913545e+00   4.2588646750735271e-01 #xyz tv0
           6.5625000000000000e+00  -4.6875000000000000e+00   0.0000000000000000e+00 #xyz tv1
           6.5625000000000000e+00  -5.6250000000000000e+00   0.0000000000000000e+00 #xyz tv2
           7.5000000000000000e+00  -5.6250000000000000e+00   0.0000000000000000e+00 -1 6 #xyz tv3 fid bid
           7.5000000000000000e+00  -5.6250000000000000e+00   0.0000000000000000e+00 #xyz tv0
           8.2500000000000000e+00  -4.0139396150827285e+00  -2.2875232065030238e+00 #xyz tv1
           6.5625000000000000e+00  -4.6875000000000000e+00   0.0000000000000000e+00 #xyz tv2
           6.9375000000000000e+00  -6.0000000000000000e+00  -2.7540000000000000e+00 -1 6 #xyz tv3 fid bid
           6.5625000000000000e+00  -5.6250000000000000e+00   0.0000000000000000e+00 #xyz tv0
           6.5625000000000000e+00  -4.6875000000000000e+00   0.0000000000000000e+00 #xyz tv1
           6.9375000000000000e+00  -6.0000000000000000e+00  -2.7540000000000000e+00 #xyz tv2
           7.5000000000000000e+00  -5.6250000000000000e+00   0.0000000000000000e+00 -1 6 #xyz tv3 fid bid
           7.5000000000000000e+00  -4.6875000000000000e+00   0.0000000000000000e+00 #xyz tv0
           7.5000000000000000e+00  -5.6250000000000000e+00   0.0000000000000000e+00 #xyz tv1
           6.5625000000000000e+00  -4.6875000000000000e+00   0.0000000000000000e+00 8 -1 #xyz tv2 fid bid
           7.5000000000000000e+00  -4.6875000000000000e+00   0.0000000000000000e+00 #xyz tv0
           7.5000000000000000e+00  -5.6250000000000000e+00   0.0000000000000000e+00 #xyz tv1
           6.5625000000000000e+00  -4.6875000000000000e+00   0.0000000000000000e+00 76 -1 #xyz tv2 fid bid
           7.5000000000000000e+00  -4.6875000000000000e+00   0.0000000000000000e+00 #xyz tv0
           7.5000000000000000e+00  -5.6250000000000000e+00   0.0000000000000000e+00 #xyz tv1
           6.5625000000000000e+00  -4.6875000000000000e+00   0.0000000000000000e+00 112 -1 #xyz tv2 fid bid
           7.5000000000000000e+00  -5.6250000000000000e+00   0.0000000000000000e+00 #xyz tv0
           6.5625000000000000e+00  -5.6250000000000000e+00   0.0000000000000000e+00 #xyz tv1
           6.5625000000000000e+00  -4.6875000000000000e+00   0.0000000000000000e+00 8 -1 #xyz tv2 fid bid
           7.5000000000000000e+00  -5.6250000000000000e+00   0.0000000000000000e+00 #xyz tv0
           6.5625000000000000e+00  -5.6250000000000000e+00   0.0000000000000000e+00 #xyz tv1
           6.5625000000000000e+00  -4.6875000000000000e+00   0.0000000000000000e+00 76 -1 #xyz tv2 fid bid
           7.5000000000000000e+00  -5.6250000000000000e+00   0.0000000000000000e+00 #xyz tv0
           6.5625000000000000e+00  -5.6250000000000000e+00   0.0000000000000000e+00 #xyz tv1
           6.5625000000000000e+00  -4.6875000000000000e+00   0.0000000000000000e+00 112 -1 #xyz tv2 fid bid
           7.5000000000000000e+00  -5.6250000000000000e+00   0.0000000000000000e+00 #xyz ev0
           6.5625000000000000e+00  -4.6875000000000000e+00   0.0000000000000000e+00 -1 6 #xyz ev1 fid bid
   0   0.000000000000e+00   0.000000000000e+00   0.000000000000e+00 #flag location
END_ERR 
G3dErrFileVersion 2025R1
FlagFileMetaData Begin
   Mesh Size - Setup1, Refinement, Pass #3, Freq. 1.000000e+10 :Title    
   Listing of mesh elements with poor quality. :ToolTip  
   hf3d :Author   
   1779613098 :TimeStamp
   mm :UnitName 
   1.0000000000000000e-03 :UnitConv
FlagFileMetaData End
BEGIN_ERR 
26 Small mesh segment detected on body : Substrate
 Small mesh segment detected on body : Substrate 
 Segment Statistics - Number of Segments : 1 --- Segment length(s) : 0.937500mm. The cutoff frequency for S-Matrix Only Solve is 18.142850278383MHz 
4 -1  8  76  112  # nfids, fids[]
2 6  -1  # nbids, bids[]
      5 6 1 0 #ntets ntri ned npts
           7.0168205500945557e+00  -4.9645079856650591e+00   4.2283073059095461e-01 #xyz tv0
           7.5000000000000000e+00  -4.6875000000000000e+00   0.0000000000000000e+00 #xyz tv1
           6.5625000000000000e+00  -4.6875000000000000e+00   0.0000000000000000e+00 #xyz tv2
           7.5000000000000000e+00  -5.6250000000000000e+00   0.0000000000000000e+00 -1 6 #xyz tv3 fid bid
           7.5000000000000000e+00  -4.6875000000000000e+00   0.0000000000000000e+00 #xyz tv0
           8.2500000000000000e+00  -4.0139396150827285e+00  -2.2875232065030238e+00 #xyz tv1
           6.5625000000000000e+00  -4.6875000000000000e+00   0.0000000000000000e+00 #xyz tv2
           7.5000000000000000e+00  -5.6250000000000000e+00   0.0000000000000000e+00 -1 6 #xyz tv3 fid bid
           7.5000000000000000e+00  -4.6875000000000000e+00   0.0000000000000000e+00 #xyz tv0
           6.5625000000000000e+00  -4.6875000000000000e+00   0.0000000000000000e+00 #xyz tv1
           8.2500000000000000e+00  -4.0139396150827285e+00  -2.2875232065030238e+00 #xyz tv2
           7.5000000000000000e+00  -3.7500000000000000e+00   0.0000000000000000e+00 -1 6 #xyz tv3 fid bid
           7.0762925879443577e+00  -4.2052128705222565e+00   3.9946356658404025e-01 #xyz tv0
           7.0168205500945557e+00  -4.9645079856650591e+00   4.2283073059095461e-01 #xyz tv1
           7.5000000000000000e+00  -4.6875000000000000e+00   0.0000000000000000e+00 #xyz tv2
           6.5625000000000000e+00  -4.6875000000000000e+00   0.0000000000000000e+00 -1 6 #xyz tv3 fid bid
           7.0762925879443577e+00  -4.2052128705222565e+00   3.9946356658404025e-01 #xyz tv0
           7.5000000000000000e+00  -4.6875000000000000e+00   0.0000000000000000e+00 #xyz tv1
           7.5000000000000000e+00  -3.7500000000000000e+00   0.0000000000000000e+00 #xyz tv2
           6.5625000000000000e+00  -4.6875000000000000e+00   0.0000000000000000e+00 -1 6 #xyz tv3 fid bid
           7.5000000000000000e+00  -3.7500000000000000e+00   0.0000000000000000e+00 #xyz tv0
           7.5000000000000000e+00  -4.6875000000000000e+00   0.0000000000000000e+00 #xyz tv1
           6.5625000000000000e+00  -4.6875000000000000e+00   0.0000000000000000e+00 8 -1 #xyz tv2 fid bid
           7.5000000000000000e+00  -3.7500000000000000e+00   0.0000000000000000e+00 #xyz tv0
           7.5000000000000000e+00  -4.6875000000000000e+00   0.0000000000000000e+00 #xyz tv1
           6.5625000000000000e+00  -4.6875000000000000e+00   0.0000000000000000e+00 76 -1 #xyz tv2 fid bid
           7.5000000000000000e+00  -3.7500000000000000e+00   0.0000000000000000e+00 #xyz tv0
           7.5000000000000000e+00  -4.6875000000000000e+00   0.0000000000000000e+00 #xyz tv1
           6.5625000000000000e+00  -4.6875000000000000e+00   0.0000000000000000e+00 112 -1 #xyz tv2 fid bid
           7.5000000000000000e+00  -4.6875000000000000e+00   0.0000000000000000e+00 #xyz tv0
           7.5000000000000000e+00  -5.6250000000000000e+00   0.0000000000000000e+00 #xyz tv1
           6.5625000000000000e+00  -4.6875000000000000e+00   0.0000000000000000e+00 8 -1 #xyz tv2 fid bid
           7.5000000000000000e+00  -4.6875000000000000e+00   0.0000000000000000e+00 #xyz tv0
           7.5000000000000000e+00  -5.6250000000000000e+00   0.0000000000000000e+00 #xyz tv1
           6.5625000000000000e+00  -4.6875000000000000e+00   0.0000000000000000e+00 76 -1 #xyz tv2 fid bid
           7.5000000000000000e+00  -4.6875000000000000e+00   0.0000000000000000e+00 #xyz tv0
           7.5000000000000000e+00  -5.6250000000000000e+00   0.0000000000000000e+00 #xyz tv1
           6.5625000000000000e+00  -4.6875000000000000e+00   0.0000000000000000e+00 112 -1 #xyz tv2 fid bid
           7.5000000000000000e+00  -4.6875000000000000e+00   0.0000000000000000e+00 #xyz ev0
           6.5625000000000000e+00  -4.6875000000000000e+00   0.0000000000000000e+00 -1 6 #xyz ev1 fid bid
   0   0.000000000000e+00   0.000000000000e+00   0.000000000000e+00 #flag location
END_ERR 
BEGIN_ERR 
26 Small mesh segment detected on body : Substrate
 Small mesh segment detected on body : Substrate 
 Segment Statistics - Number of Segments : 1 --- Segment length(s) : 1.325825mm. The cutoff frequency for S-Matrix Only Solve is 18.142850278383MHz 
4 -1  8  76  112  # nfids, fids[]
2 6  -1  # nbids, bids[]
      6 6 1 0 #ntets ntri ned npts
           7.0168205500945557e+00  -4.9645079856650591e+00   4.2283073059095461e-01 #xyz tv0
           7.5000000000000000e+00  -4.6875000000000000e+00   0.0000000000000000e+00 #xyz tv1
           6.5625000000000000e+00  -4.6875000000000000e+00   0.0000000000000000e+00 #xyz tv2
           7.5000000000000000e+00  -5.6250000000000000e+00   0.0000000000000000e+00 -1 6 #xyz tv3 fid bid
           7.0168205500945557e+00  -4.9645079856650591e+00   4.2283073059095461e-01 #xyz tv0
           6.5625000000000000e+00  -4.6875000000000000e+00   0.0000000000000000e+00 #xyz tv1
           6.7888892459381642e+00  -5.4599127610913545e+00   4.2588646750735271e-01 #xyz tv2
           7.5000000000000000e+00  -5.6250000000000000e+00   0.0000000000000000e+00 -1 6 #xyz tv3 fid bid
           7.5000000000000000e+00  -4.6875000000000000e+00   0.0000000000000000e+00 #xyz tv0
           8.2500000000000000e+00  -4.0139396150827285e+00  -2.2875232065030238e+00 #xyz tv1
           6.5625000000000000e+00  -4.6875000000000000e+00   0.0000000000000000e+00 #xyz tv2
           7.5000000000000000e+00  -5.6250000000000000e+00   0.0000000000000000e+00 -1 6 #xyz tv3 fid bid
           6.7888892459381642e+00  -5.4599127610913545e+00   4.2588646750735271e-01 #xyz tv0
           6.5625000000000000e+00  -4.6875000000000000e+00   0.0000000000000000e+00 #xyz tv1
           6.5625000000000000e+00  -5.6250000000000000e+00   0.0000000000000000e+00 #xyz tv2
           7.5000000000000000e+00  -5.6250000000000000e+00   0.0000000000000000e+00 -1 6 #xyz tv3 fid bid
           7.5000000000000000e+00  -5.6250000000000000e+00   0.0000000000000000e+00 #xyz tv0
           8.2500000000000000e+00  -4.0139396150827285e+00  -2.2875232065030238e+00 #xyz tv1
           6.5625000000000000e+00  -4.6875000000000000e+00   0.0000000000000000e+00 #xyz tv2
           6.9375000000000000e+00  -6.0000000000000000e+00  -2.7540000000000000e+00 -1 6 #xyz tv3 fid bid
           6.5625000000000000e+00  -5.6250000000000000e+00   0.0000000000000000e+00 #xyz tv0
           6.5625000000000000e+00  -4.6875000000000000e+00   0.0000000000000000e+00 #xyz tv1
           6.9375000000000000e+00  -6.0000000000000000e+00  -2.7540000000000000e+00 #xyz tv2
           7.5000000000000000e+00  -5.6250000000000000e+00   0.0000000000000000e+00 -1 6 #xyz tv3 fid bid
           7.5000000000000000e+00  -4.6875000000000000e+00   0.0000000000000000e+00 #xyz tv0
           7.5000000000000000e+00  -5.6250000000000000e+00   0.0000000000000000e+00 #xyz tv1
           6.5625000000000000e+00  -4.6875000000000000e+00   0.0000000000000000e+00 8 -1 #xyz tv2 fid bid
           7.5000000000000000e+00  -4.6875000000000000e+00   0.0000000000000000e+00 #xyz tv0
           7.5000000000000000e+00  -5.6250000000000000e+00   0.0000000000000000e+00 #xyz tv1
           6.5625000000000000e+00  -4.6875000000000000e+00   0.0000000000000000e+00 76 -1 #xyz tv2 fid bid
           7.5000000000000000e+00  -4.6875000000000000e+00   0.0000000000000000e+00 #xyz tv0
           7.5000000000000000e+00  -5.6250000000000000e+00   0.0000000000000000e+00 #xyz tv1
           6.5625000000000000e+00  -4.6875000000000000e+00   0.0000000000000000e+00 112 -1 #xyz tv2 fid bid
           7.5000000000000000e+00  -5.6250000000000000e+00   0.0000000000000000e+00 #xyz tv0
           6.5625000000000000e+00  -5.6250000000000000e+00   0.0000000000000000e+00 #xyz tv1
           6.5625000000000000e+00  -4.6875000000000000e+00   0.0000000000000000e+00 8 -1 #xyz tv2 fid bid
           7.5000000000000000e+00  -5.6250000000000000e+00   0.0000000000000000e+00 #xyz tv0
           6.5625000000000000e+00  -5.6250000000000000e+00   0.0000000000000000e+00 #xyz tv1
           6.5625000000000000e+00  -4.6875000000000000e+00   0.0000000000000000e+00 76 -1 #xyz tv2 fid bid
           7.5000000000000000e+00  -5.6250000000000000e+00   0.0000000000000000e+00 #xyz tv0
           6.5625000000000000e+00  -5.6250000000000000e+00   0.0000000000000000e+00 #xyz tv1
           6.5625000000000000e+00  -4.6875000000000000e+00   0.0000000000000000e+00 112 -1 #xyz tv2 fid bid
           7.5000000000000000e+00  -5.6250000000000000e+00   0.0000000000000000e+00 #xyz ev0
           6.5625000000000000e+00  -4.6875000000000000e+00   0.0000000000000000e+00 -1 6 #xyz ev1 fid bid
   0   0.000000000000e+00   0.000000000000e+00   0.000000000000e+00 #flag location
END_ERR 
BEGIN_ERR 
26 Small mesh segment detected on body : Substrate
 Small mesh segment detected on body : Substrate 
 Segment Statistics - Number of Segments : 1 --- Segment length(s) : 0.937500mm. The cutoff frequency for S-Matrix Only Solve is 18.142850278383MHz 
4 -1  8  76  112  # nfids, fids[]
2 6  -1  # nbids, bids[]
      6 6 1 0 #ntets ntri ned npts
           7.1220134217909639e+00   4.2875234099508557e+00   2.9927533650749460e-01 #xyz tv0
           7.5000000000000000e+00   3.7500000000000000e+00   0.0000000000000000e+00 #xyz tv1
           6.5625000000000000e+00   3.7500000000000000e+00   0.0000000000000000e+00 #xyz tv2
           7.5000000000000000e+00   3.7500000000000000e+00   3.8100000000000001e-01 -1 6 #xyz tv3 fid bid
           6.5625000000000000e+00   3.7500000000000000e+00   0.0000000000000000e+00 #xyz tv0
           6.5625000000000000e+00   4.6875000000000000e+00   0.0000000000000000e+00 #xyz tv1
           8.2500000000000000e+00   4.1748849223611684e+00  -2.0347620507637698e+00 #xyz tv2
           7.5000000000000000e+00   3.7500000000000000e+00   0.0000000000000000e+00 -1 6 #xyz tv3 fid bid
           7.1220134217909639e+00   4.2875234099508557e+00   2.9927533650749460e-01 #xyz tv0
           6.5625000000000000e+00   3.7500000000000000e+00   0.0000000000000000e+00 #xyz tv1
           7.5000000000000000e+00   3.7500000000000000e+00   0.0000000000000000e+00 #xyz tv2
           6.5625000000000000e+00   4.6875000000000000e+00   0.0000000000000000e+00 -1 6 #xyz tv3 fid bid
           7.0705403150773662e+00   3.3079433929066244e+00   3.6709018514450842e-01 #xyz tv0
           6.5625000000000000e+00   3.7500000000000000e+00   0.0000000000000000e+00 #xyz tv1
           7.5000000000000000e+00   3.7500000000000000e+00   0.0000000000000000e+00 #xyz tv2
           7.5000000000000000e+00   3.7500000000000000e+00   3.8100000000000001e-01 -1 6 #xyz tv3 fid bid
           6.5625000000000000e+00   3.7500000000000000e+00   0.0000000000000000e+00 #xyz tv0
           8.2500000000000000e+00   4.1748849223611684e+00  -2.0347620507637698e+00 #xyz tv1
           6.5625000000000000e+00   2.8125000000000000e+00   0.0000000000000000e+00 #xyz tv2
           7.5000000000000000e+00   3.7500000000000000e+00   0.0000000000000000e+00 -1 6 #xyz tv3 fid bid
           7.0705403150773662e+00   3.3079433929066244e+00   3.6709018514450842e-01 #xyz tv0
           7.5000000000000000e+00   3.7500000000000000e+00   0.0000000000000000e+00 #xyz tv1
           6.5625000000000000e+00   3.7500000000000000e+00   0.0000000000000000e+00 #xyz tv2
           6.5625000000000000e+00   2.8125000000000000e+00   0.0000000000000000e+00 -1 6 #xyz tv3 fid bid
           7.5000000000000000e+00   3.7500000000000000e+00   0.0000000000000000e+00 #xyz tv0
           6.5625000000000000e+00   3.7500000000000000e+00   0.0000000000000000e+00 #xyz tv1
           6.5625000000000000e+00   4.6875000000000000e+00   0.0000000000000000e+00 8 -1 #xyz tv2 fid bid
           7.5000000000000000e+00   3.7500000000000000e+00   0.0000000000000000e+00 #xyz tv0
           6.5625000000000000e+00   3.7500000000000000e+00   0.0000000000000000e+00 #xyz tv1
           6.5625000000000000e+00   4.6875000000000000e+00   0.0000000000000000e+00 76 -1 #xyz tv2 fid bid
           7.5000000000000000e+00   3.7500000000000000e+00   0.0000000000000000e+00 #xyz tv0
           6.5625000000000000e+00   3.7500000000000000e+00   0.0000000000000000e+00 #xyz tv1
           6.5625000000000000e+00   4.6875000000000000e+00   0.0000000000000000e+00 112 -1 #xyz tv2 fid bid
           6.5625000000000000e+00   3.7500000000000000e+00   0.0000000000000000e+00 #xyz tv0
           7.5000000000000000e+00   3.7500000000000000e+00   0.0000000000000000e+00 #xyz tv1
           6.5625000000000000e+00   2.8125000000000000e+00   0.0000000000000000e+00 8 -1 #xyz tv2 fid bid
           6.5625000000000000e+00   3.7500000000000000e+00   0.0000000000000000e+00 #xyz tv0
           7.5000000000000000e+00   3.7500000000000000e+00   0.0000000000000000e+00 #xyz tv1
           6.5625000000000000e+00   2.8125000000000000e+00   0.0000000000000000e+00 76 -1 #xyz tv2 fid bid
           6.5625000000000000e+00   3.7500000000000000e+00   0.0000000000000000e+00 #xyz tv0
           7.5000000000000000e+00   3.7500000000000000e+00   0.0000000000000000e+00 #xyz tv1
           6.5625000000000000e+00   2.8125000000000000e+00   0.0000000000000000e+00 112 -1 #xyz tv2 fid bid
           7.5000000000000000e+00   3.7500000000000000e+00   0.0000000000000000e+00 #xyz ev0
           6.5625000000000000e+00   3.7500000000000000e+00   0.0000000000000000e+00 -1 6 #xyz ev1 fid bid
   0   0.000000000000e+00   0.000000000000e+00   0.000000000000e+00 #flag location
END_ERR 
