G3dErrFileVersion 2025R1
FlagFileMetaData Begin
   Mesh Size - Setup1, Refinement, Pass #1, Freq. 1.100000e+10 :Title    
   Listing of mesh elements with poor quality. :ToolTip  
   hf3d :Author   
   1779015665 :TimeStamp
   mm :UnitName 
   1.0000000000000000e-03 :UnitConv
FlagFileMetaData End
BEGIN_ERR 
26 Small mesh segment detected on body : Substrate
 Small mesh segment detected on body : Substrate 
 Segment Statistics - Number of Segments : 1 --- Segment length(s) : 0.625000mm. The cutoff frequency for S-Matrix Only Solve is 18.142850278383MHz 
4 -1  8  76  112  # nfids, fids[]
2 6  -1  # nbids, bids[]
      5 6 1 0 #ntets ntri ned npts
           1.8750000000000000e+00  -5.0000000000000000e+00   9.5250000000000001e-02 #xyz tv0
           1.8750000000000000e+00  -4.3750000000000000e+00   0.0000000000000000e+00 #xyz tv1
           1.8750000000000000e+00  -5.0000000000000000e+00   0.0000000000000000e+00 #xyz tv2
           2.5000000000000000e+00  -5.0000000000000000e+00   0.0000000000000000e+00 -1 6 #xyz tv3 fid bid
           1.8750000000000000e+00  -5.0000000000000000e+00   9.5250000000000001e-02 #xyz tv0
           1.8750000000000000e+00  -5.0000000000000000e+00   0.0000000000000000e+00 #xyz tv1
           1.8750000000000000e+00  -4.3750000000000000e+00   0.0000000000000000e+00 #xyz tv2
           1.2500000000000000e+00  -5.0000000000000000e+00   1.9050000000000000e-01 -1 6 #xyz tv3 fid bid
           1.8750000000000000e+00  -5.0000000000000000e+00   0.0000000000000000e+00 #xyz tv0
           1.8750000000000000e+00  -4.3750000000000000e+00   0.0000000000000000e+00 #xyz tv1
           2.3969359778781798e+00  -3.5058521591754808e+00  -1.3499649935617095e+00 #xyz tv2
           2.5000000000000000e+00  -5.0000000000000000e+00   0.0000000000000000e+00 -1 6 #xyz tv3 fid bid
           1.8750000000000000e+00  -5.0000000000000000e+00   0.0000000000000000e+00 #xyz tv0
           1.8750000000000000e+00  -4.3750000000000000e+00   0.0000000000000000e+00 #xyz tv1
           1.2500000000000000e+00  -5.0000000000000000e+00   1.9050000000000000e-01 #xyz tv2
           1.2500000000000000e+00  -5.0000000000000000e+00   0.0000000000000000e+00 -1 6 #xyz tv3 fid bid
           1.8750000000000000e+00  -5.0000000000000000e+00   0.0000000000000000e+00 #xyz tv0
           2.3969359778781798e+00  -3.5058521591754808e+00  -1.3499649935617095e+00 #xyz tv1
           1.8750000000000000e+00  -4.3750000000000000e+00   0.0000000000000000e+00 #xyz tv2
           1.2500000000000000e+00  -5.0000000000000000e+00   0.0000000000000000e+00 -1 6 #xyz tv3 fid bid
           2.5000000000000000e+00  -5.0000000000000000e+00   0.0000000000000000e+00 #xyz tv0
           1.8750000000000000e+00  -5.0000000000000000e+00   0.0000000000000000e+00 #xyz tv1
           1.8750000000000000e+00  -4.3750000000000000e+00   0.0000000000000000e+00 8 -1 #xyz tv2 fid bid
           2.5000000000000000e+00  -5.0000000000000000e+00   0.0000000000000000e+00 #xyz tv0
           1.8750000000000000e+00  -5.0000000000000000e+00   0.0000000000000000e+00 #xyz tv1
           1.8750000000000000e+00  -4.3750000000000000e+00   0.0000000000000000e+00 76 -1 #xyz tv2 fid bid
           2.5000000000000000e+00  -5.0000000000000000e+00   0.0000000000000000e+00 #xyz tv0
           1.8750000000000000e+00  -5.0000000000000000e+00   0.0000000000000000e+00 #xyz tv1
           1.8750000000000000e+00  -4.3750000000000000e+00   0.0000000000000000e+00 112 -1 #xyz tv2 fid bid
           1.8750000000000000e+00  -5.0000000000000000e+00   0.0000000000000000e+00 #xyz tv0
           1.2500000000000000e+00  -5.0000000000000000e+00   0.0000000000000000e+00 #xyz tv1
           1.8750000000000000e+00  -4.3750000000000000e+00   0.0000000000000000e+00 8 -1 #xyz tv2 fid bid
           1.8750000000000000e+00  -5.0000000000000000e+00   0.0000000000000000e+00 #xyz tv0
           1.2500000000000000e+00  -5.0000000000000000e+00   0.0000000000000000e+00 #xyz tv1
           1.8750000000000000e+00  -4.3750000000000000e+00   0.0000000000000000e+00 76 -1 #xyz tv2 fid bid
           1.8750000000000000e+00  -5.0000000000000000e+00   0.0000000000000000e+00 #xyz tv0
           1.2500000000000000e+00  -5.0000000000000000e+00   0.0000000000000000e+00 #xyz tv1
           1.8750000000000000e+00  -4.3750000000000000e+00   0.0000000000000000e+00 112 -1 #xyz tv2 fid bid
           1.8750000000000000e+00  -5.0000000000000000e+00   0.0000000000000000e+00 #xyz ev0
           1.8750000000000000e+00  -4.3750000000000000e+00   0.0000000000000000e+00 -1 6 #xyz ev1 fid bid
   0   0.000000000000e+00   0.000000000000e+00   0.000000000000e+00 #flag location
END_ERR 
G3dErrFileVersion 2025R1
FlagFileMetaData Begin
   Mesh Size - Setup1, Refinement, Pass #2, Freq. 1.100000e+10 :Title    
   Listing of mesh elements with poor quality. :ToolTip  
   hf3d :Author   
   1779015670 :TimeStamp
   mm :UnitName 
   1.0000000000000000e-03 :UnitConv
FlagFileMetaData End
BEGIN_ERR 
26 Small mesh segment detected on body : Substrate
 Small mesh segment detected on body : Substrate 
 Segment Statistics - Number of Segments : 1 --- Segment length(s) : 0.625000mm. The cutoff frequency for S-Matrix Only Solve is 18.142850278383MHz 
4 -1  8  76  112  # nfids, fids[]
2 6  -1  # nbids, bids[]
      5 6 1 0 #ntets ntri ned npts
           1.8750000000000000e+00  -5.0000000000000000e+00   9.5250000000000001e-02 #xyz tv0
           1.8750000000000000e+00  -4.3750000000000000e+00   0.0000000000000000e+00 #xyz tv1
           1.8750000000000000e+00  -5.0000000000000000e+00   0.0000000000000000e+00 #xyz tv2
           2.5000000000000000e+00  -5.0000000000000000e+00   0.0000000000000000e+00 -1 6 #xyz tv3 fid bid
           1.8750000000000000e+00  -5.0000000000000000e+00   9.5250000000000001e-02 #xyz tv0
           1.8750000000000000e+00  -5.0000000000000000e+00   0.0000000000000000e+00 #xyz tv1
           1.8750000000000000e+00  -4.3750000000000000e+00   0.0000000000000000e+00 #xyz tv2
           1.2500000000000000e+00  -5.0000000000000000e+00   1.9050000000000000e-01 -1 6 #xyz tv3 fid bid
           1.8750000000000000e+00  -5.0000000000000000e+00   0.0000000000000000e+00 #xyz tv0
           1.8750000000000000e+00  -4.3750000000000000e+00   0.0000000000000000e+00 #xyz tv1
           2.3969359778781798e+00  -3.5058521591754808e+00  -1.3499649935617095e+00 #xyz tv2
           2.5000000000000000e+00  -5.0000000000000000e+00   0.0000000000000000e+00 -1 6 #xyz tv3 fid bid
           1.8750000000000000e+00  -5.0000000000000000e+00   0.0000000000000000e+00 #xyz tv0
           1.8750000000000000e+00  -4.3750000000000000e+00   0.0000000000000000e+00 #xyz tv1
           1.2500000000000000e+00  -5.0000000000000000e+00   1.9050000000000000e-01 #xyz tv2
           1.2500000000000000e+00  -5.0000000000000000e+00   0.0000000000000000e+00 -1 6 #xyz tv3 fid bid
           1.8750000000000000e+00  -5.0000000000000000e+00   0.0000000000000000e+00 #xyz tv0
           2.3969359778781798e+00  -3.5058521591754808e+00  -1.3499649935617095e+00 #xyz tv1
           1.8750000000000000e+00  -4.3750000000000000e+00   0.0000000000000000e+00 #xyz tv2
           1.2500000000000000e+00  -5.0000000000000000e+00   0.0000000000000000e+00 -1 6 #xyz tv3 fid bid
           2.5000000000000000e+00  -5.0000000000000000e+00   0.0000000000000000e+00 #xyz tv0
           1.8750000000000000e+00  -5.0000000000000000e+00   0.0000000000000000e+00 #xyz tv1
           1.8750000000000000e+00  -4.3750000000000000e+00   0.0000000000000000e+00 8 -1 #xyz tv2 fid bid
           2.5000000000000000e+00  -5.0000000000000000e+00   0.0000000000000000e+00 #xyz tv0
           1.8750000000000000e+00  -5.0000000000000000e+00   0.0000000000000000e+00 #xyz tv1
           1.8750000000000000e+00  -4.3750000000000000e+00   0.0000000000000000e+00 76 -1 #xyz tv2 fid bid
           2.5000000000000000e+00  -5.0000000000000000e+00   0.0000000000000000e+00 #xyz tv0
           1.8750000000000000e+00  -5.0000000000000000e+00   0.0000000000000000e+00 #xyz tv1
           1.8750000000000000e+00  -4.3750000000000000e+00   0.0000000000000000e+00 112 -1 #xyz tv2 fid bid
           1.8750000000000000e+00  -5.0000000000000000e+00   0.0000000000000000e+00 #xyz tv0
           1.2500000000000000e+00  -5.0000000000000000e+00   0.0000000000000000e+00 #xyz tv1
           1.8750000000000000e+00  -4.3750000000000000e+00   0.0000000000000000e+00 8 -1 #xyz tv2 fid bid
           1.8750000000000000e+00  -5.0000000000000000e+00   0.0000000000000000e+00 #xyz tv0
           1.2500000000000000e+00  -5.0000000000000000e+00   0.0000000000000000e+00 #xyz tv1
           1.8750000000000000e+00  -4.3750000000000000e+00   0.0000000000000000e+00 76 -1 #xyz tv2 fid bid
           1.8750000000000000e+00  -5.0000000000000000e+00   0.0000000000000000e+00 #xyz tv0
           1.2500000000000000e+00  -5.0000000000000000e+00   0.0000000000000000e+00 #xyz tv1
           1.8750000000000000e+00  -4.3750000000000000e+00   0.0000000000000000e+00 112 -1 #xyz tv2 fid bid
           1.8750000000000000e+00  -5.0000000000000000e+00   0.0000000000000000e+00 #xyz ev0
           1.8750000000000000e+00  -4.3750000000000000e+00   0.0000000000000000e+00 -1 6 #xyz ev1 fid bid
   0   0.000000000000e+00   0.000000000000e+00   0.000000000000e+00 #flag location
END_ERR 
G3dErrFileVersion 2025R1
FlagFileMetaData Begin
   Mesh Size - Setup1, Refinement, Pass #3, Freq. 1.100000e+10 :Title    
   Listing of mesh elements with poor quality. :ToolTip  
   hf3d :Author   
   1779015678 :TimeStamp
   mm :UnitName 
   1.0000000000000000e-03 :UnitConv
FlagFileMetaData End
BEGIN_ERR 
26 Small mesh segment detected on body : Substrate
 Small mesh segment detected on body : Substrate 
 Segment Statistics - Number of Segments : 1 --- Segment length(s) : 0.625000mm. The cutoff frequency for S-Matrix Only Solve is 18.142850278383MHz 
4 -1  8  76  112  # nfids, fids[]
2 6  -1  # nbids, bids[]
      5 6 1 0 #ntets ntri ned npts
           1.8750000000000000e+00  -5.0000000000000000e+00   9.5250000000000001e-02 #xyz tv0
           1.8750000000000000e+00  -4.3750000000000000e+00   0.0000000000000000e+00 #xyz tv1
           1.8750000000000000e+00  -5.0000000000000000e+00   0.0000000000000000e+00 #xyz tv2
           2.5000000000000000e+00  -5.0000000000000000e+00   0.0000000000000000e+00 -1 6 #xyz tv3 fid bid
           1.8750000000000000e+00  -5.0000000000000000e+00   9.5250000000000001e-02 #xyz tv0
           1.8750000000000000e+00  -5.0000000000000000e+00   0.0000000000000000e+00 #xyz tv1
           1.8750000000000000e+00  -4.3750000000000000e+00   0.0000000000000000e+00 #xyz tv2
           1.2500000000000000e+00  -5.0000000000000000e+00   1.9050000000000000e-01 -1 6 #xyz tv3 fid bid
           1.8750000000000000e+00  -5.0000000000000000e+00   0.0000000000000000e+00 #xyz tv0
           1.8750000000000000e+00  -4.3750000000000000e+00   0.0000000000000000e+00 #xyz tv1
           2.3969359778781798e+00  -3.5058521591754808e+00  -1.3499649935617095e+00 #xyz tv2
           2.5000000000000000e+00  -5.0000000000000000e+00   0.0000000000000000e+00 -1 6 #xyz tv3 fid bid
           1.8750000000000000e+00  -5.0000000000000000e+00   0.0000000000000000e+00 #xyz tv0
           1.8750000000000000e+00  -4.3750000000000000e+00   0.0000000000000000e+00 #xyz tv1
           1.2500000000000000e+00  -5.0000000000000000e+00   1.9050000000000000e-01 #xyz tv2
           1.2500000000000000e+00  -5.0000000000000000e+00   0.0000000000000000e+00 -1 6 #xyz tv3 fid bid
           1.8750000000000000e+00  -5.0000000000000000e+00   0.0000000000000000e+00 #xyz tv0
           2.3969359778781798e+00  -3.5058521591754808e+00  -1.3499649935617095e+00 #xyz tv1
           1.8750000000000000e+00  -4.3750000000000000e+00   0.0000000000000000e+00 #xyz tv2
           1.2500000000000000e+00  -5.0000000000000000e+00   0.0000000000000000e+00 -1 6 #xyz tv3 fid bid
           2.5000000000000000e+00  -5.0000000000000000e+00   0.0000000000000000e+00 #xyz tv0
           1.8750000000000000e+00  -5.0000000000000000e+00   0.0000000000000000e+00 #xyz tv1
           1.8750000000000000e+00  -4.3750000000000000e+00   0.0000000000000000e+00 8 -1 #xyz tv2 fid bid
           2.5000000000000000e+00  -5.0000000000000000e+00   0.0000000000000000e+00 #xyz tv0
           1.8750000000000000e+00  -5.0000000000000000e+00   0.0000000000000000e+00 #xyz tv1
           1.8750000000000000e+00  -4.3750000000000000e+00   0.0000000000000000e+00 76 -1 #xyz tv2 fid bid
           2.5000000000000000e+00  -5.0000000000000000e+00   0.0000000000000000e+00 #xyz tv0
           1.8750000000000000e+00  -5.0000000000000000e+00   0.0000000000000000e+00 #xyz tv1
           1.8750000000000000e+00  -4.3750000000000000e+00   0.0000000000000000e+00 112 -1 #xyz tv2 fid bid
           1.8750000000000000e+00  -5.0000000000000000e+00   0.0000000000000000e+00 #xyz tv0
           1.2500000000000000e+00  -5.0000000000000000e+00   0.0000000000000000e+00 #xyz tv1
           1.8750000000000000e+00  -4.3750000000000000e+00   0.0000000000000000e+00 8 -1 #xyz tv2 fid bid
           1.8750000000000000e+00  -5.0000000000000000e+00   0.0000000000000000e+00 #xyz tv0
           1.2500000000000000e+00  -5.0000000000000000e+00   0.0000000000000000e+00 #xyz tv1
           1.8750000000000000e+00  -4.3750000000000000e+00   0.0000000000000000e+00 76 -1 #xyz tv2 fid bid
           1.8750000000000000e+00  -5.0000000000000000e+00   0.0000000000000000e+00 #xyz tv0
           1.2500000000000000e+00  -5.0000000000000000e+00   0.0000000000000000e+00 #xyz tv1
           1.8750000000000000e+00  -4.3750000000000000e+00   0.0000000000000000e+00 112 -1 #xyz tv2 fid bid
           1.8750000000000000e+00  -5.0000000000000000e+00   0.0000000000000000e+00 #xyz ev0
           1.8750000000000000e+00  -4.3750000000000000e+00   0.0000000000000000e+00 -1 6 #xyz ev1 fid bid
   0   0.000000000000e+00   0.000000000000e+00   0.000000000000e+00 #flag location
END_ERR 
BEGIN_ERR 
26 Small mesh segment detected on body : Substrate
 Small mesh segment detected on body : Substrate 
 Segment Statistics - Number of Segments : 1 --- Segment length(s) : 0.625000mm. The cutoff frequency for S-Matrix Only Solve is 18.142850278383MHz 
4 -1  8  76  112  # nfids, fids[]
2 6  -1  # nbids, bids[]
      5 6 1 0 #ntets ntri ned npts
           5.0000000000000000e+00   1.8750000000000000e+00   9.5250000000000001e-02 #xyz tv0
           4.3750000000000000e+00   1.8750000000000000e+00   0.0000000000000000e+00 #xyz tv1
           5.0000000000000000e+00   1.8750000000000000e+00   0.0000000000000000e+00 #xyz tv2
           5.0000000000000000e+00   2.5000000000000000e+00   0.0000000000000000e+00 -1 6 #xyz tv3 fid bid
           5.0000000000000000e+00   1.8750000000000000e+00   9.5250000000000001e-02 #xyz tv0
           5.0000000000000000e+00   1.8750000000000000e+00   0.0000000000000000e+00 #xyz tv1
           4.3750000000000000e+00   1.8750000000000000e+00   0.0000000000000000e+00 #xyz tv2
           5.0000000000000000e+00   1.2500000000000000e+00   1.9050000000000000e-01 -1 6 #xyz tv3 fid bid
           5.0000000000000000e+00   1.8750000000000000e+00   0.0000000000000000e+00 #xyz tv0
           4.3750000000000000e+00   1.8750000000000000e+00   0.0000000000000000e+00 #xyz tv1
           4.1213793733832489e+00   2.1028979226895506e+00  -1.1785840265446903e+00 #xyz tv2
           5.0000000000000000e+00   2.5000000000000000e+00   0.0000000000000000e+00 -1 6 #xyz tv3 fid bid
           5.0000000000000000e+00   1.8750000000000000e+00   0.0000000000000000e+00 #xyz tv0
           4.3750000000000000e+00   1.8750000000000000e+00   0.0000000000000000e+00 #xyz tv1
           5.0000000000000000e+00   1.2500000000000000e+00   1.9050000000000000e-01 #xyz tv2
           5.0000000000000000e+00   1.2500000000000000e+00   0.0000000000000000e+00 -1 6 #xyz tv3 fid bid
           5.0000000000000000e+00   1.8750000000000000e+00   0.0000000000000000e+00 #xyz tv0
           4.1213793733832489e+00   2.1028979226895506e+00  -1.1785840265446903e+00 #xyz tv1
           4.3750000000000000e+00   1.8750000000000000e+00   0.0000000000000000e+00 #xyz tv2
           5.0000000000000000e+00   1.2500000000000000e+00   0.0000000000000000e+00 -1 6 #xyz tv3 fid bid
           5.0000000000000000e+00   2.5000000000000000e+00   0.0000000000000000e+00 #xyz tv0
           5.0000000000000000e+00   1.8750000000000000e+00   0.0000000000000000e+00 #xyz tv1
           4.3750000000000000e+00   1.8750000000000000e+00   0.0000000000000000e+00 8 -1 #xyz tv2 fid bid
           5.0000000000000000e+00   2.5000000000000000e+00   0.0000000000000000e+00 #xyz tv0
           5.0000000000000000e+00   1.8750000000000000e+00   0.0000000000000000e+00 #xyz tv1
           4.3750000000000000e+00   1.8750000000000000e+00   0.0000000000000000e+00 76 -1 #xyz tv2 fid bid
           5.0000000000000000e+00   2.5000000000000000e+00   0.0000000000000000e+00 #xyz tv0
           5.0000000000000000e+00   1.8750000000000000e+00   0.0000000000000000e+00 #xyz tv1
           4.3750000000000000e+00   1.8750000000000000e+00   0.0000000000000000e+00 112 -1 #xyz tv2 fid bid
           5.0000000000000000e+00   1.8750000000000000e+00   0.0000000000000000e+00 #xyz tv0
           5.0000000000000000e+00   1.2500000000000000e+00   0.0000000000000000e+00 #xyz tv1
           4.3750000000000000e+00   1.8750000000000000e+00   0.0000000000000000e+00 8 -1 #xyz tv2 fid bid
           5.0000000000000000e+00   1.8750000000000000e+00   0.0000000000000000e+00 #xyz tv0
           5.0000000000000000e+00   1.2500000000000000e+00   0.0000000000000000e+00 #xyz tv1
           4.3750000000000000e+00   1.8750000000000000e+00   0.0000000000000000e+00 76 -1 #xyz tv2 fid bid
           5.0000000000000000e+00   1.8750000000000000e+00   0.0000000000000000e+00 #xyz tv0
           5.0000000000000000e+00   1.2500000000000000e+00   0.0000000000000000e+00 #xyz tv1
           4.3750000000000000e+00   1.8750000000000000e+00   0.0000000000000000e+00 112 -1 #xyz tv2 fid bid
           5.0000000000000000e+00   1.8750000000000000e+00   0.0000000000000000e+00 #xyz ev0
           4.3750000000000000e+00   1.8750000000000000e+00   0.0000000000000000e+00 -1 6 #xyz ev1 fid bid
   0   0.000000000000e+00   0.000000000000e+00   0.000000000000e+00 #flag location
END_ERR 
G3dErrFileVersion 2025R1
FlagFileMetaData Begin
   Mesh Size - Setup1, Refinement, Pass #4, Freq. 1.100000e+10 :Title    
   Listing of mesh elements with poor quality. :ToolTip  
   hf3d :Author   
   1779015688 :TimeStamp
   mm :UnitName 
   1.0000000000000000e-03 :UnitConv
FlagFileMetaData End
BEGIN_ERR 
26 Small mesh segment detected on body : Substrate
 Small mesh segment detected on body : Substrate 
 Segment Statistics - Number of Segments : 1 --- Segment length(s) : 0.094000mm. The cutoff frequency for S-Matrix Only Solve is 18.142850278383MHz 
1 -1  # nfids, fids[]
1 6  # nbids, bids[]
      5 0 1 0 #ntets ntri ned npts
           4.9064430942105547e-01   2.5793219859758882e+00   1.3980914531022481e+00 #xyz tv0
           7.3166296989917123e-01   2.5696041628284476e+00   1.2992465598589926e+00 #xyz tv1
           5.7220975836292498e-01   2.5617660012098953e+00   1.4413918859448340e+00 #xyz tv2
           5.6337927388115916e-01   2.7191908490684784e+00   1.3856344411362622e+00 -1 6 #xyz tv3 fid bid
           4.9064430942105547e-01   2.5793219859758882e+00   1.3980914531022481e+00 #xyz tv0
           5.7220975836292498e-01   2.5617660012098953e+00   1.4413918859448340e+00 #xyz tv1
           7.3166296989917123e-01   2.5696041628284476e+00   1.2992465598589926e+00 #xyz tv2
           5.4308085347008961e-01   2.4409353767603790e+00   1.3039047291663910e+00 -1 6 #xyz tv3 fid bid
           4.9064430942105547e-01   2.5793219859758882e+00   1.3980914531022481e+00 #xyz tv0
           5.7220975836292498e-01   2.5617660012098953e+00   1.4413918859448340e+00 #xyz tv1
           4.5762260354648354e-01   2.5516070375721820e+00   1.5240000000000000e+00 #xyz tv2
           5.6337927388115916e-01   2.7191908490684784e+00   1.3856344411362622e+00 -1 6 #xyz tv3 fid bid
           4.9064430942105547e-01   2.5793219859758882e+00   1.3980914531022481e+00 #xyz tv0
           5.7220975836292498e-01   2.5617660012098953e+00   1.4413918859448340e+00 #xyz tv1
           5.4308085347008961e-01   2.4409353767603790e+00   1.3039047291663910e+00 #xyz tv2
           4.1790934496095172e-01   2.4394531228832967e+00   1.4105484650682341e+00 -1 6 #xyz tv3 fid bid
           4.9064430942105547e-01   2.5793219859758882e+00   1.3980914531022481e+00 #xyz tv0
           4.5762260354648354e-01   2.5516070375721820e+00   1.5240000000000000e+00 #xyz tv1
           5.7220975836292498e-01   2.5617660012098953e+00   1.4413918859448340e+00 #xyz tv2
           4.1790934496095172e-01   2.4394531228832967e+00   1.4105484650682341e+00 -1 6 #xyz tv3 fid bid
           4.9064430942105547e-01   2.5793219859758882e+00   1.3980914531022481e+00 #xyz ev0
           5.7220975836292498e-01   2.5617660012098953e+00   1.4413918859448340e+00 -1 6 #xyz ev1 fid bid
   0   0.000000000000e+00   0.000000000000e+00   0.000000000000e+00 #flag location
END_ERR 
BEGIN_ERR 
26 Small mesh segment detected on body : Substrate
 Small mesh segment detected on body : Substrate 
 Segment Statistics - Number of Segments : 1 --- Segment length(s) : 0.625000mm. The cutoff frequency for S-Matrix Only Solve is 18.142850278383MHz 
4 -1  8  76  112  # nfids, fids[]
2 6  -1  # nbids, bids[]
      5 6 1 0 #ntets ntri ned npts
           5.0000000000000000e+00   1.8750000000000000e+00   9.5250000000000001e-02 #xyz tv0
           4.3750000000000000e+00   1.8750000000000000e+00   0.0000000000000000e+00 #xyz tv1
           5.0000000000000000e+00   1.8750000000000000e+00   0.0000000000000000e+00 #xyz tv2
           5.0000000000000000e+00   2.5000000000000000e+00   0.0000000000000000e+00 -1 6 #xyz tv3 fid bid
           5.0000000000000000e+00   1.8750000000000000e+00   9.5250000000000001e-02 #xyz tv0
           5.0000000000000000e+00   1.8750000000000000e+00   0.0000000000000000e+00 #xyz tv1
           4.3750000000000000e+00   1.8750000000000000e+00   0.0000000000000000e+00 #xyz tv2
           5.0000000000000000e+00   1.2500000000000000e+00   1.9050000000000000e-01 -1 6 #xyz tv3 fid bid
           5.0000000000000000e+00   1.8750000000000000e+00   0.0000000000000000e+00 #xyz tv0
           4.3750000000000000e+00   1.8750000000000000e+00   0.0000000000000000e+00 #xyz tv1
           4.1213793733832489e+00   2.1028979226895506e+00  -1.1785840265446903e+00 #xyz tv2
           5.0000000000000000e+00   2.5000000000000000e+00   0.0000000000000000e+00 -1 6 #xyz tv3 fid bid
           5.0000000000000000e+00   1.8750000000000000e+00   0.0000000000000000e+00 #xyz tv0
           4.3750000000000000e+00   1.8750000000000000e+00   0.0000000000000000e+00 #xyz tv1
           5.0000000000000000e+00   1.2500000000000000e+00   1.9050000000000000e-01 #xyz tv2
           5.0000000000000000e+00   1.2500000000000000e+00   0.0000000000000000e+00 -1 6 #xyz tv3 fid bid
           5.0000000000000000e+00   1.8750000000000000e+00   0.0000000000000000e+00 #xyz tv0
           4.1213793733832489e+00   2.1028979226895506e+00  -1.1785840265446903e+00 #xyz tv1
           4.3750000000000000e+00   1.8750000000000000e+00   0.0000000000000000e+00 #xyz tv2
           5.0000000000000000e+00   1.2500000000000000e+00   0.0000000000000000e+00 -1 6 #xyz tv3 fid bid
           5.0000000000000000e+00   2.5000000000000000e+00   0.0000000000000000e+00 #xyz tv0
           5.0000000000000000e+00   1.8750000000000000e+00   0.0000000000000000e+00 #xyz tv1
           4.3750000000000000e+00   1.8750000000000000e+00   0.0000000000000000e+00 8 -1 #xyz tv2 fid bid
           5.0000000000000000e+00   2.5000000000000000e+00   0.0000000000000000e+00 #xyz tv0
           5.0000000000000000e+00   1.8750000000000000e+00   0.0000000000000000e+00 #xyz tv1
           4.3750000000000000e+00   1.8750000000000000e+00   0.0000000000000000e+00 76 -1 #xyz tv2 fid bid
           5.0000000000000000e+00   2.5000000000000000e+00   0.0000000000000000e+00 #xyz tv0
           5.0000000000000000e+00   1.8750000000000000e+00   0.0000000000000000e+00 #xyz tv1
           4.3750000000000000e+00   1.8750000000000000e+00   0.0000000000000000e+00 112 -1 #xyz tv2 fid bid
           5.0000000000000000e+00   1.8750000000000000e+00   0.0000000000000000e+00 #xyz tv0
           5.0000000000000000e+00   1.2500000000000000e+00   0.0000000000000000e+00 #xyz tv1
           4.3750000000000000e+00   1.8750000000000000e+00   0.0000000000000000e+00 8 -1 #xyz tv2 fid bid
           5.0000000000000000e+00   1.8750000000000000e+00   0.0000000000000000e+00 #xyz tv0
           5.0000000000000000e+00   1.2500000000000000e+00   0.0000000000000000e+00 #xyz tv1
           4.3750000000000000e+00   1.8750000000000000e+00   0.0000000000000000e+00 76 -1 #xyz tv2 fid bid
           5.0000000000000000e+00   1.8750000000000000e+00   0.0000000000000000e+00 #xyz tv0
           5.0000000000000000e+00   1.2500000000000000e+00   0.0000000000000000e+00 #xyz tv1
           4.3750000000000000e+00   1.8750000000000000e+00   0.0000000000000000e+00 112 -1 #xyz tv2 fid bid
           5.0000000000000000e+00   1.8750000000000000e+00   0.0000000000000000e+00 #xyz ev0
           4.3750000000000000e+00   1.8750000000000000e+00   0.0000000000000000e+00 -1 6 #xyz ev1 fid bid
   0   0.000000000000e+00   0.000000000000e+00   0.000000000000e+00 #flag location
END_ERR 
BEGIN_ERR 
26 Small mesh segment detected on body : Substrate
 Small mesh segment detected on body : Substrate 
 Segment Statistics - Number of Segments : 1 --- Segment length(s) : 0.625000mm. The cutoff frequency for S-Matrix Only Solve is 18.142850278383MHz 
4 -1  8  76  112  # nfids, fids[]
2 6  -1  # nbids, bids[]
      5 6 1 0 #ntets ntri ned npts
          -1.2500000000000000e+00  -4.3750000000000000e+00   0.0000000000000000e+00 #xyz tv0
          -6.5704342092113222e-01  -4.4774976036618721e+00   3.4248580408287865e-01 #xyz tv1
          -1.2500000000000000e+00  -5.0000000000000000e+00   0.0000000000000000e+00 #xyz tv2
          -1.2500000000000000e+00  -5.0000000000000000e+00   1.9050000000000000e-01 -1 6 #xyz tv3 fid bid
          -6.2500000000000000e-01  -4.3750000000000000e+00   0.0000000000000000e+00 #xyz tv0
          -1.8337262802926385e-01  -5.5000000000000000e+00  -1.7855073372282164e+00 #xyz tv1
          -1.2500000000000000e+00  -4.3750000000000000e+00   0.0000000000000000e+00 #xyz tv2
          -1.2500000000000000e+00  -5.0000000000000000e+00   0.0000000000000000e+00 -1 6 #xyz tv3 fid bid
          -1.2500000000000000e+00  -4.3750000000000000e+00   0.0000000000000000e+00 #xyz tv0
          -1.2500000000000000e+00  -5.0000000000000000e+00   0.0000000000000000e+00 #xyz tv1
          -6.5704342092113222e-01  -4.4774976036618721e+00   3.4248580408287865e-01 #xyz tv2
          -6.2500000000000000e-01  -4.3750000000000000e+00   0.0000000000000000e+00 -1 6 #xyz tv3 fid bid
          -1.2500000000000000e+00  -4.3750000000000000e+00   0.0000000000000000e+00 #xyz tv0
          -1.8750000000000000e+00  -4.3750000000000000e+00   0.0000000000000000e+00 #xyz tv1
          -1.2500000000000000e+00  -5.0000000000000000e+00   1.9050000000000000e-01 #xyz tv2
          -1.2500000000000000e+00  -5.0000000000000000e+00   0.0000000000000000e+00 -1 6 #xyz tv3 fid bid
          -1.8337262802926385e-01  -5.5000000000000000e+00  -1.7855073372282164e+00 #xyz tv0
          -1.8750000000000000e+00  -4.3750000000000000e+00   0.0000000000000000e+00 #xyz tv1
          -1.2500000000000000e+00  -4.3750000000000000e+00   0.0000000000000000e+00 #xyz tv2
          -1.2500000000000000e+00  -5.0000000000000000e+00   0.0000000000000000e+00 -1 6 #xyz tv3 fid bid
          -1.2500000000000000e+00  -5.0000000000000000e+00   0.0000000000000000e+00 #xyz tv0
          -1.2500000000000000e+00  -4.3750000000000000e+00   0.0000000000000000e+00 #xyz tv1
          -6.2500000000000000e-01  -4.3750000000000000e+00   0.0000000000000000e+00 8 -1 #xyz tv2 fid bid
          -1.2500000000000000e+00  -5.0000000000000000e+00   0.0000000000000000e+00 #xyz tv0
          -1.2500000000000000e+00  -4.3750000000000000e+00   0.0000000000000000e+00 #xyz tv1
          -6.2500000000000000e-01  -4.3750000000000000e+00   0.0000000000000000e+00 76 -1 #xyz tv2 fid bid
          -1.2500000000000000e+00  -5.0000000000000000e+00   0.0000000000000000e+00 #xyz tv0
          -1.2500000000000000e+00  -4.3750000000000000e+00   0.0000000000000000e+00 #xyz tv1
          -6.2500000000000000e-01  -4.3750000000000000e+00   0.0000000000000000e+00 112 -1 #xyz tv2 fid bid
          -1.2500000000000000e+00  -4.3750000000000000e+00   0.0000000000000000e+00 #xyz tv0
          -1.2500000000000000e+00  -5.0000000000000000e+00   0.0000000000000000e+00 #xyz tv1
          -1.8750000000000000e+00  -4.3750000000000000e+00   0.0000000000000000e+00 8 -1 #xyz tv2 fid bid
          -1.2500000000000000e+00  -4.3750000000000000e+00   0.0000000000000000e+00 #xyz tv0
          -1.2500000000000000e+00  -5.0000000000000000e+00   0.0000000000000000e+00 #xyz tv1
          -1.8750000000000000e+00  -4.3750000000000000e+00   0.0000000000000000e+00 76 -1 #xyz tv2 fid bid
          -1.2500000000000000e+00  -4.3750000000000000e+00   0.0000000000000000e+00 #xyz tv0
          -1.2500000000000000e+00  -5.0000000000000000e+00   0.0000000000000000e+00 #xyz tv1
          -1.8750000000000000e+00  -4.3750000000000000e+00   0.0000000000000000e+00 112 -1 #xyz tv2 fid bid
          -1.2500000000000000e+00  -5.0000000000000000e+00   0.0000000000000000e+00 #xyz ev0
          -1.2500000000000000e+00  -4.3750000000000000e+00   0.0000000000000000e+00 -1 6 #xyz ev1 fid bid
   0   0.000000000000e+00   0.000000000000e+00   0.000000000000e+00 #flag location
END_ERR 
G3dErrFileVersion 2025R1
FlagFileMetaData Begin
   Mesh Size - Setup1, Refinement, Pass #5, Freq. 1.100000e+10 :Title    
   Listing of mesh elements with poor quality. :ToolTip  
   hf3d :Author   
   1779015696 :TimeStamp
   mm :UnitName 
   1.0000000000000000e-03 :UnitConv
FlagFileMetaData End
BEGIN_ERR 
26 Small mesh segment detected on body : Substrate
 Small mesh segment detected on body : Substrate 
 Segment Statistics - Number of Segments : 1 --- Segment length(s) : 0.062494mm. The cutoff frequency for S-Matrix Only Solve is 18.142850278383MHz 
1 -1  # nfids, fids[]
1 6  # nbids, bids[]
      5 0 1 0 #ntets ntri ned npts
          -2.5307929630299100e+00   9.0458966882037273e-01   1.4644838373309079e+00 #xyz tv0
          -2.5366813141402451e+00   9.2271863278261979e-01   1.5240000000000000e+00 #xyz tv1
          -2.3890000000000020e+00   9.9356970214843832e-01   1.5240000000000000e+00 #xyz tv2
          -2.3890000000000020e+00   8.6554589843750063e-01   1.5240000000000000e+00 -1 6 #xyz tv3 fid bid
          -2.5307929630299100e+00   9.0458966882037273e-01   1.4644838373309079e+00 #xyz tv0
          -2.3890000000000020e+00   9.9356970214843832e-01   1.5240000000000000e+00 #xyz tv1
          -2.5366813141402451e+00   9.2271863278261979e-01   1.5240000000000000e+00 #xyz tv2
          -2.5517106935566436e+00   1.0740820736450227e+00   1.5240000000000000e+00 -1 6 #xyz tv3 fid bid
          -2.5366813141402451e+00   9.2271863278261979e-01   1.5240000000000000e+00 #xyz tv0
          -2.3890000000000020e+00   8.6554589843750063e-01   1.5240000000000000e+00 #xyz tv1
          -2.5307929630299100e+00   9.0458966882037273e-01   1.4644838373309079e+00 #xyz tv2
          -2.5549609106725621e+00   7.6893457769097040e-01   1.5240000000000000e+00 -1 6 #xyz tv3 fid bid
          -2.5366813141402451e+00   9.2271863278261979e-01   1.5240000000000000e+00 #xyz tv0
          -2.7336536259329360e+00   9.3861295853644577e-01   1.5240000000000000e+00 #xyz tv1
          -2.5307929630299100e+00   9.0458966882037273e-01   1.4644838373309079e+00 #xyz tv2
          -2.5517106935566436e+00   1.0740820736450227e+00   1.5240000000000000e+00 -1 6 #xyz tv3 fid bid
          -2.5366813141402451e+00   9.2271863278261979e-01   1.5240000000000000e+00 #xyz tv0
          -2.5307929630299100e+00   9.0458966882037273e-01   1.4644838373309079e+00 #xyz tv1
          -2.7336536259329360e+00   9.3861295853644577e-01   1.5240000000000000e+00 #xyz tv2
          -2.5549609106725621e+00   7.6893457769097040e-01   1.5240000000000000e+00 -1 6 #xyz tv3 fid bid
          -2.5307929630299100e+00   9.0458966882037273e-01   1.4644838373309079e+00 #xyz ev0
          -2.5366813141402451e+00   9.2271863278261979e-01   1.5240000000000000e+00 -1 6 #xyz ev1 fid bid
   0   0.000000000000e+00   0.000000000000e+00   0.000000000000e+00 #flag location
END_ERR 
BEGIN_ERR 
26 Small mesh segment detected on body : Substrate
 Small mesh segment detected on body : Substrate 
 Segment Statistics - Number of Segments : 1 --- Segment length(s) : 0.069239mm. The cutoff frequency for S-Matrix Only Solve is 18.142850278383MHz 
1 -1  # nfids, fids[]
1 6  # nbids, bids[]
      4 0 1 0 #ntets ntri ned npts
           2.5500193481092595e+00  -5.8543453626211228e-01   1.5240000000000000e+00 #xyz tv0
           2.7151905634777496e+00  -6.0505351423104514e-01   1.5240000000000000e+00 #xyz tv1
           2.5593182737127647e+00  -6.0353788559463828e-01   1.4578195623646242e+00 #xyz tv2
           2.5533984904278584e+00  -7.2317924031779279e-01   1.5240000000000000e+00 -1 6 #xyz tv3 fid bid
           2.5500193481092595e+00  -5.8543453626211228e-01   1.5240000000000000e+00 #xyz tv0
           2.5593182737127647e+00  -6.0353788559463828e-01   1.4578195623646242e+00 #xyz tv1
           2.7151905634777496e+00  -6.0505351423104514e-01   1.5240000000000000e+00 #xyz tv2
           2.5466402057906605e+00  -4.4768983220643188e-01   1.5240000000000000e+00 -1 6 #xyz tv3 fid bid
           2.5500193481092595e+00  -5.8543453626211228e-01   1.5240000000000000e+00 #xyz tv0
           2.5593182737127647e+00  -6.0353788559463828e-01   1.4578195623646242e+00 #xyz tv1
           2.3890000000000020e+00  -6.0496214008331362e-01   1.5240000000000000e+00 #xyz tv2
           2.5533984904278584e+00  -7.2317924031779279e-01   1.5240000000000000e+00 -1 6 #xyz tv3 fid bid
           2.5500193481092595e+00  -5.8543453626211228e-01   1.5240000000000000e+00 #xyz tv0
           2.3890000000000020e+00  -6.0496214008331362e-01   1.5240000000000000e+00 #xyz tv1
           2.5593182737127647e+00  -6.0353788559463828e-01   1.4578195623646242e+00 #xyz tv2
           2.5466402057906605e+00  -4.4768983220643188e-01   1.5240000000000000e+00 -1 6 #xyz tv3 fid bid
           2.5500193481092595e+00  -5.8543453626211228e-01   1.5240000000000000e+00 #xyz ev0
           2.5593182737127647e+00  -6.0353788559463828e-01   1.4578195623646242e+00 -1 6 #xyz ev1 fid bid
   0   0.000000000000e+00   0.000000000000e+00   0.000000000000e+00 #flag location
END_ERR 
BEGIN_ERR 
26 Small mesh segment detected on body : Substrate
 Small mesh segment detected on body : Substrate 
 Segment Statistics - Number of Segments : 1 --- Segment length(s) : 0.070908mm. The cutoff frequency for S-Matrix Only Solve is 18.142850278383MHz 
1 -1  # nfids, fids[]
1 6  # nbids, bids[]
      5 0 1 0 #ntets ntri ned npts
          -8.7169377556564420e-01   2.5522853556564185e+00   1.5240000000000000e+00 #xyz tv0
          -8.6806359230457253e-01   2.7367665413720794e+00   1.5240000000000000e+00 #xyz tv1
          -8.5539086780442819e-01   2.5532813439528477e+00   1.4549990253029677e+00 #xyz tv2
          -7.3138475640445377e-01   2.5524886787653820e+00   1.5240000000000000e+00 -1 6 #xyz tv3 fid bid
          -8.7169377556564420e-01   2.5522853556564185e+00   1.5240000000000000e+00 #xyz tv0
          -8.5539086780442819e-01   2.5532813439528477e+00   1.4549990253029677e+00 #xyz tv1
          -8.3988281250000063e-01   2.3890000000000020e+00   1.5240000000000000e+00 #xyz tv2
          -7.3138475640445377e-01   2.5524886787653820e+00   1.5240000000000000e+00 -1 6 #xyz tv3 fid bid
          -8.7169377556564420e-01   2.5522853556564185e+00   1.5240000000000000e+00 #xyz tv0
          -8.5539086780442819e-01   2.5532813439528477e+00   1.4549990253029677e+00 #xyz tv1
          -8.6806359230457253e-01   2.7367665413720794e+00   1.5240000000000000e+00 #xyz tv2
          -1.0120027947268346e+00   2.5520820325474549e+00   1.5240000000000000e+00 -1 6 #xyz tv3 fid bid
          -8.5539086780442819e-01   2.5532813439528477e+00   1.4549990253029677e+00 #xyz tv0
          -8.3988281250000063e-01   2.3890000000000020e+00   1.5240000000000000e+00 #xyz tv1
          -9.1159918854710820e-01   2.4481566129017618e+00   1.4538114630665577e+00 #xyz tv2
          -8.7169377556564420e-01   2.5522853556564185e+00   1.5240000000000000e+00 -1 6 #xyz tv3 fid bid
          -1.0120027947268346e+00   2.5520820325474549e+00   1.5240000000000000e+00 #xyz tv0
          -8.5539086780442819e-01   2.5532813439528477e+00   1.4549990253029677e+00 #xyz tv1
          -9.1159918854710820e-01   2.4481566129017618e+00   1.4538114630665577e+00 #xyz tv2
          -8.7169377556564420e-01   2.5522853556564185e+00   1.5240000000000000e+00 -1 6 #xyz tv3 fid bid
          -8.7169377556564420e-01   2.5522853556564185e+00   1.5240000000000000e+00 #xyz ev0
          -8.5539086780442819e-01   2.5532813439528477e+00   1.4549990253029677e+00 -1 6 #xyz ev1 fid bid
   0   0.000000000000e+00   0.000000000000e+00   0.000000000000e+00 #flag location
END_ERR 
BEGIN_ERR 
26 Small mesh segment detected on body : Substrate
 Small mesh segment detected on body : Substrate 
 Segment Statistics - Number of Segments : 1 --- Segment length(s) : 0.071096mm. The cutoff frequency for S-Matrix Only Solve is 18.142850278383MHz 
1 -1  # nfids, fids[]
1 6  # nbids, bids[]
      4 0 1 0 #ntets ntri ned npts
          -1.4349450716370085e+00  -2.5319435555275707e+00   1.4847430008649674e+00 #xyz tv0
          -1.4938947976866006e+00  -2.5381502340923214e+00   1.5240000000000000e+00 #xyz tv1
          -1.4952020519991143e+00  -2.6904499363773207e+00   1.5240000000000000e+00 #xyz tv2
          -1.5255765739003728e+00  -2.5273116110591589e+00   1.4454860017299347e+00 -1 6 #xyz tv3 fid bid
          -1.4349450716370085e+00  -2.5319435555275707e+00   1.4847430008649674e+00 #xyz tv0
          -1.4952020519991143e+00  -2.6904499363773207e+00   1.5240000000000000e+00 #xyz tv1
          -1.4938947976866006e+00  -2.5381502340923214e+00   1.5240000000000000e+00 #xyz tv2
          -1.3443135693736434e+00  -2.5365754999959824e+00   1.5240000000000000e+00 -1 6 #xyz tv3 fid bid
          -1.4349450716370085e+00  -2.5319435555275707e+00   1.4847430008649674e+00 #xyz tv0
          -1.4557968750000012e+00  -2.3890000000000020e+00   1.5240000000000000e+00 #xyz tv1
          -1.4938947976866006e+00  -2.5381502340923214e+00   1.5240000000000000e+00 #xyz tv2
          -1.5255765739003728e+00  -2.5273116110591589e+00   1.4454860017299347e+00 -1 6 #xyz tv3 fid bid
          -1.4349450716370085e+00  -2.5319435555275707e+00   1.4847430008649674e+00 #xyz tv0
          -1.4938947976866006e+00  -2.5381502340923214e+00   1.5240000000000000e+00 #xyz tv1
          -1.4557968750000012e+00  -2.3890000000000020e+00   1.5240000000000000e+00 #xyz tv2
          -1.3443135693736434e+00  -2.5365754999959824e+00   1.5240000000000000e+00 -1 6 #xyz tv3 fid bid
          -1.4349450716370085e+00  -2.5319435555275707e+00   1.4847430008649674e+00 #xyz ev0
          -1.4938947976866006e+00  -2.5381502340923214e+00   1.5240000000000000e+00 -1 6 #xyz ev1 fid bid
   0   0.000000000000e+00   0.000000000000e+00   0.000000000000e+00 #flag location
END_ERR 
G3dErrFileVersion 2025R1
FlagFileMetaData Begin
   Mesh Size - Setup1, Refinement, Pass #6, Freq. 1.100000e+10 :Title    
   Listing of mesh elements with poor quality. :ToolTip  
   hf3d :Author   
   1779015706 :TimeStamp
   mm :UnitName 
   1.0000000000000000e-03 :UnitConv
FlagFileMetaData End
BEGIN_ERR 
26 Small mesh segment detected on body : Substrate
 Small mesh segment detected on body : Substrate 
