G3dErrFileVersion 2025R1
FlagFileMetaData Begin
   Mesh Size - Setup1, Refinement, Pass #1, Freq. 1.000000e+10 :Title    
   Listing of mesh elements with poor quality. :ToolTip  
   hf3d :Author   
   1779613478 :TimeStamp
   mm :UnitName 
   1.0000000000000000e-03 :UnitConv
FlagFileMetaData End
BEGIN_ERR 
26 Small mesh segment detected on body : Substrate
 Small mesh segment detected on body : Substrate 
 Segment Statistics - Number of Segments : 1 --- Segment length(s) : 0.937500mm. The cutoff frequency for S-Matrix Only Solve is 18.142850278383MHz 
4 -1  8  76  112  # nfids, fids[]
2 6  -1  # nbids, bids[]
      4 6 1 0 #ntets ntri ned npts
          -9.3750000000000000e-01  -7.5000000000000000e+00   1.9050000000000000e-01 #xyz tv0
          -9.3750000000000000e-01  -6.5625000000000000e+00   0.0000000000000000e+00 #xyz tv1
          -1.8750000000000000e+00  -7.5000000000000000e+00   0.0000000000000000e+00 #xyz tv2
          -9.3750000000000000e-01  -7.5000000000000000e+00   0.0000000000000000e+00 -1 6 #xyz tv3 fid bid
          -2.0420976912356519e+00  -6.5529524779322408e+00  -2.0373511646141487e+00 #xyz tv0
          -9.3750000000000000e-01  -7.5000000000000000e+00   0.0000000000000000e+00 #xyz tv1
          -1.8750000000000000e+00  -7.5000000000000000e+00   0.0000000000000000e+00 #xyz tv2
          -9.3750000000000000e-01  -6.5625000000000000e+00   0.0000000000000000e+00 -1 6 #xyz tv3 fid bid
          -9.3750000000000000e-01  -7.5000000000000000e+00   1.9050000000000000e-01 #xyz tv0
           0.0000000000000000e+00  -7.5000000000000000e+00   0.0000000000000000e+00 #xyz tv1
          -9.3750000000000000e-01  -6.5625000000000000e+00   0.0000000000000000e+00 #xyz tv2
          -9.3750000000000000e-01  -7.5000000000000000e+00   0.0000000000000000e+00 -1 6 #xyz tv3 fid bid
          -2.0420976912356519e+00  -6.5529524779322408e+00  -2.0373511646141487e+00 #xyz tv0
           0.0000000000000000e+00  -7.5000000000000000e+00   0.0000000000000000e+00 #xyz tv1
          -9.3750000000000000e-01  -7.5000000000000000e+00   0.0000000000000000e+00 #xyz tv2
          -9.3750000000000000e-01  -6.5625000000000000e+00   0.0000000000000000e+00 -1 6 #xyz tv3 fid bid
           0.0000000000000000e+00  -7.5000000000000000e+00   0.0000000000000000e+00 #xyz tv0
          -9.3750000000000000e-01  -7.5000000000000000e+00   0.0000000000000000e+00 #xyz tv1
          -9.3750000000000000e-01  -6.5625000000000000e+00   0.0000000000000000e+00 8 -1 #xyz tv2 fid bid
           0.0000000000000000e+00  -7.5000000000000000e+00   0.0000000000000000e+00 #xyz tv0
          -9.3750000000000000e-01  -7.5000000000000000e+00   0.0000000000000000e+00 #xyz tv1
          -9.3750000000000000e-01  -6.5625000000000000e+00   0.0000000000000000e+00 76 -1 #xyz tv2 fid bid
           0.0000000000000000e+00  -7.5000000000000000e+00   0.0000000000000000e+00 #xyz tv0
          -9.3750000000000000e-01  -7.5000000000000000e+00   0.0000000000000000e+00 #xyz tv1
          -9.3750000000000000e-01  -6.5625000000000000e+00   0.0000000000000000e+00 112 -1 #xyz tv2 fid bid
          -9.3750000000000000e-01  -7.5000000000000000e+00   0.0000000000000000e+00 #xyz tv0
          -1.8750000000000000e+00  -7.5000000000000000e+00   0.0000000000000000e+00 #xyz tv1
          -9.3750000000000000e-01  -6.5625000000000000e+00   0.0000000000000000e+00 8 -1 #xyz tv2 fid bid
          -9.3750000000000000e-01  -7.5000000000000000e+00   0.0000000000000000e+00 #xyz tv0
          -1.8750000000000000e+00  -7.5000000000000000e+00   0.0000000000000000e+00 #xyz tv1
          -9.3750000000000000e-01  -6.5625000000000000e+00   0.0000000000000000e+00 76 -1 #xyz tv2 fid bid
          -9.3750000000000000e-01  -7.5000000000000000e+00   0.0000000000000000e+00 #xyz tv0
          -1.8750000000000000e+00  -7.5000000000000000e+00   0.0000000000000000e+00 #xyz tv1
          -9.3750000000000000e-01  -6.5625000000000000e+00   0.0000000000000000e+00 112 -1 #xyz tv2 fid bid
          -9.3750000000000000e-01  -7.5000000000000000e+00   0.0000000000000000e+00 #xyz ev0
          -9.3750000000000000e-01  -6.5625000000000000e+00   0.0000000000000000e+00 -1 6 #xyz ev1 fid bid
   0   0.000000000000e+00   0.000000000000e+00   0.000000000000e+00 #flag location
END_ERR 
BEGIN_ERR 
26 Small mesh segment detected on body : Substrate
 Small mesh segment detected on body : Substrate 
 Segment Statistics - Number of Segments : 1 --- Segment length(s) : 1.325825mm. The cutoff frequency for S-Matrix Only Solve is 18.142850278383MHz 
4 -1  8  76  112  # nfids, fids[]
2 6  -1  # nbids, bids[]
      5 6 1 0 #ntets ntri ned npts
          -9.3750000000000000e-01  -7.5000000000000000e+00   1.9050000000000000e-01 #xyz tv0
          -9.3750000000000000e-01  -6.5625000000000000e+00   0.0000000000000000e+00 #xyz tv1
          -1.8750000000000000e+00  -7.5000000000000000e+00   0.0000000000000000e+00 #xyz tv2
          -9.3750000000000000e-01  -7.5000000000000000e+00   0.0000000000000000e+00 -1 6 #xyz tv3 fid bid
          -9.3750000000000000e-01  -7.5000000000000000e+00   1.9050000000000000e-01 #xyz tv0
          -1.8750000000000000e+00  -7.5000000000000000e+00   0.0000000000000000e+00 #xyz tv1
          -9.3750000000000000e-01  -6.5625000000000000e+00   0.0000000000000000e+00 #xyz tv2
          -1.0005829245758744e+00  -6.6798991836245669e+00   3.9166168210127073e-01 -1 6 #xyz tv3 fid bid
          -2.0420976912356519e+00  -6.5529524779322408e+00  -2.0373511646141487e+00 #xyz tv0
          -9.3750000000000000e-01  -7.5000000000000000e+00   0.0000000000000000e+00 #xyz tv1
          -1.8750000000000000e+00  -7.5000000000000000e+00   0.0000000000000000e+00 #xyz tv2
          -9.3750000000000000e-01  -6.5625000000000000e+00   0.0000000000000000e+00 -1 6 #xyz tv3 fid bid
          -1.8750000000000000e+00  -6.5625000000000000e+00   0.0000000000000000e+00 #xyz tv0
          -1.0005829245758744e+00  -6.6798991836245669e+00   3.9166168210127073e-01 #xyz tv1
          -9.3750000000000000e-01  -6.5625000000000000e+00   0.0000000000000000e+00 #xyz tv2
          -1.8750000000000000e+00  -7.5000000000000000e+00   0.0000000000000000e+00 -1 6 #xyz tv3 fid bid
          -1.8750000000000000e+00  -6.5625000000000000e+00   0.0000000000000000e+00 #xyz tv0
          -9.3750000000000000e-01  -6.5625000000000000e+00   0.0000000000000000e+00 #xyz tv1
          -2.0420976912356519e+00  -6.5529524779322408e+00  -2.0373511646141487e+00 #xyz tv2
          -1.8750000000000000e+00  -7.5000000000000000e+00   0.0000000000000000e+00 -1 6 #xyz tv3 fid bid
          -9.3750000000000000e-01  -7.5000000000000000e+00   0.0000000000000000e+00 #xyz tv0
          -1.8750000000000000e+00  -7.5000000000000000e+00   0.0000000000000000e+00 #xyz tv1
          -9.3750000000000000e-01  -6.5625000000000000e+00   0.0000000000000000e+00 8 -1 #xyz tv2 fid bid
          -9.3750000000000000e-01  -7.5000000000000000e+00   0.0000000000000000e+00 #xyz tv0
          -1.8750000000000000e+00  -7.5000000000000000e+00   0.0000000000000000e+00 #xyz tv1
          -9.3750000000000000e-01  -6.5625000000000000e+00   0.0000000000000000e+00 76 -1 #xyz tv2 fid bid
          -9.3750000000000000e-01  -7.5000000000000000e+00   0.0000000000000000e+00 #xyz tv0
          -1.8750000000000000e+00  -7.5000000000000000e+00   0.0000000000000000e+00 #xyz tv1
          -9.3750000000000000e-01  -6.5625000000000000e+00   0.0000000000000000e+00 112 -1 #xyz tv2 fid bid
          -1.8750000000000000e+00  -7.5000000000000000e+00   0.0000000000000000e+00 #xyz tv0
          -1.8750000000000000e+00  -6.5625000000000000e+00   0.0000000000000000e+00 #xyz tv1
          -9.3750000000000000e-01  -6.5625000000000000e+00   0.0000000000000000e+00 8 -1 #xyz tv2 fid bid
          -1.8750000000000000e+00  -7.5000000000000000e+00   0.0000000000000000e+00 #xyz tv0
          -1.8750000000000000e+00  -6.5625000000000000e+00   0.0000000000000000e+00 #xyz tv1
          -9.3750000000000000e-01  -6.5625000000000000e+00   0.0000000000000000e+00 76 -1 #xyz tv2 fid bid
          -1.8750000000000000e+00  -7.5000000000000000e+00   0.0000000000000000e+00 #xyz tv0
          -1.8750000000000000e+00  -6.5625000000000000e+00   0.0000000000000000e+00 #xyz tv1
          -9.3750000000000000e-01  -6.5625000000000000e+00   0.0000000000000000e+00 112 -1 #xyz tv2 fid bid
          -1.8750000000000000e+00  -7.5000000000000000e+00   0.0000000000000000e+00 #xyz ev0
          -9.3750000000000000e-01  -6.5625000000000000e+00   0.0000000000000000e+00 -1 6 #xyz ev1 fid bid
   0   0.000000000000e+00   0.000000000000e+00   0.000000000000e+00 #flag location
END_ERR 
G3dErrFileVersion 2025R1
FlagFileMetaData Begin
   Mesh Size - Setup1, Refinement, Pass #2, Freq. 1.000000e+10 :Title    
   Listing of mesh elements with poor quality. :ToolTip  
   hf3d :Author   
   1779613482 :TimeStamp
   mm :UnitName 
   1.0000000000000000e-03 :UnitConv
FlagFileMetaData End
BEGIN_ERR 
26 Small mesh segment detected on body : Substrate
 Small mesh segment detected on body : Substrate 
 Segment Statistics - Number of Segments : 1 --- Segment length(s) : 0.937500mm. The cutoff frequency for S-Matrix Only Solve is 18.142850278383MHz 
4 -1  8  76  112  # nfids, fids[]
2 6  -1  # nbids, bids[]
      4 6 1 0 #ntets ntri ned npts
          -9.3750000000000000e-01  -7.5000000000000000e+00   1.9050000000000000e-01 #xyz tv0
          -9.3750000000000000e-01  -6.5625000000000000e+00   0.0000000000000000e+00 #xyz tv1
          -1.8750000000000000e+00  -7.5000000000000000e+00   0.0000000000000000e+00 #xyz tv2
          -9.3750000000000000e-01  -7.5000000000000000e+00   0.0000000000000000e+00 -1 6 #xyz tv3 fid bid
          -2.0420976912356519e+00  -6.5529524779322408e+00  -2.0373511646141487e+00 #xyz tv0
          -9.3750000000000000e-01  -7.5000000000000000e+00   0.0000000000000000e+00 #xyz tv1
          -1.8750000000000000e+00  -7.5000000000000000e+00   0.0000000000000000e+00 #xyz tv2
          -9.3750000000000000e-01  -6.5625000000000000e+00   0.0000000000000000e+00 -1 6 #xyz tv3 fid bid
          -9.3750000000000000e-01  -7.5000000000000000e+00   1.9050000000000000e-01 #xyz tv0
           0.0000000000000000e+00  -7.5000000000000000e+00   0.0000000000000000e+00 #xyz tv1
          -9.3750000000000000e-01  -6.5625000000000000e+00   0.0000000000000000e+00 #xyz tv2
          -9.3750000000000000e-01  -7.5000000000000000e+00   0.0000000000000000e+00 -1 6 #xyz tv3 fid bid
          -2.0420976912356519e+00  -6.5529524779322408e+00  -2.0373511646141487e+00 #xyz tv0
           0.0000000000000000e+00  -7.5000000000000000e+00   0.0000000000000000e+00 #xyz tv1
          -9.3750000000000000e-01  -7.5000000000000000e+00   0.0000000000000000e+00 #xyz tv2
          -9.3750000000000000e-01  -6.5625000000000000e+00   0.0000000000000000e+00 -1 6 #xyz tv3 fid bid
           0.0000000000000000e+00  -7.5000000000000000e+00   0.0000000000000000e+00 #xyz tv0
          -9.3750000000000000e-01  -7.5000000000000000e+00   0.0000000000000000e+00 #xyz tv1
          -9.3750000000000000e-01  -6.5625000000000000e+00   0.0000000000000000e+00 8 -1 #xyz tv2 fid bid
           0.0000000000000000e+00  -7.5000000000000000e+00   0.0000000000000000e+00 #xyz tv0
          -9.3750000000000000e-01  -7.5000000000000000e+00   0.0000000000000000e+00 #xyz tv1
          -9.3750000000000000e-01  -6.5625000000000000e+00   0.0000000000000000e+00 76 -1 #xyz tv2 fid bid
           0.0000000000000000e+00  -7.5000000000000000e+00   0.0000000000000000e+00 #xyz tv0
          -9.3750000000000000e-01  -7.5000000000000000e+00   0.0000000000000000e+00 #xyz tv1
          -9.3750000000000000e-01  -6.5625000000000000e+00   0.0000000000000000e+00 112 -1 #xyz tv2 fid bid
          -9.3750000000000000e-01  -7.5000000000000000e+00   0.0000000000000000e+00 #xyz tv0
          -1.8750000000000000e+00  -7.5000000000000000e+00   0.0000000000000000e+00 #xyz tv1
          -9.3750000000000000e-01  -6.5625000000000000e+00   0.0000000000000000e+00 8 -1 #xyz tv2 fid bid
          -9.3750000000000000e-01  -7.5000000000000000e+00   0.0000000000000000e+00 #xyz tv0
          -1.8750000000000000e+00  -7.5000000000000000e+00   0.0000000000000000e+00 #xyz tv1
          -9.3750000000000000e-01  -6.5625000000000000e+00   0.0000000000000000e+00 76 -1 #xyz tv2 fid bid
          -9.3750000000000000e-01  -7.5000000000000000e+00   0.0000000000000000e+00 #xyz tv0
          -1.8750000000000000e+00  -7.5000000000000000e+00   0.0000000000000000e+00 #xyz tv1
          -9.3750000000000000e-01  -6.5625000000000000e+00   0.0000000000000000e+00 112 -1 #xyz tv2 fid bid
          -9.3750000000000000e-01  -7.5000000000000000e+00   0.0000000000000000e+00 #xyz ev0
          -9.3750000000000000e-01  -6.5625000000000000e+00   0.0000000000000000e+00 -1 6 #xyz ev1 fid bid
   0   0.000000000000e+00   0.000000000000e+00   0.000000000000e+00 #flag location
END_ERR 
BEGIN_ERR 
26 Small mesh segment detected on body : Substrate
 Small mesh segment detected on body : Substrate 
 Segment Statistics - Number of Segments : 1 --- Segment length(s) : 1.325825mm. The cutoff frequency for S-Matrix Only Solve is 18.142850278383MHz 
4 -1  8  76  112  # nfids, fids[]
2 6  -1  # nbids, bids[]
      5 6 1 0 #ntets ntri ned npts
          -9.3750000000000000e-01  -7.5000000000000000e+00   1.9050000000000000e-01 #xyz tv0
          -9.3750000000000000e-01  -6.5625000000000000e+00   0.0000000000000000e+00 #xyz tv1
          -1.8750000000000000e+00  -7.5000000000000000e+00   0.0000000000000000e+00 #xyz tv2
          -9.3750000000000000e-01  -7.5000000000000000e+00   0.0000000000000000e+00 -1 6 #xyz tv3 fid bid
          -9.3750000000000000e-01  -7.5000000000000000e+00   1.9050000000000000e-01 #xyz tv0
          -1.8750000000000000e+00  -7.5000000000000000e+00   0.0000000000000000e+00 #xyz tv1
          -9.3750000000000000e-01  -6.5625000000000000e+00   0.0000000000000000e+00 #xyz tv2
          -1.0005829245758744e+00  -6.6798991836245678e+00   3.9166168210127073e-01 -1 6 #xyz tv3 fid bid
          -2.0420976912356519e+00  -6.5529524779322408e+00  -2.0373511646141487e+00 #xyz tv0
          -9.3750000000000000e-01  -7.5000000000000000e+00   0.0000000000000000e+00 #xyz tv1
          -1.8750000000000000e+00  -7.5000000000000000e+00   0.0000000000000000e+00 #xyz tv2
          -9.3750000000000000e-01  -6.5625000000000000e+00   0.0000000000000000e+00 -1 6 #xyz tv3 fid bid
          -1.8750000000000000e+00  -6.5625000000000000e+00   0.0000000000000000e+00 #xyz tv0
          -1.0005829245758744e+00  -6.6798991836245678e+00   3.9166168210127073e-01 #xyz tv1
          -9.3750000000000000e-01  -6.5625000000000000e+00   0.0000000000000000e+00 #xyz tv2
          -1.8750000000000000e+00  -7.5000000000000000e+00   0.0000000000000000e+00 -1 6 #xyz tv3 fid bid
          -1.8750000000000000e+00  -6.5625000000000000e+00   0.0000000000000000e+00 #xyz tv0
          -9.3750000000000000e-01  -6.5625000000000000e+00   0.0000000000000000e+00 #xyz tv1
          -2.0420976912356519e+00  -6.5529524779322408e+00  -2.0373511646141487e+00 #xyz tv2
          -1.8750000000000000e+00  -7.5000000000000000e+00   0.0000000000000000e+00 -1 6 #xyz tv3 fid bid
          -9.3750000000000000e-01  -7.5000000000000000e+00   0.0000000000000000e+00 #xyz tv0
          -1.8750000000000000e+00  -7.5000000000000000e+00   0.0000000000000000e+00 #xyz tv1
          -9.3750000000000000e-01  -6.5625000000000000e+00   0.0000000000000000e+00 8 -1 #xyz tv2 fid bid
          -9.3750000000000000e-01  -7.5000000000000000e+00   0.0000000000000000e+00 #xyz tv0
          -1.8750000000000000e+00  -7.5000000000000000e+00   0.0000000000000000e+00 #xyz tv1
          -9.3750000000000000e-01  -6.5625000000000000e+00   0.0000000000000000e+00 76 -1 #xyz tv2 fid bid
          -9.3750000000000000e-01  -7.5000000000000000e+00   0.0000000000000000e+00 #xyz tv0
          -1.8750000000000000e+00  -7.5000000000000000e+00   0.0000000000000000e+00 #xyz tv1
          -9.3750000000000000e-01  -6.5625000000000000e+00   0.0000000000000000e+00 112 -1 #xyz tv2 fid bid
          -1.8750000000000000e+00  -7.5000000000000000e+00   0.0000000000000000e+00 #xyz tv0
          -1.8750000000000000e+00  -6.5625000000000000e+00   0.0000000000000000e+00 #xyz tv1
          -9.3750000000000000e-01  -6.5625000000000000e+00   0.0000000000000000e+00 8 -1 #xyz tv2 fid bid
          -1.8750000000000000e+00  -7.5000000000000000e+00   0.0000000000000000e+00 #xyz tv0
          -1.8750000000000000e+00  -6.5625000000000000e+00   0.0000000000000000e+00 #xyz tv1
          -9.3750000000000000e-01  -6.5625000000000000e+00   0.0000000000000000e+00 76 -1 #xyz tv2 fid bid
          -1.8750000000000000e+00  -7.5000000000000000e+00   0.0000000000000000e+00 #xyz tv0
          -1.8750000000000000e+00  -6.5625000000000000e+00   0.0000000000000000e+00 #xyz tv1
          -9.3750000000000000e-01  -6.5625000000000000e+00   0.0000000000000000e+00 112 -1 #xyz tv2 fid bid
          -1.8750000000000000e+00  -7.5000000000000000e+00   0.0000000000000000e+00 #xyz ev0
          -9.3750000000000000e-01  -6.5625000000000000e+00   0.0000000000000000e+00 -1 6 #xyz ev1 fid bid
   0   0.000000000000e+00   0.000000000000e+00   0.000000000000e+00 #flag location
END_ERR 
G3dErrFileVersion 2025R1
FlagFileMetaData Begin
   Mesh Size - Setup1, Refinement, Pass #3, Freq. 1.000000e+10 :Title    
   Listing of mesh elements with poor quality. :ToolTip  
   hf3d :Author   
   1779613487 :TimeStamp
   mm :UnitName 
   1.0000000000000000e-03 :UnitConv
FlagFileMetaData End
BEGIN_ERR 
26 Small mesh segment detected on body : Substrate
 Small mesh segment detected on body : Substrate 
 Segment Statistics - Number of Segments : 1 --- Segment length(s) : 0.937500mm. The cutoff frequency for S-Matrix Only Solve is 18.142850278383MHz 
4 -1  8  76  112  # nfids, fids[]
2 6  -1  # nbids, bids[]
      4 6 1 0 #ntets ntri ned npts
          -9.3750000000000000e-01  -7.5000000000000000e+00   1.9050000000000000e-01 #xyz tv0
          -9.3750000000000000e-01  -6.5625000000000000e+00   0.0000000000000000e+00 #xyz tv1
          -1.8750000000000000e+00  -7.5000000000000000e+00   0.0000000000000000e+00 #xyz tv2
          -9.3750000000000000e-01  -7.5000000000000000e+00   0.0000000000000000e+00 -1 6 #xyz tv3 fid bid
          -2.0420976912356519e+00  -6.5529524779322408e+00  -2.0373511646141487e+00 #xyz tv0
          -9.3750000000000000e-01  -7.5000000000000000e+00   0.0000000000000000e+00 #xyz tv1
          -1.8750000000000000e+00  -7.5000000000000000e+00   0.0000000000000000e+00 #xyz tv2
          -9.3750000000000000e-01  -6.5625000000000000e+00   0.0000000000000000e+00 -1 6 #xyz tv3 fid bid
          -9.3750000000000000e-01  -7.5000000000000000e+00   1.9050000000000000e-01 #xyz tv0
           0.0000000000000000e+00  -7.5000000000000000e+00   0.0000000000000000e+00 #xyz tv1
          -9.3750000000000000e-01  -6.5625000000000000e+00   0.0000000000000000e+00 #xyz tv2
          -9.3750000000000000e-01  -7.5000000000000000e+00   0.0000000000000000e+00 -1 6 #xyz tv3 fid bid
          -2.0420976912356519e+00  -6.5529524779322408e+00  -2.0373511646141487e+00 #xyz tv0
           0.0000000000000000e+00  -7.5000000000000000e+00   0.0000000000000000e+00 #xyz tv1
          -9.3750000000000000e-01  -7.5000000000000000e+00   0.0000000000000000e+00 #xyz tv2
          -9.3750000000000000e-01  -6.5625000000000000e+00   0.0000000000000000e+00 -1 6 #xyz tv3 fid bid
           0.0000000000000000e+00  -7.5000000000000000e+00   0.0000000000000000e+00 #xyz tv0
          -9.3750000000000000e-01  -7.5000000000000000e+00   0.0000000000000000e+00 #xyz tv1
          -9.3750000000000000e-01  -6.5625000000000000e+00   0.0000000000000000e+00 8 -1 #xyz tv2 fid bid
           0.0000000000000000e+00  -7.5000000000000000e+00   0.0000000000000000e+00 #xyz tv0
          -9.3750000000000000e-01  -7.5000000000000000e+00   0.0000000000000000e+00 #xyz tv1
          -9.3750000000000000e-01  -6.5625000000000000e+00   0.0000000000000000e+00 76 -1 #xyz tv2 fid bid
           0.0000000000000000e+00  -7.5000000000000000e+00   0.0000000000000000e+00 #xyz tv0
          -9.3750000000000000e-01  -7.5000000000000000e+00   0.0000000000000000e+00 #xyz tv1
          -9.3750000000000000e-01  -6.5625000000000000e+00   0.0000000000000000e+00 112 -1 #xyz tv2 fid bid
          -9.3750000000000000e-01  -7.5000000000000000e+00   0.0000000000000000e+00 #xyz tv0
          -1.8750000000000000e+00  -7.5000000000000000e+00   0.0000000000000000e+00 #xyz tv1
          -9.3750000000000000e-01  -6.5625000000000000e+00   0.0000000000000000e+00 8 -1 #xyz tv2 fid bid
          -9.3750000000000000e-01  -7.5000000000000000e+00   0.0000000000000000e+00 #xyz tv0
          -1.8750000000000000e+00  -7.5000000000000000e+00   0.0000000000000000e+00 #xyz tv1
          -9.3750000000000000e-01  -6.5625000000000000e+00   0.0000000000000000e+00 76 -1 #xyz tv2 fid bid
          -9.3750000000000000e-01  -7.5000000000000000e+00   0.0000000000000000e+00 #xyz tv0
          -1.8750000000000000e+00  -7.5000000000000000e+00   0.0000000000000000e+00 #xyz tv1
          -9.3750000000000000e-01  -6.5625000000000000e+00   0.0000000000000000e+00 112 -1 #xyz tv2 fid bid
          -9.3750000000000000e-01  -7.5000000000000000e+00   0.0000000000000000e+00 #xyz ev0
          -9.3750000000000000e-01  -6.5625000000000000e+00   0.0000000000000000e+00 -1 6 #xyz ev1 fid bid
   0   0.000000000000e+00   0.000000000000e+00   0.000000000000e+00 #flag location
END_ERR 
BEGIN_ERR 
26 Small mesh segment detected on body : Substrate
 Small mesh segment detected on body : Substrate 
 Segment Statistics - Number of Segments : 1 --- Segment length(s) : 1.325825mm. The cutoff frequency for S-Matrix Only Solve is 18.142850278383MHz 
4 -1  8  76  112  # nfids, fids[]
2 6  -1  # nbids, bids[]
      5 6 1 0 #ntets ntri ned npts
          -9.3750000000000000e-01  -7.5000000000000000e+00   1.9050000000000000e-01 #xyz tv0
          -9.3750000000000000e-01  -6.5625000000000000e+00   0.0000000000000000e+00 #xyz tv1
          -1.8750000000000000e+00  -7.5000000000000000e+00   0.0000000000000000e+00 #xyz tv2
          -9.3750000000000000e-01  -7.5000000000000000e+00   0.0000000000000000e+00 -1 6 #xyz tv3 fid bid
          -9.3750000000000000e-01  -7.5000000000000000e+00   1.9050000000000000e-01 #xyz tv0
          -1.8750000000000000e+00  -7.5000000000000000e+00   0.0000000000000000e+00 #xyz tv1
          -9.3750000000000000e-01  -6.5625000000000000e+00   0.0000000000000000e+00 #xyz tv2
          -1.0005829245758744e+00  -6.6798991836245678e+00   3.9166168210127073e-01 -1 6 #xyz tv3 fid bid
          -2.0420976912356519e+00  -6.5529524779322408e+00  -2.0373511646141487e+00 #xyz tv0
          -9.3750000000000000e-01  -7.5000000000000000e+00   0.0000000000000000e+00 #xyz tv1
          -1.8750000000000000e+00  -7.5000000000000000e+00   0.0000000000000000e+00 #xyz tv2
          -9.3750000000000000e-01  -6.5625000000000000e+00   0.0000000000000000e+00 -1 6 #xyz tv3 fid bid
          -1.8750000000000000e+00  -6.5625000000000000e+00   0.0000000000000000e+00 #xyz tv0
          -1.0005829245758744e+00  -6.6798991836245678e+00   3.9166168210127073e-01 #xyz tv1
          -9.3750000000000000e-01  -6.5625000000000000e+00   0.0000000000000000e+00 #xyz tv2
          -1.8750000000000000e+00  -7.5000000000000000e+00   0.0000000000000000e+00 -1 6 #xyz tv3 fid bid
          -1.8750000000000000e+00  -6.5625000000000000e+00   0.0000000000000000e+00 #xyz tv0
          -9.3750000000000000e-01  -6.5625000000000000e+00   0.0000000000000000e+00 #xyz tv1
          -2.0420976912356519e+00  -6.5529524779322408e+00  -2.0373511646141487e+00 #xyz tv2
          -1.8750000000000000e+00  -7.5000000000000000e+00   0.0000000000000000e+00 -1 6 #xyz tv3 fid bid
          -9.3750000000000000e-01  -7.5000000000000000e+00   0.0000000000000000e+00 #xyz tv0
          -1.8750000000000000e+00  -7.5000000000000000e+00   0.0000000000000000e+00 #xyz tv1
          -9.3750000000000000e-01  -6.5625000000000000e+00   0.0000000000000000e+00 8 -1 #xyz tv2 fid bid
          -9.3750000000000000e-01  -7.5000000000000000e+00   0.0000000000000000e+00 #xyz tv0
          -1.8750000000000000e+00  -7.5000000000000000e+00   0.0000000000000000e+00 #xyz tv1
          -9.3750000000000000e-01  -6.5625000000000000e+00   0.0000000000000000e+00 76 -1 #xyz tv2 fid bid
          -9.3750000000000000e-01  -7.5000000000000000e+00   0.0000000000000000e+00 #xyz tv0
          -1.8750000000000000e+00  -7.5000000000000000e+00   0.0000000000000000e+00 #xyz tv1
          -9.3750000000000000e-01  -6.5625000000000000e+00   0.0000000000000000e+00 112 -1 #xyz tv2 fid bid
          -1.8750000000000000e+00  -7.5000000000000000e+00   0.0000000000000000e+00 #xyz tv0
          -1.8750000000000000e+00  -6.5625000000000000e+00   0.0000000000000000e+00 #xyz tv1
          -9.3750000000000000e-01  -6.5625000000000000e+00   0.0000000000000000e+00 8 -1 #xyz tv2 fid bid
          -1.8750000000000000e+00  -7.5000000000000000e+00   0.0000000000000000e+00 #xyz tv0
          -1.8750000000000000e+00  -6.5625000000000000e+00   0.0000000000000000e+00 #xyz tv1
          -9.3750000000000000e-01  -6.5625000000000000e+00   0.0000000000000000e+00 76 -1 #xyz tv2 fid bid
          -1.8750000000000000e+00  -7.5000000000000000e+00   0.0000000000000000e+00 #xyz tv0
          -1.8750000000000000e+00  -6.5625000000000000e+00   0.0000000000000000e+00 #xyz tv1
          -9.3750000000000000e-01  -6.5625000000000000e+00   0.0000000000000000e+00 112 -1 #xyz tv2 fid bid
          -1.8750000000000000e+00  -7.5000000000000000e+00   0.0000000000000000e+00 #xyz ev0
          -9.3750000000000000e-01  -6.5625000000000000e+00   0.0000000000000000e+00 -1 6 #xyz ev1 fid bid
   0   0.000000000000e+00   0.000000000000e+00   0.000000000000e+00 #flag location
END_ERR 
BEGIN_ERR 
26 Small mesh segment detected on body : Substrate
 Small mesh segment detected on body : Substrate 
 Segment Statistics - Number of Segments : 1 --- Segment length(s) : 0.937500mm. The cutoff frequency for S-Matrix Only Solve is 18.142850278383MHz 
4 -1  8  76  112  # nfids, fids[]
2 6  -1  # nbids, bids[]
      6 6 1 0 #ntets ntri ned npts
           7.0558896298225573e+00   3.3170020129291986e+00   2.8319451520701311e-01 #xyz tv0
           7.5000000000000000e+00   3.7500000000000000e+00   0.0000000000000000e+00 #xyz tv1
           7.0312500000000000e+00   4.2187500000000000e+00   1.9050000000000000e-01 #xyz tv2
           6.5625000000000000e+00   3.7500000000000000e+00   0.0000000000000000e+00 -1 6 #xyz tv3 fid bid
           7.0312500000000000e+00   4.2187500000000000e+00   1.9050000000000000e-01 #xyz tv0
           6.5625000000000000e+00   3.7500000000000000e+00   0.0000000000000000e+00 #xyz tv1
           7.5000000000000000e+00   3.7500000000000000e+00   0.0000000000000000e+00 #xyz tv2
           6.5625000000000000e+00   4.6875000000000000e+00   0.0000000000000000e+00 -1 6 #xyz tv3 fid bid
           7.0558896298225573e+00   3.3170020129291986e+00   2.8319451520701311e-01 #xyz tv0
           7.5000000000000000e+00   3.7500000000000000e+00   0.0000000000000000e+00 #xyz tv1
           6.5625000000000000e+00   3.7500000000000000e+00   0.0000000000000000e+00 #xyz tv2
           6.5625000000000000e+00   2.8125000000000000e+00   0.0000000000000000e+00 -1 6 #xyz tv3 fid bid
           6.5625000000000000e+00   3.7500000000000000e+00   0.0000000000000000e+00 #xyz tv0
           8.2500000000000000e+00   4.6311560205212627e+00  -1.3012504165009171e+00 #xyz tv1
           7.5000000000000000e+00   3.7500000000000000e+00   0.0000000000000000e+00 #xyz tv2
           6.5625000000000000e+00   4.6875000000000000e+00   0.0000000000000000e+00 -1 6 #xyz tv3 fid bid
           6.5625000000000000e+00   3.7500000000000000e+00   0.0000000000000000e+00 #xyz tv0
           7.5000000000000000e+00   3.7500000000000000e+00   0.0000000000000000e+00 #xyz tv1
           8.2500000000000000e+00   4.6311560205212627e+00  -1.3012504165009171e+00 #xyz tv2
           7.1406250000000000e+00   1.9898170954654419e+00  -2.2786359297653664e+00 -1 6 #xyz tv3 fid bid
           6.5625000000000000e+00   3.7500000000000000e+00   0.0000000000000000e+00 #xyz tv0
           7.1406250000000000e+00   1.9898170954654419e+00  -2.2786359297653664e+00 #xyz tv1
           6.5625000000000000e+00   2.8125000000000000e+00   0.0000000000000000e+00 #xyz tv2
           7.5000000000000000e+00   3.7500000000000000e+00   0.0000000000000000e+00 -1 6 #xyz tv3 fid bid
           7.5000000000000000e+00   3.7500000000000000e+00   0.0000000000000000e+00 #xyz tv0
           6.5625000000000000e+00   3.7500000000000000e+00   0.0000000000000000e+00 #xyz tv1
           6.5625000000000000e+00   4.6875000000000000e+00   0.0000000000000000e+00 8 -1 #xyz tv2 fid bid
           7.5000000000000000e+00   3.7500000000000000e+00   0.0000000000000000e+00 #xyz tv0
           6.5625000000000000e+00   3.7500000000000000e+00   0.0000000000000000e+00 #xyz tv1
           6.5625000000000000e+00   4.6875000000000000e+00   0.0000000000000000e+00 76 -1 #xyz tv2 fid bid
           7.5000000000000000e+00   3.7500000000000000e+00   0.0000000000000000e+00 #xyz tv0
           6.5625000000000000e+00   3.7500000000000000e+00   0.0000000000000000e+00 #xyz tv1
           6.5625000000000000e+00   4.6875000000000000e+00   0.0000000000000000e+00 112 -1 #xyz tv2 fid bid
           6.5625000000000000e+00   3.7500000000000000e+00   0.0000000000000000e+00 #xyz tv0
           7.5000000000000000e+00   3.7500000000000000e+00   0.0000000000000000e+00 #xyz tv1
           6.5625000000000000e+00   2.8125000000000000e+00   0.0000000000000000e+00 8 -1 #xyz tv2 fid bid
           6.5625000000000000e+00   3.7500000000000000e+00   0.0000000000000000e+00 #xyz tv0
           7.5000000000000000e+00   3.7500000000000000e+00   0.0000000000000000e+00 #xyz tv1
           6.5625000000000000e+00   2.8125000000000000e+00   0.0000000000000000e+00 76 -1 #xyz tv2 fid bid
           6.5625000000000000e+00   3.7500000000000000e+00   0.0000000000000000e+00 #xyz tv0
           7.5000000000000000e+00   3.7500000000000000e+00   0.0000000000000000e+00 #xyz tv1
           6.5625000000000000e+00   2.8125000000000000e+00   0.0000000000000000e+00 112 -1 #xyz tv2 fid bid
           7.5000000000000000e+00   3.7500000000000000e+00   0.0000000000000000e+00 #xyz ev0
           6.5625000000000000e+00   3.7500000000000000e+00   0.0000000000000000e+00 -1 6 #xyz ev1 fid bid
   0   0.000000000000e+00   0.000000000000e+00   0.000000000000e+00 #flag location
END_ERR 
