G3dErrFileVersion 2025R1
FlagFileMetaData Begin
   Mesh Size - Setup1, Refinement, Pass #1, Freq. 1.100000e+10 :Title    
   Listing of mesh elements with poor quality. :ToolTip  
   hf3d :Author   
   1779015782 :TimeStamp
   mm :UnitName 
   1.0000000000000000e-03 :UnitConv
FlagFileMetaData End
BEGIN_ERR 
26 Small mesh segment detected on body : Substrate
 Small mesh segment detected on body : Substrate 
 Segment Statistics - Number of Segments : 1 --- Segment length(s) : 0.625000mm. The cutoff frequency for S-Matrix Only Solve is 19.7192960599882MHz 
4 -1  8  76  112  # nfids, fids[]
2 6  -1  # nbids, bids[]
      5 6 1 0 #ntets ntri ned npts
          -4.3750000000000000e+00   5.0000000000000000e+00   1.2687500000000004e-02 #xyz tv0
          -4.3750000000000000e+00   4.3750000000000000e+00   0.0000000000000000e+00 #xyz tv1
          -3.7500000000000000e+00   5.0000000000000000e+00   0.0000000000000000e+00 #xyz tv2
          -4.3750000000000000e+00   5.0000000000000000e+00   0.0000000000000000e+00 -1 6 #xyz tv3 fid bid
          -2.8244252722964909e+00   5.5000000000000000e+00  -6.2766586625381759e-01 #xyz tv0
          -4.3750000000000000e+00   4.3750000000000000e+00   0.0000000000000000e+00 #xyz tv1
          -4.3750000000000000e+00   5.0000000000000000e+00   0.0000000000000000e+00 #xyz tv2
          -3.7500000000000000e+00   5.0000000000000000e+00   0.0000000000000000e+00 -1 6 #xyz tv3 fid bid
          -4.3750000000000000e+00   5.0000000000000000e+00   1.2687500000000004e-02 #xyz tv0
          -4.3750000000000000e+00   4.3750000000000000e+00   0.0000000000000000e+00 #xyz tv1
          -4.3750000000000000e+00   5.0000000000000000e+00   0.0000000000000000e+00 #xyz tv2
          -5.0000000000000000e+00   5.0000000000000000e+00   0.0000000000000000e+00 -1 6 #xyz tv3 fid bid
          -2.8244252722964909e+00   5.5000000000000000e+00  -6.2766586625381759e-01 #xyz tv0
          -4.3750000000000000e+00   5.0000000000000000e+00   0.0000000000000000e+00 #xyz tv1
          -4.3750000000000000e+00   4.3750000000000000e+00   0.0000000000000000e+00 #xyz tv2
          -2.7500000000000000e+00   5.5000000000000000e+00  -3.0979547119140625e+00 -1 6 #xyz tv3 fid bid
          -4.3750000000000000e+00   5.0000000000000000e+00   0.0000000000000000e+00 #xyz tv0
          -4.3750000000000000e+00   4.3750000000000000e+00   0.0000000000000000e+00 #xyz tv1
          -2.7500000000000000e+00   5.5000000000000000e+00  -3.0979547119140625e+00 #xyz tv2
          -5.0000000000000000e+00   5.0000000000000000e+00   0.0000000000000000e+00 -1 6 #xyz tv3 fid bid
          -5.0000000000000000e+00   5.0000000000000000e+00   0.0000000000000000e+00 #xyz tv0
          -4.3750000000000000e+00   5.0000000000000000e+00   0.0000000000000000e+00 #xyz tv1
          -4.3750000000000000e+00   4.3750000000000000e+00   0.0000000000000000e+00 8 -1 #xyz tv2 fid bid
          -5.0000000000000000e+00   5.0000000000000000e+00   0.0000000000000000e+00 #xyz tv0
          -4.3750000000000000e+00   5.0000000000000000e+00   0.0000000000000000e+00 #xyz tv1
          -4.3750000000000000e+00   4.3750000000000000e+00   0.0000000000000000e+00 76 -1 #xyz tv2 fid bid
          -5.0000000000000000e+00   5.0000000000000000e+00   0.0000000000000000e+00 #xyz tv0
          -4.3750000000000000e+00   5.0000000000000000e+00   0.0000000000000000e+00 #xyz tv1
          -4.3750000000000000e+00   4.3750000000000000e+00   0.0000000000000000e+00 112 -1 #xyz tv2 fid bid
          -4.3750000000000000e+00   5.0000000000000000e+00   0.0000000000000000e+00 #xyz tv0
          -3.7500000000000000e+00   5.0000000000000000e+00   0.0000000000000000e+00 #xyz tv1
          -4.3750000000000000e+00   4.3750000000000000e+00   0.0000000000000000e+00 8 -1 #xyz tv2 fid bid
          -4.3750000000000000e+00   5.0000000000000000e+00   0.0000000000000000e+00 #xyz tv0
          -3.7500000000000000e+00   5.0000000000000000e+00   0.0000000000000000e+00 #xyz tv1
          -4.3750000000000000e+00   4.3750000000000000e+00   0.0000000000000000e+00 76 -1 #xyz tv2 fid bid
          -4.3750000000000000e+00   5.0000000000000000e+00   0.0000000000000000e+00 #xyz tv0
          -3.7500000000000000e+00   5.0000000000000000e+00   0.0000000000000000e+00 #xyz tv1
          -4.3750000000000000e+00   4.3750000000000000e+00   0.0000000000000000e+00 112 -1 #xyz tv2 fid bid
          -4.3750000000000000e+00   5.0000000000000000e+00   0.0000000000000000e+00 #xyz ev0
          -4.3750000000000000e+00   4.3750000000000000e+00   0.0000000000000000e+00 -1 6 #xyz ev1 fid bid
   0   0.000000000000e+00   0.000000000000e+00   0.000000000000e+00 #flag location
END_ERR 
G3dErrFileVersion 2025R1
FlagFileMetaData Begin
   Mesh Size - Setup1, Refinement, Pass #2, Freq. 1.100000e+10 :Title    
   Listing of mesh elements with poor quality. :ToolTip  
   hf3d :Author   
   1779015787 :TimeStamp
   mm :UnitName 
   1.0000000000000000e-03 :UnitConv
FlagFileMetaData End
BEGIN_ERR 
26 Small mesh segment detected on body : Substrate
 Small mesh segment detected on body : Substrate 
 Segment Statistics - Number of Segments : 1 --- Segment length(s) : 0.625000mm. The cutoff frequency for S-Matrix Only Solve is 19.7192960599882MHz 
4 -1  8  76  112  # nfids, fids[]
2 6  -1  # nbids, bids[]
      5 6 1 0 #ntets ntri ned npts
          -4.3750000000000000e+00   5.0000000000000000e+00   1.2687500000000004e-02 #xyz tv0
          -4.3750000000000000e+00   4.3750000000000000e+00   0.0000000000000000e+00 #xyz tv1
          -3.7500000000000000e+00   5.0000000000000000e+00   0.0000000000000000e+00 #xyz tv2
          -4.3750000000000000e+00   5.0000000000000000e+00   0.0000000000000000e+00 -1 6 #xyz tv3 fid bid
          -2.8637723774185027e+00   5.5000000000000000e+00  -6.2804788318339688e-01 #xyz tv0
          -4.3750000000000000e+00   4.3750000000000000e+00   0.0000000000000000e+00 #xyz tv1
          -4.3750000000000000e+00   5.0000000000000000e+00   0.0000000000000000e+00 #xyz tv2
          -3.7500000000000000e+00   5.0000000000000000e+00   0.0000000000000000e+00 -1 6 #xyz tv3 fid bid
          -4.3750000000000000e+00   5.0000000000000000e+00   1.2687500000000004e-02 #xyz tv0
          -4.3750000000000000e+00   4.3750000000000000e+00   0.0000000000000000e+00 #xyz tv1
          -4.3750000000000000e+00   5.0000000000000000e+00   0.0000000000000000e+00 #xyz tv2
          -5.0000000000000000e+00   5.0000000000000000e+00   0.0000000000000000e+00 -1 6 #xyz tv3 fid bid
          -2.8637723774185027e+00   5.5000000000000000e+00  -6.2804788318339688e-01 #xyz tv0
          -4.3750000000000000e+00   5.0000000000000000e+00   0.0000000000000000e+00 #xyz tv1
          -4.3750000000000000e+00   4.3750000000000000e+00   0.0000000000000000e+00 #xyz tv2
          -2.7500000000000000e+00   5.5000000000000000e+00  -3.0979547119140625e+00 -1 6 #xyz tv3 fid bid
          -4.3750000000000000e+00   5.0000000000000000e+00   0.0000000000000000e+00 #xyz tv0
          -4.3750000000000000e+00   4.3750000000000000e+00   0.0000000000000000e+00 #xyz tv1
          -2.7500000000000000e+00   5.5000000000000000e+00  -3.0979547119140625e+00 #xyz tv2
          -5.0000000000000000e+00   5.0000000000000000e+00   0.0000000000000000e+00 -1 6 #xyz tv3 fid bid
          -5.0000000000000000e+00   5.0000000000000000e+00   0.0000000000000000e+00 #xyz tv0
          -4.3750000000000000e+00   5.0000000000000000e+00   0.0000000000000000e+00 #xyz tv1
          -4.3750000000000000e+00   4.3750000000000000e+00   0.0000000000000000e+00 8 -1 #xyz tv2 fid bid
          -5.0000000000000000e+00   5.0000000000000000e+00   0.0000000000000000e+00 #xyz tv0
          -4.3750000000000000e+00   5.0000000000000000e+00   0.0000000000000000e+00 #xyz tv1
          -4.3750000000000000e+00   4.3750000000000000e+00   0.0000000000000000e+00 76 -1 #xyz tv2 fid bid
          -5.0000000000000000e+00   5.0000000000000000e+00   0.0000000000000000e+00 #xyz tv0
          -4.3750000000000000e+00   5.0000000000000000e+00   0.0000000000000000e+00 #xyz tv1
          -4.3750000000000000e+00   4.3750000000000000e+00   0.0000000000000000e+00 112 -1 #xyz tv2 fid bid
          -4.3750000000000000e+00   5.0000000000000000e+00   0.0000000000000000e+00 #xyz tv0
          -3.7500000000000000e+00   5.0000000000000000e+00   0.0000000000000000e+00 #xyz tv1
          -4.3750000000000000e+00   4.3750000000000000e+00   0.0000000000000000e+00 8 -1 #xyz tv2 fid bid
          -4.3750000000000000e+00   5.0000000000000000e+00   0.0000000000000000e+00 #xyz tv0
          -3.7500000000000000e+00   5.0000000000000000e+00   0.0000000000000000e+00 #xyz tv1
          -4.3750000000000000e+00   4.3750000000000000e+00   0.0000000000000000e+00 76 -1 #xyz tv2 fid bid
          -4.3750000000000000e+00   5.0000000000000000e+00   0.0000000000000000e+00 #xyz tv0
          -3.7500000000000000e+00   5.0000000000000000e+00   0.0000000000000000e+00 #xyz tv1
          -4.3750000000000000e+00   4.3750000000000000e+00   0.0000000000000000e+00 112 -1 #xyz tv2 fid bid
          -4.3750000000000000e+00   5.0000000000000000e+00   0.0000000000000000e+00 #xyz ev0
          -4.3750000000000000e+00   4.3750000000000000e+00   0.0000000000000000e+00 -1 6 #xyz ev1 fid bid
   0   0.000000000000e+00   0.000000000000e+00   0.000000000000e+00 #flag location
END_ERR 
G3dErrFileVersion 2025R1
FlagFileMetaData Begin
   Mesh Size - Setup1, Refinement, Pass #3, Freq. 1.100000e+10 :Title    
   Listing of mesh elements with poor quality. :ToolTip  
   hf3d :Author   
   1779015792 :TimeStamp
   mm :UnitName 
   1.0000000000000000e-03 :UnitConv
FlagFileMetaData End
BEGIN_ERR 
26 Small mesh segment detected on body : Substrate
 Small mesh segment detected on body : Substrate 
 Segment Statistics - Number of Segments : 1 --- Segment length(s) : 0.625000mm. The cutoff frequency for S-Matrix Only Solve is 19.7192960599882MHz 
4 -1  8  76  112  # nfids, fids[]
2 6  -1  # nbids, bids[]
      5 6 1 0 #ntets ntri ned npts
          -4.3750000000000000e+00   5.0000000000000000e+00   1.2687500000000004e-02 #xyz tv0
          -4.3750000000000000e+00   4.3750000000000000e+00   0.0000000000000000e+00 #xyz tv1
          -3.7500000000000000e+00   5.0000000000000000e+00   0.0000000000000000e+00 #xyz tv2
          -4.3750000000000000e+00   5.0000000000000000e+00   0.0000000000000000e+00 -1 6 #xyz tv3 fid bid
          -2.8637723774185027e+00   5.5000000000000000e+00  -6.2804788318339688e-01 #xyz tv0
          -4.3750000000000000e+00   4.3750000000000000e+00   0.0000000000000000e+00 #xyz tv1
          -4.3750000000000000e+00   5.0000000000000000e+00   0.0000000000000000e+00 #xyz tv2
          -3.7500000000000000e+00   5.0000000000000000e+00   0.0000000000000000e+00 -1 6 #xyz tv3 fid bid
          -4.3750000000000000e+00   5.0000000000000000e+00   1.2687500000000004e-02 #xyz tv0
          -4.3750000000000000e+00   4.3750000000000000e+00   0.0000000000000000e+00 #xyz tv1
          -4.3750000000000000e+00   5.0000000000000000e+00   0.0000000000000000e+00 #xyz tv2
          -5.0000000000000000e+00   5.0000000000000000e+00   0.0000000000000000e+00 -1 6 #xyz tv3 fid bid
          -2.8637723774185027e+00   5.5000000000000000e+00  -6.2804788318339688e-01 #xyz tv0
          -4.3750000000000000e+00   5.0000000000000000e+00   0.0000000000000000e+00 #xyz tv1
          -4.3750000000000000e+00   4.3750000000000000e+00   0.0000000000000000e+00 #xyz tv2
          -2.7500000000000000e+00   5.5000000000000000e+00  -3.0979547119140625e+00 -1 6 #xyz tv3 fid bid
          -4.3750000000000000e+00   5.0000000000000000e+00   0.0000000000000000e+00 #xyz tv0
          -4.3750000000000000e+00   4.3750000000000000e+00   0.0000000000000000e+00 #xyz tv1
          -2.7500000000000000e+00   5.5000000000000000e+00  -3.0979547119140625e+00 #xyz tv2
          -5.0000000000000000e+00   5.0000000000000000e+00   0.0000000000000000e+00 -1 6 #xyz tv3 fid bid
          -5.0000000000000000e+00   5.0000000000000000e+00   0.0000000000000000e+00 #xyz tv0
          -4.3750000000000000e+00   5.0000000000000000e+00   0.0000000000000000e+00 #xyz tv1
          -4.3750000000000000e+00   4.3750000000000000e+00   0.0000000000000000e+00 8 -1 #xyz tv2 fid bid
          -5.0000000000000000e+00   5.0000000000000000e+00   0.0000000000000000e+00 #xyz tv0
          -4.3750000000000000e+00   5.0000000000000000e+00   0.0000000000000000e+00 #xyz tv1
          -4.3750000000000000e+00   4.3750000000000000e+00   0.0000000000000000e+00 76 -1 #xyz tv2 fid bid
          -5.0000000000000000e+00   5.0000000000000000e+00   0.0000000000000000e+00 #xyz tv0
          -4.3750000000000000e+00   5.0000000000000000e+00   0.0000000000000000e+00 #xyz tv1
          -4.3750000000000000e+00   4.3750000000000000e+00   0.0000000000000000e+00 112 -1 #xyz tv2 fid bid
          -4.3750000000000000e+00   5.0000000000000000e+00   0.0000000000000000e+00 #xyz tv0
          -3.7500000000000000e+00   5.0000000000000000e+00   0.0000000000000000e+00 #xyz tv1
          -4.3750000000000000e+00   4.3750000000000000e+00   0.0000000000000000e+00 8 -1 #xyz tv2 fid bid
          -4.3750000000000000e+00   5.0000000000000000e+00   0.0000000000000000e+00 #xyz tv0
          -3.7500000000000000e+00   5.0000000000000000e+00   0.0000000000000000e+00 #xyz tv1
          -4.3750000000000000e+00   4.3750000000000000e+00   0.0000000000000000e+00 76 -1 #xyz tv2 fid bid
          -4.3750000000000000e+00   5.0000000000000000e+00   0.0000000000000000e+00 #xyz tv0
          -3.7500000000000000e+00   5.0000000000000000e+00   0.0000000000000000e+00 #xyz tv1
          -4.3750000000000000e+00   4.3750000000000000e+00   0.0000000000000000e+00 112 -1 #xyz tv2 fid bid
          -4.3750000000000000e+00   5.0000000000000000e+00   0.0000000000000000e+00 #xyz ev0
          -4.3750000000000000e+00   4.3750000000000000e+00   0.0000000000000000e+00 -1 6 #xyz ev1 fid bid
   0   0.000000000000e+00   0.000000000000e+00   0.000000000000e+00 #flag location
END_ERR 
